nodes = range(self.m)
range(0, 8)
Graph with 8 nodes and 0 edges
3 307 8
L
[[1 1 1 ... 1 1 1]
 [2 1 2 ... 1 2 2]
 [1 1 1 ... 3 1 1]
 ...
 [1 1 2 ... 1 2 2]
 [1 1 2 ... 1 2 2]
 [1 1 3 ... 3 3 3]]
L_ind
[[1. 0. 0. ... 1. 0. 0.]
 [0. 1. 0. ... 0. 1. 0.]
 [1. 0. 0. ... 1. 0. 0.]
 ...
 [1. 0. 0. ... 0. 1. 0.]
 [1. 0. 0. ... 0. 1. 0.]
 [1. 0. 0. ... 0. 0. 1.]]
3 2780 8
L
[[2 1 1 ... 1 1 1]
 [1 1 1 ... 1 1 1]
 [1 1 1 ... 1 1 1]
 ...
 [1 1 3 ... 3 1 3]
 [1 1 1 ... 3 3 3]
 [2 1 2 ... 3 3 3]]
L_ind
[[0. 1. 0. ... 1. 0. 0.]
 [1. 0. 0. ... 1. 0. 0.]
 [1. 0. 0. ... 1. 0. 0.]
 ...
 [1. 0. 0. ... 0. 0. 1.]
 [1. 0. 0. ... 0. 0. 1.]
 [0. 1. 0. ... 0. 0. 1.]]
199 64.8
73 23.8
35 11.4
1799 64.7
659 23.7
322 11.6
(3087, 57) (3087,) (775, 57) (775,)

 SNO Accuracy: 0.610
[[1198  375  226]
 [ 329  247   83]
 [  44   28  250]]

 rate=10 and ii =1
Accuracy: 0.759
Macro Precision: 0.702
Macro Recall: 0.709
Macro F1-score: 0.690

[[430  34  36]
 [ 87  73  15]
 [ 13   2  85]]
              precision    recall  f1-score   support

           0       0.81      0.86      0.83       500
           1       0.67      0.42      0.51       175
           2       0.62      0.85      0.72       100

    accuracy                           0.76       775
   macro avg       0.70      0.71      0.69       775
weighted avg       0.76      0.76      0.75       775

199 64.8
73 23.8
35 11.4
1799 64.7
659 23.7
322 11.6
(3087, 57) (3087,) (775, 57) (775,)

semi-SelfTrain Label Accuracy: 0.716
[[1682   74   43]
 [ 506  130   23]
 [ 140    3  179]]
0.7161870503597122 [0.93496387 0.19726859 0.55590062]

 rate=10 and ii =1
Accuracy: 0.773
Macro Precision: 0.786
Macro Recall: 0.606
Macro F1-score: 0.644

[[509  12   5]
 [124  40   3]
 [ 29   3  50]]
              precision    recall  f1-score   support

         0.0       0.77      0.97      0.86       526
         1.0       0.73      0.24      0.36       167
         2.0       0.86      0.61      0.71        82

    accuracy                           0.77       775
   macro avg       0.79      0.61      0.64       775
weighted avg       0.77      0.77      0.73       775

199 64.8
73 23.8
35 11.4
1799 64.7
659 23.7
322 11.6
(3087, 57) (3087,) (775, 57) (775,)

semi-LabelSpread Label Accuracy: 0.666
[[1799    0    0]
 [ 611   48    0]
 [ 317    0    5]]
0.6661870503597123 [1.         0.07283763 0.01552795]

 rate=10 and ii =1
Accuracy: 0.725
Macro Precision: 0.906
Macro Recall: 0.375
Macro F1-score: 0.355

[[543   0   0]
 [142  18   0]
 [ 71   0   1]]
              precision    recall  f1-score   support

         0.0       0.72      1.00      0.84       543
         1.0       1.00      0.11      0.20       160
         2.0       1.00      0.01      0.03        72

    accuracy                           0.73       775
   macro avg       0.91      0.38      0.36       775
weighted avg       0.80      0.73      0.63       775

199 64.8
73 23.8
35 11.4
1799 64.7
659 23.7
322 11.6
(3087, 57) (3087,) (775, 57) (2780,) (2780,)

2 order Label Accuracy: 0.715
[[1631  128   40]
 [ 470  167   22]
 [ 112   20  190]]
0.7151079136690648 [0.90661479 0.25341426 0.59006211]

 rate=10 and ii =1
Accuracy: 0.788
Macro Precision: 0.814
Macro Recall: 0.644
Macro F1-score: 0.679

[[507  10   8]
 [117  46   3]
 [ 26   0  58]]
              precision    recall  f1-score   support

           0       0.78      0.97      0.86       525
           1       0.82      0.28      0.41       166
           2       0.84      0.69      0.76        84

    accuracy                           0.79       775
   macro avg       0.81      0.64      0.68       775
weighted avg       0.80      0.79      0.76       775

199 64.8
73 23.8
35 11.4
1799 64.7
659 23.7
322 11.6
(3087, 57) (3087,) (775, 57) (2780,) (2780,)

3 order Label Accuracy: 0.694
[[1657  111   31]
 [ 537  104   18]
 [ 135   19  168]]
0.693884892086331 [0.92106726 0.15781487 0.52173913]

 rate=10 and ii =1
Accuracy: 0.760
Macro Precision: 0.785
Macro Recall: 0.571
Macro F1-score: 0.603

[[512   8   7]
 [130  31   4]
 [ 37   0  46]]
              precision    recall  f1-score   support

           0       0.75      0.97      0.85       527
           1       0.79      0.19      0.30       165
           2       0.81      0.55      0.66        83

    accuracy                           0.76       775
   macro avg       0.79      0.57      0.60       775
weighted avg       0.77      0.76      0.71       775

199 64.8
73 23.8
35 11.4
1799 64.7
659 23.7
322 11.6
(3087, 57) (3087,) (775, 57) (2780,) (2780,)

4 order Label Accuracy: 0.731
[[1688   67   44]
 [ 471  152   36]
 [ 117   14  191]]
0.7305755395683453 [0.93829906 0.2306525  0.5931677 ]

 rate=10 and ii =1
Accuracy: 0.790
Macro Precision: 0.833
Macro Recall: 0.634
Macro F1-score: 0.668

[[513   5   9]
 [118  42   3]
 [ 28   0  57]]
              precision    recall  f1-score   support

           0       0.78      0.97      0.87       527
           1       0.89      0.26      0.40       163
           2       0.83      0.67      0.74        85

    accuracy                           0.79       775
   macro avg       0.83      0.63      0.67       775
weighted avg       0.81      0.79      0.75       775

Time(sec):  8.3452834
nodes = range(self.m)
range(0, 8)
Graph with 8 nodes and 0 edges
3 306 8
L
[[1 1 1 ... 1 1 1]
 [1 1 2 ... 1 2 2]
 [1 1 1 ... 1 1 1]
 ...
 [1 1 1 ... 1 1 1]
 [1 1 3 ... 3 3 3]
 [1 1 1 ... 1 1 1]]
L_ind
[[1. 0. 0. ... 1. 0. 0.]
 [1. 0. 0. ... 0. 1. 0.]
 [1. 0. 0. ... 1. 0. 0.]
 ...
 [1. 0. 0. ... 1. 0. 0.]
 [1. 0. 0. ... 0. 0. 1.]
 [1. 0. 0. ... 1. 0. 0.]]
3 2781 8
L
[[2 1 3 ... 1 1 1]
 [2 1 2 ... 1 1 3]
 [1 1 1 ... 1 1 2]
 ...
 [1 1 3 ... 1 3 3]
 [1 1 1 ... 1 3 3]
 [2 1 2 ... 1 3 3]]
L_ind
[[0. 1. 0. ... 1. 0. 0.]
 [0. 1. 0. ... 0. 0. 1.]
 [1. 0. 0. ... 0. 1. 0.]
 ...
 [1. 0. 0. ... 0. 0. 1.]
 [1. 0. 0. ... 0. 0. 1.]
 [0. 1. 0. ... 0. 0. 1.]]
199 65.0
73 23.9
34 11.1
1799 64.7
659 23.7
323 11.6
(3087, 57) (3087,) (775, 57) (775,)

 SNO Accuracy: 0.636
[[1263  376  160]
 [ 322  265   72]
 [  34   47  242]]

 rate=10 and ii =2
Accuracy: 0.743
Macro Precision: 0.678
Macro Recall: 0.705
Macro F1-score: 0.685

[[414  54  28]
 [ 85  82  16]
 [  9   7  80]]
              precision    recall  f1-score   support

           0       0.81      0.83      0.82       496
           1       0.57      0.45      0.50       183
           2       0.65      0.83      0.73        96

    accuracy                           0.74       775
   macro avg       0.68      0.71      0.69       775
weighted avg       0.74      0.74      0.74       775

199 65.0
73 23.9
34 11.1
1799 64.7
659 23.7
323 11.6
(3087, 57) (3087,) (775, 57) (775,)

semi-SelfTrain Label Accuracy: 0.716
[[1703   24   72]
 [ 567   59   33]
 [  86    8  229]]
0.7159295217547644 [0.94663702 0.08952959 0.70897833]

 rate=10 and ii =2
Accuracy: 0.772
Macro Precision: 0.785
Macro Recall: 0.619
Macro F1-score: 0.617

[[511   4  13]
 [133  21   6]
 [ 20   1  66]]
              precision    recall  f1-score   support

         0.0       0.77      0.97      0.86       528
         1.0       0.81      0.13      0.23       160
         2.0       0.78      0.76      0.77        87

    accuracy                           0.77       775
   macro avg       0.78      0.62      0.62       775
weighted avg       0.78      0.77      0.72       775

199 65.0
73 23.9
34 11.1
1799 64.7
659 23.7
323 11.6
(3087, 57) (3087,) (775, 57) (775,)

semi-LabelSpread Label Accuracy: 0.668
[[1799    0    0]
 [ 610   49    0]
 [ 313    0   10]]
0.6681049982020856 [1.         0.07435508 0.03095975]

 rate=10 and ii =2
Accuracy: 0.726
Macro Precision: 0.573
Macro Recall: 0.373
Macro F1-score: 0.350

[[544   0   0]
 [140  19   0]
 [ 72   0   0]]
              precision    recall  f1-score   support

         0.0       0.72      1.00      0.84       544
         1.0       1.00      0.12      0.21       159
         2.0       0.00      0.00      0.00        72

    accuracy                           0.73       775
   macro avg       0.57      0.37      0.35       775
weighted avg       0.71      0.73      0.63       775

199 65.0
73 23.9
34 11.1
1799 64.7
659 23.7
323 11.6
(3087, 57) (3087,) (775, 57) (2781,) (2781,)

2 order Label Accuracy: 0.707
[[1617  116   66]
 [ 497  124   38]
 [  70   28  225]]
0.7069399496583962 [0.89883268 0.18816388 0.69659443]

 rate=10 and ii =2
Accuracy: 0.769
Macro Precision: 0.722
Macro Recall: 0.633
Macro F1-score: 0.644

[[499  17   9]
 [124  34   7]
 [ 15   7  63]]
              precision    recall  f1-score   support

           0       0.78      0.95      0.86       525
           1       0.59      0.21      0.30       165
           2       0.80      0.74      0.77        85

    accuracy                           0.77       775
   macro avg       0.72      0.63      0.64       775
weighted avg       0.74      0.77      0.73       775

199 65.0
73 23.9
34 11.1
1799 64.7
659 23.7
323 11.6
(3087, 57) (3087,) (775, 57) (2781,) (2781,)

3 order Label Accuracy: 0.681
[[1594   45  160]
 [ 495   70   94]
 [  66   27  230]]
0.6810499820208558 [0.8860478  0.10622155 0.7120743 ]

 rate=10 and ii =2
Accuracy: 0.756
Macro Precision: 0.717
Macro Recall: 0.628
Macro F1-score: 0.612

[[490   7  26]
 [126  29  10]
 [ 16   4  67]]
              precision    recall  f1-score   support

           0       0.78      0.94      0.85       523
           1       0.72      0.18      0.28       165
           2       0.65      0.77      0.71        87

    accuracy                           0.76       775
   macro avg       0.72      0.63      0.61       775
weighted avg       0.75      0.76      0.71       775

199 65.0
73 23.9
34 11.1
1799 64.7
659 23.7
323 11.6
(3087, 57) (3087,) (775, 57) (2781,) (2781,)

4 order Label Accuracy: 0.726
[[1727   33   39]
 [ 550   86   23]
 [ 103   15  205]]
0.7256382596188421 [0.95997777 0.13050076 0.63467492]

 rate=10 and ii =2
Accuracy: 0.786
Macro Precision: 0.820
Macro Recall: 0.625
Macro F1-score: 0.641

[[523   3   7]
 [130  26   4]
 [ 20   2  60]]
              precision    recall  f1-score   support

           0       0.78      0.98      0.87       533
           1       0.84      0.16      0.27       160
           2       0.85      0.73      0.78        82

    accuracy                           0.79       775
   macro avg       0.82      0.63      0.64       775
weighted avg       0.80      0.79      0.74       775

Time(sec):  8.842016899999999
nodes = range(self.m)
range(0, 8)
Graph with 8 nodes and 0 edges
3 308 8
L
[[1 1 1 ... 1 1 1]
 [3 3 3 ... 3 3 3]
 [1 1 2 ... 1 2 2]
 ...
 [1 1 3 ... 1 3 3]
 [1 1 2 ... 1 2 2]
 [1 1 2 ... 1 2 2]]
L_ind
[[1. 0. 0. ... 1. 0. 0.]
 [0. 0. 1. ... 0. 0. 1.]
 [1. 0. 0. ... 0. 1. 0.]
 ...
 [1. 0. 0. ... 0. 0. 1.]
 [1. 0. 0. ... 0. 1. 0.]
 [1. 0. 0. ... 0. 1. 0.]]
3 2779 8
L
[[2 1 3 ... 1 1 1]
 [1 1 1 ... 1 1 1]
 [1 1 1 ... 3 1 1]
 ...
 [1 1 3 ... 3 3 3]
 [1 1 1 ... 3 3 3]
 [1 1 2 ... 3 3 3]]
L_ind
[[0. 1. 0. ... 1. 0. 0.]
 [1. 0. 0. ... 1. 0. 0.]
 [1. 0. 0. ... 1. 0. 0.]
 ...
 [1. 0. 0. ... 0. 0. 1.]
 [1. 0. 0. ... 0. 0. 1.]
 [1. 0. 0. ... 0. 0. 1.]]
200 64.9
73 23.7
35 11.4
1798 64.7
659 23.7
322 11.6
(3087, 57) (3087,) (775, 57) (775,)

 SNO Accuracy: 0.615
[[1202  421  175]
 [ 345  251   63]
 [  41   24  257]]

 rate=10 and ii =3
Accuracy: 0.746
Macro Precision: 0.679
Macro Recall: 0.705
Macro F1-score: 0.686

[[422  58  24]
 [ 86  75  15]
 [ 10   4  81]]
              precision    recall  f1-score   support

           0       0.81      0.84      0.83       504
           1       0.55      0.43      0.48       176
           2       0.68      0.85      0.75        95

    accuracy                           0.75       775
   macro avg       0.68      0.71      0.69       775
weighted avg       0.74      0.75      0.74       775

200 64.9
73 23.7
35 11.4
1798 64.7
659 23.7
322 11.6
(3087, 57) (3087,) (775, 57) (775,)

semi-SelfTrain Label Accuracy: 0.730
[[1701   30   67]
 [ 528   93   38]
 [  84    2  236]]
0.7304785894206549 [0.94605117 0.14112291 0.73291925]

 rate=10 and ii =3
Accuracy: 0.772
Macro Precision: 0.781
Macro Recall: 0.627
Macro F1-score: 0.621

[[509   5  15]
 [131  23   7]
 [ 19   0  66]]
              precision    recall  f1-score   support

         0.0       0.77      0.96      0.86       529
         1.0       0.82      0.14      0.24       161
         2.0       0.75      0.78      0.76        85

    accuracy                           0.77       775
   macro avg       0.78      0.63      0.62       775
weighted avg       0.78      0.77      0.72       775

200 64.9
73 23.7
35 11.4
1798 64.7
659 23.7
322 11.6
(3087, 57) (3087,) (775, 57) (775,)

semi-LabelSpread Label Accuracy: 0.669
[[1798    0    0]
 [ 603   56    0]
 [ 316    0    6]]
0.6693055055775459 [1.         0.08497724 0.01863354]

 rate=10 and ii =3
Accuracy: 0.724
Macro Precision: 0.906
Macro Recall: 0.375
Macro F1-score: 0.356

[[545   0   0]
 [145  13   0]
 [ 69   0   3]]
              precision    recall  f1-score   support

         0.0       0.72      1.00      0.84       545
         1.0       1.00      0.08      0.15       158
         2.0       1.00      0.04      0.08        72

    accuracy                           0.72       775
   macro avg       0.91      0.37      0.36       775
weighted avg       0.80      0.72      0.63       775

200 64.9
73 23.7
35 11.4
1798 64.7
659 23.7
322 11.6
(3087, 57) (3087,) (775, 57) (2779,) (2779,)

2 order Label Accuracy: 0.721
[[1615  144   39]
 [ 464  173   22]
 [  97   10  215]]
0.7207628643396905 [0.89822024 0.26251897 0.66770186]

 rate=10 and ii =3
Accuracy: 0.777
Macro Precision: 0.771
Macro Recall: 0.648
Macro F1-score: 0.674

[[497  20   8]
 [120  44   3]
 [ 22   0  61]]
              precision    recall  f1-score   support

           0       0.78      0.95      0.85       525
           1       0.69      0.26      0.38       167
           2       0.85      0.73      0.79        83

    accuracy                           0.78       775
   macro avg       0.77      0.65      0.67       775
weighted avg       0.77      0.78      0.74       775

200 64.9
73 23.7
35 11.4
1798 64.7
659 23.7
322 11.6
(3087, 57) (3087,) (775, 57) (2779,) (2779,)

3 order Label Accuracy: 0.685
[[1603  136   59]
 [ 515  123   21]
 [ 109   36  177]]
0.6847786973731558 [0.89154616 0.18664643 0.54968944]

 rate=10 and ii =3
Accuracy: 0.742
Macro Precision: 0.692
Macro Recall: 0.583
Macro F1-score: 0.607

[[492  24   8]
 [134  31   3]
 [ 23   8  52]]
              precision    recall  f1-score   support

           0       0.76      0.94      0.84       524
           1       0.49      0.18      0.27       168
           2       0.83      0.63      0.71        83

    accuracy                           0.74       775
   macro avg       0.69      0.58      0.61       775
weighted avg       0.71      0.74      0.70       775

200 64.9
73 23.7
35 11.4
1798 64.7
659 23.7
322 11.6
(3087, 57) (3087,) (775, 57) (2779,) (2779,)

4 order Label Accuracy: 0.709
[[1600  151   47]
 [ 452  179   28]
 [  88   43  191]]
0.7088880892407341 [0.88987764 0.27162367 0.5931677 ]

 rate=10 and ii =3
Accuracy: 0.769
Macro Precision: 0.749
Macro Recall: 0.613
Macro F1-score: 0.645

[[501  18   7]
 [119  41   4]
 [ 26   5  54]]
              precision    recall  f1-score   support

           0       0.78      0.95      0.85       526
           1       0.64      0.25      0.36       164
           2       0.83      0.64      0.72        85

    accuracy                           0.77       775
   macro avg       0.75      0.61      0.64       775
weighted avg       0.75      0.77      0.74       775

Time(sec):  7.9448632
nodes = range(self.m)
range(0, 8)
Graph with 8 nodes and 0 edges
3 308 8
L
[[1 1 1 ... 1 1 1]
 [1 1 3 ... 1 3 3]
 [1 1 1 ... 1 1 1]
 ...
 [3 1 3 ... 1 3 3]
 [2 1 2 ... 1 2 2]
 [2 1 2 ... 1 2 2]]
L_ind
[[1. 0. 0. ... 1. 0. 0.]
 [1. 0. 0. ... 0. 0. 1.]
 [1. 0. 0. ... 1. 0. 0.]
 ...
 [0. 0. 1. ... 0. 0. 1.]
 [0. 1. 0. ... 0. 1. 0.]
 [0. 1. 0. ... 0. 1. 0.]]
3 2779 8
L
[[1 1 3 ... 1 1 2]
 [1 1 1 ... 1 1 1]
 [1 1 1 ... 1 1 1]
 ...
 [1 1 3 ... 1 2 1]
 [1 1 1 ... 3 3 3]
 [1 1 1 ... 3 3 3]]
L_ind
[[1. 0. 0. ... 0. 1. 0.]
 [1. 0. 0. ... 1. 0. 0.]
 [1. 0. 0. ... 1. 0. 0.]
 ...
 [1. 0. 0. ... 1. 0. 0.]
 [1. 0. 0. ... 0. 0. 1.]
 [1. 0. 0. ... 0. 0. 1.]]
200 64.9
73 23.7
35 11.4
1798 64.7
659 23.7
322 11.6
(3087, 57) (3087,) (775, 57) (775,)

 SNO Accuracy: 0.609
[[1179  382  237]
 [ 333  251   75]
 [  36   23  263]]

 rate=10 and ii =4
Accuracy: 0.705
Macro Precision: 0.632
Macro Recall: 0.677
Macro F1-score: 0.647

[[392  71  32]
 [ 94  68  18]
 [  9   5  86]]
              precision    recall  f1-score   support

           0       0.79      0.79      0.79       495
           1       0.47      0.38      0.42       180
           2       0.63      0.86      0.73       100

    accuracy                           0.70       775
   macro avg       0.63      0.68      0.65       775
weighted avg       0.70      0.70      0.70       775

200 64.9
73 23.7
35 11.4
1798 64.7
659 23.7
322 11.6
(3087, 57) (3087,) (775, 57) (775,)

semi-SelfTrain Label Accuracy: 0.723
[[1721    1   76]
 [ 573   59   27]
 [  90    3  229]]
0.7229219143576826 [0.95717464 0.08952959 0.71118012]

 rate=10 and ii =4
Accuracy: 0.761
Macro Precision: 0.761
Macro Recall: 0.593
Macro F1-score: 0.573

[[516   0  15]
 [142  10   6]
 [ 19   3  64]]
              precision    recall  f1-score   support

         0.0       0.76      0.97      0.85       531
         1.0       0.77      0.06      0.12       158
         2.0       0.75      0.74      0.75        86

    accuracy                           0.76       775
   macro avg       0.76      0.59      0.57       775
weighted avg       0.76      0.76      0.69       775

200 64.9
73 23.7
35 11.4
1798 64.7
659 23.7
322 11.6
(3087, 57) (3087,) (775, 57) (775,)

semi-LabelSpread Label Accuracy: 0.666
[[1798    0    0]
 [ 612   47    0]
 [ 317    0    5]]
0.6657070888808924 [1.         0.07132018 0.01552795]

 rate=10 and ii =4
Accuracy: 0.716
Macro Precision: 0.904
Macro Recall: 0.355
Macro F1-score: 0.319

[[546   0   0]
 [149   8   0]
 [ 71   0   1]]
              precision    recall  f1-score   support

         0.0       0.71      1.00      0.83       546
         1.0       1.00      0.05      0.10       157
         2.0       1.00      0.01      0.03        72

    accuracy                           0.72       775
   macro avg       0.90      0.35      0.32       775
weighted avg       0.80      0.72      0.61       775

200 64.9
73 23.7
35 11.4
1798 64.7
659 23.7
322 11.6
(3087, 57) (3087,) (775, 57) (2779,) (2779,)

2 order Label Accuracy: 0.733
[[1702   49   47]
 [ 514  130   15]
 [ 104   14  204]]
0.732637639438647 [0.94660734 0.19726859 0.63354037]

 rate=10 and ii =4
Accuracy: 0.781
Macro Precision: 0.816
Macro Recall: 0.596
Macro F1-score: 0.629

[[524   2   6]
 [128  30   2]
 [ 27   5  51]]
              precision    recall  f1-score   support

           0       0.77      0.98      0.87       532
           1       0.81      0.19      0.30       160
           2       0.86      0.61      0.72        83

    accuracy                           0.78       775
   macro avg       0.82      0.60      0.63       775
weighted avg       0.79      0.78      0.73       775

200 64.9
73 23.7
35 11.4
1798 64.7
659 23.7
322 11.6
(3087, 57) (3087,) (775, 57) (2779,) (2779,)

3 order Label Accuracy: 0.706
[[1690   73   35]
 [ 568   81   10]
 [  96   35  191]]
0.7060093558834113 [0.93993326 0.12291351 0.5931677 ]

 rate=10 and ii =4
Accuracy: 0.769
Macro Precision: 0.778
Macro Recall: 0.575
Macro F1-score: 0.596

[[525   0   6]
 [139  19   2]
 [ 24   8  52]]
              precision    recall  f1-score   support

           0       0.76      0.99      0.86       531
           1       0.70      0.12      0.20       160
           2       0.87      0.62      0.72        84

    accuracy                           0.77       775
   macro avg       0.78      0.58      0.60       775
weighted avg       0.76      0.77      0.71       775

200 64.9
73 23.7
35 11.4
1798 64.7
659 23.7
322 11.6
(3087, 57) (3087,) (775, 57) (2779,) (2779,)

4 order Label Accuracy: 0.728
[[1665   70   63]
 [ 500  145   14]
 [  82   28  212]]
0.7275998560633321 [0.92602892 0.22003035 0.65838509]

 rate=10 and ii =4
Accuracy: 0.785
Macro Precision: 0.787
Macro Recall: 0.618
Macro F1-score: 0.643

[[519   4   7]
 [125  31   4]
 [ 20   7  58]]
              precision    recall  f1-score   support

           0       0.78      0.98      0.87       530
           1       0.74      0.19      0.31       160
           2       0.84      0.68      0.75        85

    accuracy                           0.78       775
   macro avg       0.79      0.62      0.64       775
weighted avg       0.78      0.78      0.74       775

Time(sec):  7.238163799999999
nodes = range(self.m)
range(0, 8)
Graph with 8 nodes and 0 edges
3 306 8
L
[[2 1 1 ... 1 1 1]
 [1 1 1 ... 1 1 1]
 [1 1 2 ... 1 2 2]
 ...
 [2 1 2 ... 1 2 2]
 [2 1 2 ... 1 2 2]
 [1 1 1 ... 1 1 1]]
L_ind
[[0. 1. 0. ... 1. 0. 0.]
 [1. 0. 0. ... 1. 0. 0.]
 [1. 0. 0. ... 0. 1. 0.]
 ...
 [0. 1. 0. ... 0. 1. 0.]
 [0. 1. 0. ... 0. 1. 0.]
 [1. 0. 0. ... 1. 0. 0.]]
3 2781 8
L
[[2 1 3 ... 1 1 1]
 [1 1 1 ... 1 1 1]
 [1 1 1 ... 1 1 1]
 ...
 [1 1 1 ... 1 1 1]
 [1 1 1 ... 3 3 3]
 [1 1 1 ... 3 3 3]]
L_ind
[[0. 1. 0. ... 1. 0. 0.]
 [1. 0. 0. ... 1. 0. 0.]
 [1. 0. 0. ... 1. 0. 0.]
 ...
 [1. 0. 0. ... 1. 0. 0.]
 [1. 0. 0. ... 0. 0. 1.]
 [1. 0. 0. ... 0. 0. 1.]]
200 65.4
71 23.2
35 11.4
1798 64.7
661 23.8
322 11.6
(3087, 57) (3087,) (775, 57) (775,)

 SNO Accuracy: 0.642
[[1272  347  179]
 [ 357  250   54]
 [  34   25  263]]

 rate=10 and ii =5
Accuracy: 0.788
Macro Precision: 0.751
Macro Recall: 0.721
Macro F1-score: 0.721

[[460  28  18]
 [ 93  73  10]
 [ 12   3  78]]
              precision    recall  f1-score   support

           0       0.81      0.91      0.86       506
           1       0.70      0.41      0.52       176
           2       0.74      0.84      0.78        93

    accuracy                           0.79       775
   macro avg       0.75      0.72      0.72       775
weighted avg       0.78      0.79      0.77       775

200 65.4
71 23.2
35 11.4
1798 64.7
661 23.8
322 11.6
(3087, 57) (3087,) (775, 57) (775,)

semi-SelfTrain Label Accuracy: 0.715
[[1751   25   22]
 [ 563   92    6]
 [ 174    2  146]]
0.7152103559870551 [0.97385984 0.13918306 0.45341615]

 rate=10 and ii =5
Accuracy: 0.761
Macro Precision: 0.830
Macro Recall: 0.543
Macro F1-score: 0.582

[[526   5   3]
 [135  25   1]
 [ 41   0  39]]
              precision    recall  f1-score   support

         0.0       0.75      0.99      0.85       534
         1.0       0.83      0.16      0.26       161
         2.0       0.91      0.49      0.63        80

    accuracy                           0.76       775
   macro avg       0.83      0.54      0.58       775
weighted avg       0.78      0.76      0.71       775

200 65.4
71 23.2
35 11.4
1798 64.7
661 23.8
322 11.6
(3087, 57) (3087,) (775, 57) (775,)

semi-LabelSpread Label Accuracy: 0.666
[[1798    0    0]
 [ 610   51    0]
 [ 319    0    3]]
0.6659475008989572 [1.         0.07715582 0.00931677]

 rate=10 and ii =5
Accuracy: 0.723
Macro Precision: 0.905
Macro Recall: 0.371
Macro F1-score: 0.348

[[543   0   0]
 [144  16   0]
 [ 71   0   1]]
              precision    recall  f1-score   support

         0.0       0.72      1.00      0.83       543
         1.0       1.00      0.10      0.18       160
         2.0       1.00      0.01      0.03        72

    accuracy                           0.72       775
   macro avg       0.91      0.37      0.35       775
weighted avg       0.80      0.72      0.62       775

200 65.4
71 23.2
35 11.4
1798 64.7
661 23.8
322 11.6
(3087, 57) (3087,) (775, 57) (2781,) (2781,)

2 order Label Accuracy: 0.727
[[1686   94   18]
 [ 486  170    5]
 [ 146   11  165]]
0.7267170082704063 [0.93770857 0.25718608 0.51242236]

 rate=10 and ii =5
Accuracy: 0.788
Macro Precision: 0.853
Macro Recall: 0.599
Macro F1-score: 0.648

[[523   2   6]
 [116  44   3]
 [ 37   0  44]]
              precision    recall  f1-score   support

           0       0.77      0.98      0.87       531
           1       0.96      0.27      0.42       163
           2       0.83      0.54      0.66        81

    accuracy                           0.79       775
   macro avg       0.85      0.60      0.65       775
weighted avg       0.82      0.79      0.75       775

200 65.4
71 23.2
35 11.4
1798 64.7
661 23.8
322 11.6
(3087, 57) (3087,) (775, 57) (2781,) (2781,)

3 order Label Accuracy: 0.698
[[1688   90   20]
 [ 560   93    8]
 [ 124   39  159]]
0.6975907946781733 [0.93882091 0.14069592 0.49378882]

 rate=10 and ii =5
Accuracy: 0.750
Macro Precision: 0.727
Macro Recall: 0.533
Macro F1-score: 0.552

[[522   3   7]
 [140  18   4]
 [ 33   7  41]]
              precision    recall  f1-score   support

           0       0.75      0.98      0.85       532
           1       0.64      0.11      0.19       162
           2       0.79      0.51      0.62        81

    accuracy                           0.75       775
   macro avg       0.73      0.53      0.55       775
weighted avg       0.73      0.75      0.69       775

200 65.4
71 23.2
35 11.4
1798 64.7
661 23.8
322 11.6
(3087, 57) (3087,) (775, 57) (2781,) (2781,)

4 order Label Accuracy: 0.702
[[1701   62   35]
 [ 545   97   19]
 [ 157   11  154]]
0.70190578928443 [0.94605117 0.14674735 0.47826087]

 rate=10 and ii =5
Accuracy: 0.759
Macro Precision: 0.856
Macro Recall: 0.540
Macro F1-score: 0.566

[[527   0   6]
 [138  20   3]
 [ 40   0  41]]
              precision    recall  f1-score   support

           0       0.75      0.99      0.85       533
           1       1.00      0.12      0.22       161
           2       0.82      0.51      0.63        81

    accuracy                           0.76       775
   macro avg       0.86      0.54      0.57       775
weighted avg       0.81      0.76      0.70       775

Time(sec):  8.0434153
nodes = range(self.m)
range(0, 8)
Graph with 8 nodes and 0 edges
3 306 8
L
[[1 1 1 ... 1 1 1]
 [1 1 1 ... 1 1 1]
 [3 3 3 ... 1 3 3]
 ...
 [1 1 3 ... 1 3 3]
 [1 1 2 ... 1 2 2]
 [1 1 1 ... 1 1 1]]
L_ind
[[1. 0. 0. ... 1. 0. 0.]
 [1. 0. 0. ... 1. 0. 0.]
 [0. 0. 1. ... 0. 0. 1.]
 ...
 [1. 0. 0. ... 0. 0. 1.]
 [1. 0. 0. ... 0. 1. 0.]
 [1. 0. 0. ... 1. 0. 0.]]
3 2781 8
L
[[1 1 1 ... 1 1 1]
 [1 1 1 ... 1 1 1]
 [1 1 1 ... 1 1 1]
 ...
 [1 1 3 ... 1 1 1]
 [1 1 1 ... 3 3 3]
 [1 1 1 ... 3 3 3]]
L_ind
[[1. 0. 0. ... 1. 0. 0.]
 [1. 0. 0. ... 1. 0. 0.]
 [1. 0. 0. ... 1. 0. 0.]
 ...
 [1. 0. 0. ... 1. 0. 0.]
 [1. 0. 0. ... 0. 0. 1.]
 [1. 0. 0. ... 0. 0. 1.]]
200 65.4
71 23.2
35 11.4
1798 64.7
661 23.8
322 11.6
(3087, 57) (3087,) (775, 57) (775,)

 SNO Accuracy: 0.645
[[1287  314  197]
 [ 370  253   38]
 [  53   16  253]]

 rate=10 and ii =6
Accuracy: 0.761
Macro Precision: 0.717
Macro Recall: 0.702
Macro F1-score: 0.696

[[444  39  21]
 [105  63   7]
 [ 12   1  83]]
              precision    recall  f1-score   support

           0       0.79      0.88      0.83       504
           1       0.61      0.36      0.45       175
           2       0.75      0.86      0.80        96

    accuracy                           0.76       775
   macro avg       0.72      0.70      0.70       775
weighted avg       0.75      0.76      0.74       775

200 65.4
71 23.2
35 11.4
1798 64.7
661 23.8
322 11.6
(3087, 57) (3087,) (775, 57) (775,)

semi-SelfTrain Label Accuracy: 0.721
[[1732    4   62]
 [ 572   77   12]
 [ 124    2  196]]
0.7209636821287306 [0.96329255 0.11649017 0.60869565]

 rate=10 and ii =6
Accuracy: 0.757
Macro Precision: 0.807
Macro Recall: 0.576
Macro F1-score: 0.580

[[514   2  12]
 [140  16   4]
 [ 30   0  57]]
              precision    recall  f1-score   support

         0.0       0.75      0.97      0.85       528
         1.0       0.89      0.10      0.18       160
         2.0       0.78      0.66      0.71        87

    accuracy                           0.76       775
   macro avg       0.81      0.58      0.58       775
weighted avg       0.78      0.76      0.69       775

200 65.4
71 23.2
35 11.4
1798 64.7
661 23.8
322 11.6
(3087, 57) (3087,) (775, 57) (775,)

semi-LabelSpread Label Accuracy: 0.670
[[1798    0    0]
 [ 601   60    0]
 [ 316    0    6]]
0.670262495505214 [1.         0.09077156 0.01863354]

 rate=10 and ii =6
Accuracy: 0.721
Macro Precision: 0.905
Macro Recall: 0.367
Macro F1-score: 0.341

[[544   0   0]
 [145  14   0]
 [ 71   0   1]]
              precision    recall  f1-score   support

         0.0       0.72      1.00      0.83       544
         1.0       1.00      0.09      0.16       159
         2.0       1.00      0.01      0.03        72

    accuracy                           0.72       775
   macro avg       0.91      0.37      0.34       775
weighted avg       0.80      0.72      0.62       775

200 65.4
71 23.2
35 11.4
1798 64.7
661 23.8
322 11.6
(3087, 57) (3087,) (775, 57) (2781,) (2781,)

2 order Label Accuracy: 0.706
[[1633   99   66]
 [ 525  129    7]
 [ 109   12  201]]
0.705861201006832 [0.90823137 0.19515885 0.6242236 ]

 rate=10 and ii =6
Accuracy: 0.764
Macro Precision: 0.771
Macro Recall: 0.597
Macro F1-score: 0.623

[[505   7  12]
 [131  32   1]
 [ 28   4  55]]
              precision    recall  f1-score   support

           0       0.76      0.96      0.85       524
           1       0.74      0.20      0.31       164
           2       0.81      0.63      0.71        87

    accuracy                           0.76       775
   macro avg       0.77      0.60      0.62       775
weighted avg       0.76      0.76      0.72       775

200 65.4
71 23.2
35 11.4
1798 64.7
661 23.8
322 11.6
(3087, 57) (3087,) (775, 57) (2781,) (2781,)

3 order Label Accuracy: 0.687
[[1614   65  119]
 [ 548   87   26]
 [  95   18  209]]
0.6868033081625314 [0.89766407 0.13161876 0.64906832]

 rate=10 and ii =6
Accuracy: 0.752
Macro Precision: 0.756
Macro Recall: 0.593
Macro F1-score: 0.588

[[499   4  20]
 [136  19   5]
 [ 26   1  65]]
              precision    recall  f1-score   support

           0       0.75      0.95      0.84       523
           1       0.79      0.12      0.21       160
           2       0.72      0.71      0.71        92

    accuracy                           0.75       775
   macro avg       0.76      0.59      0.59       775
weighted avg       0.76      0.75      0.70       775

200 65.4
71 23.2
35 11.4
1798 64.7
661 23.8
322 11.6
(3087, 57) (3087,) (775, 57) (2781,) (2781,)

4 order Label Accuracy: 0.689
[[1647   81   70]
 [ 549   93   19]
 [ 110   36  176]]
0.6889608054656599 [0.9160178  0.14069592 0.54658385]

 rate=10 and ii =6
Accuracy: 0.756
Macro Precision: 0.760
Macro Recall: 0.566
Macro F1-score: 0.593

[[513   6   7]
 [139  24   1]
 [ 30   6  49]]
              precision    recall  f1-score   support

           0       0.75      0.98      0.85       526
           1       0.67      0.15      0.24       164
           2       0.86      0.58      0.69        85

    accuracy                           0.76       775
   macro avg       0.76      0.57      0.59       775
weighted avg       0.75      0.76      0.70       775

Time(sec):  7.9858419000000005
nodes = range(self.m)
range(0, 8)
Graph with 8 nodes and 0 edges
3 307 8
L
[[2 1 1 ... 1 1 1]
 [1 1 3 ... 3 3 3]
 [1 1 1 ... 1 1 1]
 ...
 [3 1 3 ... 1 3 3]
 [1 1 3 ... 1 3 3]
 [1 1 1 ... 1 1 1]]
L_ind
[[0. 1. 0. ... 1. 0. 0.]
 [1. 0. 0. ... 0. 0. 1.]
 [1. 0. 0. ... 1. 0. 0.]
 ...
 [0. 0. 1. ... 0. 0. 1.]
 [1. 0. 0. ... 0. 0. 1.]
 [1. 0. 0. ... 1. 0. 0.]]
3 2780 8
L
[[1 1 1 ... 1 1 1]
 [1 1 1 ... 1 2 2]
 [1 1 1 ... 1 2 2]
 ...
 [1 1 3 ... 3 3 3]
 [1 1 1 ... 3 3 1]
 [1 1 1 ... 3 3 3]]
L_ind
[[1. 0. 0. ... 1. 0. 0.]
 [1. 0. 0. ... 0. 1. 0.]
 [1. 0. 0. ... 0. 1. 0.]
 ...
 [1. 0. 0. ... 0. 0. 1.]
 [1. 0. 0. ... 1. 0. 0.]
 [1. 0. 0. ... 0. 0. 1.]]
199 64.8
73 23.8
35 11.4
1799 64.7
659 23.7
322 11.6
(3087, 57) (3087,) (775, 57) (775,)

 SNO Accuracy: 0.625
[[1208  370  221]
 [ 309  270   80]
 [  33   29  260]]

 rate=10 and ii =7
Accuracy: 0.750
Macro Precision: 0.690
Macro Recall: 0.721
Macro F1-score: 0.700

[[416  58  29]
 [ 86  82   9]
 [  8   4  83]]
              precision    recall  f1-score   support

           0       0.82      0.83      0.82       503
           1       0.57      0.46      0.51       177
           2       0.69      0.87      0.77        95

    accuracy                           0.75       775
   macro avg       0.69      0.72      0.70       775
weighted avg       0.74      0.75      0.74       775

199 64.8
73 23.8
35 11.4
1799 64.7
659 23.7
322 11.6
(3087, 57) (3087,) (775, 57) (775,)

semi-SelfTrain Label Accuracy: 0.710
[[1676   29   94]
 [ 562   56   41]
 [  78    2  242]]
0.7100719424460432 [0.93162868 0.08497724 0.7515528 ]

 rate=10 and ii =7
Accuracy: 0.761
Macro Precision: 0.747
Macro Recall: 0.624
Macro F1-score: 0.602

[[500   6  17]
 [136  17   9]
 [ 17   0  73]]
              precision    recall  f1-score   support

         0.0       0.77      0.96      0.85       523
         1.0       0.74      0.10      0.18       162
         2.0       0.74      0.81      0.77        90

    accuracy                           0.76       775
   macro avg       0.75      0.62      0.60       775
weighted avg       0.76      0.76      0.70       775

199 64.8
73 23.8
35 11.4
1799 64.7
659 23.7
322 11.6
(3087, 57) (3087,) (775, 57) (775,)

semi-LabelSpread Label Accuracy: 0.664
[[1799    0    0]
 [ 615   44    0]
 [ 319    0    3]]
0.6640287769784172 [1.         0.06676783 0.00931677]

 rate=10 and ii =7
Accuracy: 0.719
Macro Precision: 0.904
Macro Recall: 0.370
Macro F1-score: 0.345

[[542   0   0]
 [147  13   0]
 [ 71   0   2]]
              precision    recall  f1-score   support

         0.0       0.71      1.00      0.83       542
         1.0       1.00      0.08      0.15       160
         2.0       1.00      0.03      0.05        73

    accuracy                           0.72       775
   macro avg       0.90      0.37      0.35       775
weighted avg       0.80      0.72      0.62       775

199 64.8
73 23.8
35 11.4
1799 64.7
659 23.7
322 11.6
(3087, 57) (3087,) (775, 57) (2780,) (2780,)

2 order Label Accuracy: 0.692
[[1556  177   66]
 [ 484  147   28]
 [  76   24  222]]
0.6924460431654677 [0.86492496 0.22306525 0.68944099]

 rate=10 and ii =7
Accuracy: 0.774
Macro Precision: 0.747
Macro Recall: 0.648
Macro F1-score: 0.664

[[492  17  13]
 [116  44   6]
 [ 20   3  64]]
              precision    recall  f1-score   support

           0       0.78      0.94      0.86       522
           1       0.69      0.27      0.38       166
           2       0.77      0.74      0.75        87

    accuracy                           0.77       775
   macro avg       0.75      0.65      0.66       775
weighted avg       0.76      0.77      0.74       775

199 64.8
73 23.8
35 11.4
1799 64.7
659 23.7
322 11.6
(3087, 57) (3087,) (775, 57) (2780,) (2780,)

3 order Label Accuracy: 0.664
[[1540  103  156]
 [ 509   97   53]
 [  73   39  210]]
0.6643884892086331 [0.85603113 0.14719272 0.65217391]

 rate=10 and ii =7
Accuracy: 0.746
Macro Precision: 0.670
Macro Recall: 0.590
Macro F1-score: 0.593

[[492  14  16]
 [126  28  11]
 [ 22   8  58]]
              precision    recall  f1-score   support

           0       0.77      0.94      0.85       522
           1       0.56      0.17      0.26       165
           2       0.68      0.66      0.67        88

    accuracy                           0.75       775
   macro avg       0.67      0.59      0.59       775
weighted avg       0.71      0.75      0.70       775

199 64.8
73 23.8
35 11.4
1799 64.7
659 23.7
322 11.6
(3087, 57) (3087,) (775, 57) (2780,) (2780,)

4 order Label Accuracy: 0.708
[[1624   67  108]
 [ 488  129   42]
 [  83   23  216]]
0.708273381294964 [0.90272374 0.19575114 0.67080745]

 rate=10 and ii =7
Accuracy: 0.775
Macro Precision: 0.766
Macro Recall: 0.630
Macro F1-score: 0.635

[[504   7  11]
 [120  31  12]
 [ 22   2  66]]
              precision    recall  f1-score   support

           0       0.78      0.97      0.86       522
           1       0.78      0.19      0.31       163
           2       0.74      0.73      0.74        90

    accuracy                           0.78       775
   macro avg       0.77      0.63      0.64       775
weighted avg       0.77      0.78      0.73       775

Time(sec):  7.9799660999999995
nodes = range(self.m)
range(0, 8)
Graph with 8 nodes and 0 edges
3 306 8
L
[[1 1 2 ... 1 2 2]
 [3 3 3 ... 3 3 3]
 [1 1 2 ... 1 2 2]
 ...
 [3 3 3 ... 3 3 3]
 [1 1 1 ... 1 1 1]
 [1 1 1 ... 1 1 1]]
L_ind
[[1. 0. 0. ... 0. 1. 0.]
 [0. 0. 1. ... 0. 0. 1.]
 [1. 0. 0. ... 0. 1. 0.]
 ...
 [0. 0. 1. ... 0. 0. 1.]
 [1. 0. 0. ... 1. 0. 0.]
 [1. 0. 0. ... 1. 0. 0.]]
3 2781 8
L
[[1 1 1 ... 1 1 1]
 [1 1 1 ... 1 1 1]
 [1 1 1 ... 1 1 3]
 ...
 [1 1 2 ... 1 1 1]
 [1 1 1 ... 3 3 3]
 [1 1 1 ... 3 3 3]]
L_ind
[[1. 0. 0. ... 1. 0. 0.]
 [1. 0. 0. ... 1. 0. 0.]
 [1. 0. 0. ... 0. 0. 1.]
 ...
 [1. 0. 0. ... 1. 0. 0.]
 [1. 0. 0. ... 0. 0. 1.]
 [1. 0. 0. ... 0. 0. 1.]]
199 65.0
72 23.5
35 11.4
1799 64.7
660 23.7
322 11.6
(3087, 57) (3087,) (775, 57) (775,)

 SNO Accuracy: 0.590
[[1086  540  173]
 [ 290  336   34]
 [  41   61  220]]

 rate=10 and ii =8
Accuracy: 0.724
Macro Precision: 0.680
Macro Recall: 0.688
Macro F1-score: 0.684

[[398  82  19]
 [ 85  93   6]
 [  8  14  70]]
              precision    recall  f1-score   support

           0       0.81      0.80      0.80       499
           1       0.49      0.51      0.50       184
           2       0.74      0.76      0.75        92

    accuracy                           0.72       775
   macro avg       0.68      0.69      0.68       775
weighted avg       0.73      0.72      0.72       775

199 65.0
72 23.5
35 11.4
1799 64.7
660 23.7
322 11.6
(3087, 57) (3087,) (775, 57) (775,)

semi-SelfTrain Label Accuracy: 0.697
[[1654  105   40]
 [ 549   98   13]
 [ 103   32  187]]
0.6972312117943186 [0.91939967 0.14848485 0.58074534]

 rate=10 and ii =8
Accuracy: 0.752
Macro Precision: 0.690
Macro Recall: 0.592
Macro F1-score: 0.610

[[500  18   7]
 [134  27   4]
 [ 16  13  56]]
              precision    recall  f1-score   support

         0.0       0.77      0.95      0.85       525
         1.0       0.47      0.16      0.24       165
         2.0       0.84      0.66      0.74        85

    accuracy                           0.75       775
   macro avg       0.69      0.59      0.61       775
weighted avg       0.71      0.75      0.71       775

199 65.0
72 23.5
35 11.4
1799 64.7
660 23.7
322 11.6
(3087, 57) (3087,) (775, 57) (775,)

semi-LabelSpread Label Accuracy: 0.667
[[1799    0    0]
 [ 607   53    0]
 [ 319    0    3]]
0.6670262495505214 [1.         0.08030303 0.00931677]

 rate=10 and ii =8
Accuracy: 0.720
Macro Precision: 0.905
Macro Recall: 0.361
Macro F1-score: 0.331

[[546   0   0]
 [146  11   0]
 [ 71   0   1]]
              precision    recall  f1-score   support

         0.0       0.72      1.00      0.83       546
         1.0       1.00      0.07      0.13       157
         2.0       1.00      0.01      0.03        72

    accuracy                           0.72       775
   macro avg       0.91      0.36      0.33       775
weighted avg       0.80      0.72      0.62       775

199 65.0
72 23.5
35 11.4
1799 64.7
660 23.7
322 11.6
(3087, 57) (3087,) (775, 57) (2781,) (2781,)

2 order Label Accuracy: 0.701
[[1586  161   52]
 [ 475  166   19]
 [  84   40  198]]
0.7011866235167206 [0.88160089 0.25151515 0.61490683]

 rate=10 and ii =8
Accuracy: 0.759
Macro Precision: 0.728
Macro Recall: 0.589
Macro F1-score: 0.622

[[500  16   7]
 [125  39   3]
 [ 24  12  49]]
              precision    recall  f1-score   support

           0       0.77      0.96      0.85       523
           1       0.58      0.23      0.33       167
           2       0.83      0.58      0.68        85

    accuracy                           0.76       775
   macro avg       0.73      0.59      0.62       775
weighted avg       0.74      0.76      0.72       775

199 65.0
72 23.5
35 11.4
1799 64.7
660 23.7
322 11.6
(3087, 57) (3087,) (775, 57) (2781,) (2781,)

3 order Label Accuracy: 0.655
[[1525  105  169]
 [ 504   99   57]
 [  92   32  198]]
0.6551600143833154 [0.84769316 0.15       0.61490683]

 rate=10 and ii =8
Accuracy: 0.742
Macro Precision: 0.676
Macro Recall: 0.567
Macro F1-score: 0.579

[[497  11  14]
 [133  25   6]
 [ 26  10  53]]
              precision    recall  f1-score   support

           0       0.76      0.95      0.84       522
           1       0.54      0.15      0.24       164
           2       0.73      0.60      0.65        89

    accuracy                           0.74       775
   macro avg       0.68      0.57      0.58       775
weighted avg       0.71      0.74      0.69       775

199 65.0
72 23.5
35 11.4
1799 64.7
660 23.7
322 11.6
(3087, 57) (3087,) (775, 57) (2781,) (2781,)

4 order Label Accuracy: 0.647
[[1499  260   40]
 [ 507  144    9]
 [ 125   42  155]]
0.6465300251708018 [0.83324069 0.21818182 0.48136646]

 rate=10 and ii =8
Accuracy: 0.743
Macro Precision: 0.708
Macro Recall: 0.576
Macro F1-score: 0.609

[[493  26   5]
 [130  35   3]
 [ 27   8  48]]
              precision    recall  f1-score   support

           0       0.76      0.94      0.84       524
           1       0.51      0.21      0.30       168
           2       0.86      0.58      0.69        83

    accuracy                           0.74       775
   macro avg       0.71      0.58      0.61       775
weighted avg       0.71      0.74      0.71       775

Time(sec):  8.277925699999999
nodes = range(self.m)
range(0, 8)
Graph with 8 nodes and 0 edges
3 306 8
L
[[2 1 2 ... 1 2 2]
 [1 1 1 ... 1 1 1]
 [1 1 1 ... 1 1 1]
 ...
 [1 1 3 ... 3 3 3]
 [3 1 3 ... 3 3 3]
 [1 1 1 ... 1 1 1]]
L_ind
[[0. 1. 0. ... 0. 1. 0.]
 [1. 0. 0. ... 1. 0. 0.]
 [1. 0. 0. ... 1. 0. 0.]
 ...
 [1. 0. 0. ... 0. 0. 1.]
 [0. 0. 1. ... 0. 0. 1.]
 [1. 0. 0. ... 1. 0. 0.]]
3 2781 8
L
[[2 1 1 ... 1 1 1]
 [1 1 1 ... 1 2 2]
 [1 1 1 ... 1 2 2]
 ...
 [1 1 3 ... 1 1 1]
 [3 1 3 ... 3 3 3]
 [1 1 1 ... 3 3 3]]
L_ind
[[0. 1. 0. ... 1. 0. 0.]
 [1. 0. 0. ... 0. 1. 0.]
 [1. 0. 0. ... 0. 1. 0.]
 ...
 [1. 0. 0. ... 1. 0. 0.]
 [0. 0. 1. ... 0. 0. 1.]
 [1. 0. 0. ... 0. 0. 1.]]
200 65.4
71 23.2
35 11.4
1798 64.7
661 23.8
322 11.6
(3087, 57) (3087,) (775, 57) (775,)

 SNO Accuracy: 0.598
[[1174  325  299]
 [ 342  220   99]
 [  40   14  268]]

 rate=10 and ii =9
Accuracy: 0.746
Macro Precision: 0.694
Macro Recall: 0.702
Macro F1-score: 0.676

[[424  31  44]
 [ 99  67  11]
 [ 11   1  87]]
              precision    recall  f1-score   support

           0       0.79      0.85      0.82       499
           1       0.68      0.38      0.49       177
           2       0.61      0.88      0.72        99

    accuracy                           0.75       775
   macro avg       0.69      0.70      0.68       775
weighted avg       0.74      0.75      0.73       775

200 65.4
71 23.2
35 11.4
1798 64.7
661 23.8
322 11.6
(3087, 57) (3087,) (775, 57) (775,)

semi-SelfTrain Label Accuracy: 0.713
[[1727   17   54]
 [ 578   66   17]
 [ 130    2  190]]
0.7130528586839266 [0.96051168 0.09984871 0.59006211]

 rate=10 and ii =9
Accuracy: 0.756
Macro Precision: 0.772
Macro Recall: 0.577
Macro F1-score: 0.583

[[512   5  10]
 [139  17   5]
 [ 30   0  57]]
              precision    recall  f1-score   support

         0.0       0.75      0.97      0.85       527
         1.0       0.77      0.11      0.19       161
         2.0       0.79      0.66      0.72        87

    accuracy                           0.76       775
   macro avg       0.77      0.58      0.58       775
weighted avg       0.76      0.76      0.70       775

200 65.4
71 23.2
35 11.4
1798 64.7
661 23.8
322 11.6
(3087, 57) (3087,) (775, 57) (775,)

semi-LabelSpread Label Accuracy: 0.667
[[1798    0    0]
 [ 609   52    0]
 [ 317    0    5]]
0.6670262495505214 [1.         0.07866868 0.01552795]

 rate=10 and ii =9
Accuracy: 0.719
Macro Precision: 0.571
Macro Recall: 0.361
Macro F1-score: 0.328

[[544   0   0]
 [146  13   0]
 [ 72   0   0]]
              precision    recall  f1-score   support

         0.0       0.71      1.00      0.83       544
         1.0       1.00      0.08      0.15       159
         2.0       0.00      0.00      0.00        72

    accuracy                           0.72       775
   macro avg       0.57      0.36      0.33       775
weighted avg       0.71      0.72      0.62       775

200 65.4
71 23.2
35 11.4
1798 64.7
661 23.8
322 11.6
(3087, 57) (3087,) (775, 57) (2781,) (2781,)

2 order Label Accuracy: 0.704
[[1652   83   63]
 [ 533  100   28]
 [ 108    7  207]]
0.7044228694714132 [0.91879867 0.15128593 0.64285714]

 rate=10 and ii =9
Accuracy: 0.763
Macro Precision: 0.761
Macro Recall: 0.604
Macro F1-score: 0.615

[[506   7   9]
 [138  23   4]
 [ 23   3  62]]
              precision    recall  f1-score   support

           0       0.76      0.97      0.85       522
           1       0.70      0.14      0.23       165
           2       0.83      0.70      0.76        88

    accuracy                           0.76       775
   macro avg       0.76      0.60      0.61       775
weighted avg       0.75      0.76      0.71       775

200 65.4
71 23.2
35 11.4
1798 64.7
661 23.8
322 11.6
(3087, 57) (3087,) (775, 57) (2781,) (2781,)

3 order Label Accuracy: 0.690
[[1623  111   64]
 [ 526  112   23]
 [ 102   37  183]]
0.6896799712333693 [0.90266963 0.16944024 0.56832298]

 rate=10 and ii =9
Accuracy: 0.755
Macro Precision: 0.701
Macro Recall: 0.589
Macro F1-score: 0.600

[[505  10   9]
 [137  23   5]
 [ 19  10  57]]
              precision    recall  f1-score   support

           0       0.76      0.96      0.85       524
           1       0.53      0.14      0.22       165
           2       0.80      0.66      0.73        86

    accuracy                           0.75       775
   macro avg       0.70      0.59      0.60       775
weighted avg       0.72      0.75      0.70       775

200 65.4
71 23.2
35 11.4
1798 64.7
661 23.8
322 11.6
(3087, 57) (3087,) (775, 57) (2781,) (2781,)

4 order Label Accuracy: 0.683
[[1629   59  110]
 [ 488   78   95]
 [ 116   14  192]]
0.6828478964401294 [0.90600667 0.11800303 0.59627329]

 rate=10 and ii =9
Accuracy: 0.751
Macro Precision: 0.719
Macro Recall: 0.579
Macro F1-score: 0.560

[[505   2  16]
 [123  17  22]
 [ 27   3  60]]
              precision    recall  f1-score   support

           0       0.77      0.97      0.86       523
           1       0.77      0.10      0.18       162
           2       0.61      0.67      0.64        90

    accuracy                           0.75       775
   macro avg       0.72      0.58      0.56       775
weighted avg       0.75      0.75      0.69       775

Time(sec):  7.7016251
nodes = range(self.m)
range(0, 8)
Graph with 8 nodes and 0 edges
3 305 8
L
[[1 1 2 ... 1 2 2]
 [1 1 1 ... 1 1 1]
 [2 1 1 ... 1 1 1]
 ...
 [2 1 2 ... 1 2 2]
 [1 1 3 ... 1 3 3]
 [3 1 3 ... 3 3 3]]
L_ind
[[1. 0. 0. ... 0. 1. 0.]
 [1. 0. 0. ... 1. 0. 0.]
 [0. 1. 0. ... 1. 0. 0.]
 ...
 [0. 1. 0. ... 0. 1. 0.]
 [1. 0. 0. ... 0. 0. 1.]
 [0. 0. 1. ... 0. 0. 1.]]
3 2782 8
L
[[1 1 3 ... 1 1 1]
 [3 1 1 ... 2 2 1]
 [1 1 1 ... 1 1 1]
 ...
 [3 1 3 ... 1 3 1]
 [1 1 1 ... 3 3 3]
 [1 1 1 ... 3 3 3]]
L_ind
[[1. 0. 0. ... 1. 0. 0.]
 [0. 0. 1. ... 1. 0. 0.]
 [1. 0. 0. ... 1. 0. 0.]
 ...
 [0. 0. 1. ... 1. 0. 0.]
 [1. 0. 0. ... 0. 0. 1.]
 [1. 0. 0. ... 0. 0. 1.]]
198 64.9
72 23.6
35 11.5
1800 64.7
660 23.7
322 11.6
(3087, 57) (3087,) (775, 57) (775,)

 SNO Accuracy: 0.656
[[1302  287  211]
 [ 313  263   84]
 [  43   19  260]]

 rate=10 and ii =10
Accuracy: 0.796
Macro Precision: 0.753
Macro Recall: 0.728
Macro F1-score: 0.719

[[466  23  21]
 [ 86  67  16]
 [ 11   1  84]]
              precision    recall  f1-score   support

           0       0.83      0.91      0.87       510
           1       0.74      0.40      0.52       169
           2       0.69      0.88      0.77        96

    accuracy                           0.80       775
   macro avg       0.75      0.73      0.72       775
weighted avg       0.79      0.80      0.78       775

198 64.9
72 23.6
35 11.5
1800 64.7
660 23.7
322 11.6
(3087, 57) (3087,) (775, 57) (775,)

semi-SelfTrain Label Accuracy: 0.728
[[1755    1   44]
 [ 569   62   29]
 [ 115    0  207]]
0.7275341480948958 [0.975      0.09393939 0.64285714]

 rate=10 and ii =10
Accuracy: 0.764
Macro Precision: 0.844
Macro Recall: 0.579
Macro F1-score: 0.580

[[522   0  11]
 [139  15   5]
 [ 28   0  55]]
              precision    recall  f1-score   support

         0.0       0.76      0.98      0.85       533
         1.0       1.00      0.09      0.17       159
         2.0       0.77      0.66      0.71        83

    accuracy                           0.76       775
   macro avg       0.84      0.58      0.58       775
weighted avg       0.81      0.76      0.70       775

198 64.9
72 23.6
35 11.5
1800 64.7
660 23.7
322 11.6
(3087, 57) (3087,) (775, 57) (775,)

semi-LabelSpread Label Accuracy: 0.669
[[1800    0    0]
 [ 601   59    0]
 [ 319    0    3]]
0.6693026599568656 [1.         0.08939394 0.00931677]

 rate=10 and ii =10
Accuracy: 0.721
Macro Precision: 0.572
Macro Recall: 0.365
Macro F1-score: 0.336

[[544   0   0]
 [144  15   0]
 [ 72   0   0]]
              precision    recall  f1-score   support

         0.0       0.72      1.00      0.83       544
         1.0       1.00      0.09      0.17       159
         2.0       0.00      0.00      0.00        72

    accuracy                           0.72       775
   macro avg       0.57      0.36      0.34       775
weighted avg       0.71      0.72      0.62       775

198 64.9
72 23.6
35 11.5
1800 64.7
660 23.7
322 11.6
(3087, 57) (3087,) (775, 57) (2782,) (2782,)

2 order Label Accuracy: 0.726
[[1712   57   31]
 [ 537   96   27]
 [ 106    5  211]]
0.7257368799424874 [0.95111111 0.14545455 0.6552795 ]

 rate=10 and ii =10
Accuracy: 0.782
Macro Precision: 0.860
Macro Recall: 0.612
Macro F1-score: 0.627

[[525   1   6]
 [134  22   4]
 [ 24   0  59]]
              precision    recall  f1-score   support

           0       0.77      0.99      0.86       532
           1       0.96      0.14      0.24       160
           2       0.86      0.71      0.78        83

    accuracy                           0.78       775
   macro avg       0.86      0.61      0.63       775
weighted avg       0.82      0.78      0.73       775

198 64.9
72 23.6
35 11.5
1800 64.7
660 23.7
322 11.6
(3087, 57) (3087,) (775, 57) (2782,) (2782,)

3 order Label Accuracy: 0.712
[[1710   57   33]
 [ 538  106   16]
 [ 106   52  164]]
0.7117181883537024 [0.95       0.16060606 0.50931677]

 rate=10 and ii =10
Accuracy: 0.757
Macro Precision: 0.724
Macro Recall: 0.536
Macro F1-score: 0.569

[[525   5   3]
 [135  24   3]
 [ 27  15  38]]
              precision    recall  f1-score   support

           0       0.76      0.98      0.86       533
           1       0.55      0.15      0.23       162
           2       0.86      0.47      0.61        80

    accuracy                           0.76       775
   macro avg       0.72      0.54      0.57       775
weighted avg       0.73      0.76      0.70       775

198 64.9
72 23.6
35 11.5
1800 64.7
660 23.7
322 11.6
(3087, 57) (3087,) (775, 57) (2782,) (2782,)

4 order Label Accuracy: 0.734
[[1697   60   43]
 [ 481  155   24]
 [ 113   19  190]]
0.7340043134435658 [0.94277778 0.23484848 0.59006211]

 rate=10 and ii =10
Accuracy: 0.788
Macro Precision: 0.837
Macro Recall: 0.616
Macro F1-score: 0.648

[[525   4   4]
 [125  31   4]
 [ 26   1  55]]
              precision    recall  f1-score   support

           0       0.78      0.98      0.87       533
           1       0.86      0.19      0.32       160
           2       0.87      0.67      0.76        82

    accuracy                           0.79       775
   macro avg       0.84      0.62      0.65       775
weighted avg       0.80      0.79      0.74       775

Time(sec):  8.088726699999999
