nodes = range(self.m)
range(0, 8)
Graph with 8 nodes and 0 edges
3 151 8
L
[[1 1 1 ... 1 1 1]
 [1 1 2 ... 1 2 2]
 [1 1 1 ... 1 1 1]
 ...
 [1 2 1 ... 1 1 1]
 [1 1 1 ... 1 1 1]
 [1 1 1 ... 1 1 1]]
L_ind
[[1. 0. 0. ... 1. 0. 0.]
 [1. 0. 0. ... 0. 1. 0.]
 [1. 0. 0. ... 1. 0. 0.]
 ...
 [1. 0. 0. ... 1. 0. 0.]
 [1. 0. 0. ... 1. 0. 0.]
 [1. 0. 0. ... 1. 0. 0.]]
3 2936 8
L
[[2 1 1 ... 1 1 1]
 [1 1 3 ... 1 1 2]
 [1 1 1 ... 1 1 1]
 ...
 [1 1 3 ... 3 1 2]
 [1 1 1 ... 3 3 3]
 [1 1 2 ... 3 3 3]]
L_ind
[[0. 1. 0. ... 1. 0. 0.]
 [1. 0. 0. ... 0. 1. 0.]
 [1. 0. 0. ... 1. 0. 0.]
 ...
 [1. 0. 0. ... 0. 1. 0.]
 [1. 0. 0. ... 0. 0. 1.]
 [1. 0. 0. ... 0. 0. 1.]]
(3087, 57) (3087,) (775, 57) (775,)

 SNO Accuracy: 0.577
[[1181  565  153]
 [ 359  299   39]
 [  67   58  215]]

 rate=5 and ii =10
Accuracy: 0.707
Macro Precision: 0.666
Macro Recall: 0.669
Macro F1-score: 0.667

[[385  87  17]
 [ 87  95  10]
 [ 14  12  68]]
              precision    recall  f1-score   support

           0       0.79      0.79      0.79       489
           1       0.49      0.49      0.49       192
           2       0.72      0.72      0.72        94

    accuracy                           0.71       775
   macro avg       0.67      0.67      0.67       775
weighted avg       0.71      0.71      0.71       775

(3087, 57) (3087,) (775, 57) (775,)

semi-SelfTrain Label Accuracy: 0.697
[[1859    1   39]
 [ 666   23    8]
 [ 176    0  164]]
0.696866485013624 [0.97893628 0.03299857 0.48235294]

 rate=5 and ii =10
Accuracy: 0.752
Macro Precision: 0.859
Macro Recall: 0.538
Macro F1-score: 0.535

[[528   0   7]
 [148   5   3]
 [ 34   0  50]]
              precision    recall  f1-score   support

         0.0       0.74      0.99      0.85       535
         1.0       1.00      0.03      0.06       156
         2.0       0.83      0.60      0.69        84

    accuracy                           0.75       775
   macro avg       0.86      0.54      0.53       775
weighted avg       0.80      0.75      0.67       775

(3087, 57) (3087,) (775, 57) (775,)

semi-LabelSpread Label Accuracy: 0.655
[[1899    0    0]
 [ 676   21    0]
 [ 338    0    2]]
0.6546321525885559 [1.         0.03012912 0.00588235]

 rate=5 and ii =10
Accuracy: 0.716
Macro Precision: 0.904
Macro Recall: 0.358
Macro F1-score: 0.325

[[547   0   0]
 [151   5   0]
 [ 69   0   3]]
              precision    recall  f1-score   support

         0.0       0.71      1.00      0.83       547
         1.0       1.00      0.03      0.06       156
         2.0       1.00      0.04      0.08        72

    accuracy                           0.72       775
   macro avg       0.90      0.36      0.32       775
weighted avg       0.80      0.72      0.61       775

(3087, 57) (3087,) (775, 57) (2936,) (2936,)

2 order Label Accuracy: 0.673
[[1721  163   15]
 [ 601   91    5]
 [ 158   19  163]]
0.672683923705722 [0.90626646 0.13055954 0.47941176]

 rate=5 and ii =10
Accuracy: 0.748
Macro Precision: 0.733
Macro Recall: 0.530
Macro F1-score: 0.553

[[524   8   4]
 [144  14   1]
 [ 35   3  42]]
              precision    recall  f1-score   support

           0       0.75      0.98      0.85       536
           1       0.56      0.09      0.15       159
           2       0.89      0.53      0.66        80

    accuracy                           0.75       775
   macro avg       0.73      0.53      0.55       775
weighted avg       0.72      0.75      0.68       775

(3087, 57) (3087,) (775, 57) (2936,) (2936,)

3 order Label Accuracy: 0.657
[[1705   90  104]
 [ 597   60   40]
 [ 148   29  163]]
0.6566757493188011 [0.89784097 0.08608321 0.47941176]

 rate=5 and ii =10
Accuracy: 0.752
Macro Precision: 0.764
Macro Recall: 0.539
Macro F1-score: 0.542

[[526   2   7]
 [144   8   4]
 [ 34   1  49]]
              precision    recall  f1-score   support

           0       0.75      0.98      0.85       535
           1       0.73      0.05      0.10       156
           2       0.82      0.58      0.68        84

    accuracy                           0.75       775
   macro avg       0.76      0.54      0.54       775
weighted avg       0.75      0.75      0.68       775

(3087, 57) (3087,) (775, 57) (2936,) (2936,)

4 order Label Accuracy: 0.707
[[1809   64   26]
 [ 580  112    5]
 [ 173   13  154]]
0.7067438692098093 [0.95260664 0.16068867 0.45294118]

 rate=5 and ii =10
Accuracy: 0.775
Macro Precision: 0.869
Macro Recall: 0.566
Macro F1-score: 0.608

[[530   1   3]
 [131  27   1]
 [ 37   1  44]]
              precision    recall  f1-score   support

           0       0.76      0.99      0.86       534
           1       0.93      0.17      0.29       159
           2       0.92      0.54      0.68        82

    accuracy                           0.78       775
   macro avg       0.87      0.57      0.61       775
weighted avg       0.81      0.78      0.72       775

Time(sec):  6.827358800000001
nodes = range(self.m)
range(0, 8)
Graph with 8 nodes and 0 edges
3 153 8
L
[[3 3 3 ... 1 3 3]
 [1 1 1 ... 1 1 1]
 [1 1 1 ... 1 1 1]
 ...
 [1 1 2 ... 1 2 2]
 [1 1 1 ... 1 1 1]
 [1 1 1 ... 1 1 1]]
L_ind
[[0. 0. 1. ... 0. 0. 1.]
 [1. 0. 0. ... 1. 0. 0.]
 [1. 0. 0. ... 1. 0. 0.]
 ...
 [1. 0. 0. ... 0. 1. 0.]
 [1. 0. 0. ... 1. 0. 0.]
 [1. 0. 0. ... 1. 0. 0.]]
3 2934 8
L
[[1 1 1 ... 1 1 1]
 [1 1 1 ... 1 1 1]
 [2 2 1 ... 1 1 1]
 ...
 [1 1 3 ... 1 1 1]
 [1 1 1 ... 1 3 3]
 [1 1 1 ... 1 3 3]]
L_ind
[[1. 0. 0. ... 1. 0. 0.]
 [1. 0. 0. ... 1. 0. 0.]
 [0. 1. 0. ... 1. 0. 0.]
 ...
 [1. 0. 0. ... 1. 0. 0.]
 [1. 0. 0. ... 0. 0. 1.]
 [1. 0. 0. ... 0. 0. 1.]]
(3087, 57) (3087,) (775, 57) (775,)

 SNO Accuracy: 0.590
[[1228  499  171]
 [ 363  265   68]
 [  56   45  239]]

 rate=5 and ii =1
Accuracy: 0.705
Macro Precision: 0.638
Macro Recall: 0.674
Macro F1-score: 0.651

[[390  72  34]
 [ 91  80  13]
 [ 13   6  76]]
              precision    recall  f1-score   support

           0       0.79      0.79      0.79       496
           1       0.51      0.43      0.47       184
           2       0.62      0.80      0.70        95

    accuracy                           0.70       775
   macro avg       0.64      0.67      0.65       775
weighted avg       0.70      0.70      0.70       775

(3087, 57) (3087,) (775, 57) (775,)

semi-SelfTrain Label Accuracy: 0.665
[[1792   74   32]
 [ 633   46   17]
 [ 223    4  113]]
0.6649625085207908 [0.94415174 0.06609195 0.33235294]

 rate=5 and ii =1
Accuracy: 0.729
Macro Precision: 0.701
Macro Recall: 0.468
Macro F1-score: 0.490

[[523   8   7]
 [142  18   2]
 [ 49   2  24]]
              precision    recall  f1-score   support

         0.0       0.73      0.97      0.84       538
         1.0       0.64      0.11      0.19       162
         2.0       0.73      0.32      0.44        75

    accuracy                           0.73       775
   macro avg       0.70      0.47      0.49       775
weighted avg       0.71      0.73      0.66       775

(3087, 57) (3087,) (775, 57) (775,)

semi-LabelSpread Label Accuracy: 0.657
[[1898    0    0]
 [ 668   28    0]
 [ 337    0    3]]
0.6574642126789366 [1.         0.04022989 0.00882353]

 rate=5 and ii =1
Accuracy: 0.719
Macro Precision: 0.572
Macro Recall: 0.355
Macro F1-score: 0.318

[[547   0   0]
 [146  10   0]
 [ 72   0   0]]
              precision    recall  f1-score   support

         0.0       0.72      1.00      0.83       547
         1.0       1.00      0.06      0.12       156
         2.0       0.00      0.00      0.00        72

    accuracy                           0.72       775
   macro avg       0.57      0.35      0.32       775
weighted avg       0.71      0.72      0.61       775

(3087, 57) (3087,) (775, 57) (2934,) (2934,)

2 order Label Accuracy: 0.648
[[1655  213   30]
 [ 587   99   10]
 [ 169   23  148]]
0.6482617586912065 [0.8719705  0.14224138 0.43529412]

 rate=5 and ii =1
Accuracy: 0.719
Macro Precision: 0.669
Macro Recall: 0.538
Macro F1-score: 0.570

[[481  32  10]
 [132  39   2]
 [ 37   5  37]]
              precision    recall  f1-score   support

           0       0.74      0.92      0.82       523
           1       0.51      0.23      0.31       173
           2       0.76      0.47      0.58        79

    accuracy                           0.72       775
   macro avg       0.67      0.54      0.57       775
weighted avg       0.69      0.72      0.68       775

(3087, 57) (3087,) (775, 57) (2934,) (2934,)

3 order Label Accuracy: 0.622
[[1595  244   59]
 [ 579  103   14]
 [ 154   59  127]]
0.6220177232447172 [0.84035827 0.14798851 0.37352941]

 rate=5 and ii =1
Accuracy: 0.707
Macro Precision: 0.678
Macro Recall: 0.523
Macro F1-score: 0.563

[[472  42   4]
 [133  43   2]
 [ 36  10  33]]
              precision    recall  f1-score   support

           0       0.74      0.91      0.81       518
           1       0.45      0.24      0.32       178
           2       0.85      0.42      0.56        79

    accuracy                           0.71       775
   macro avg       0.68      0.52      0.56       775
weighted avg       0.68      0.71      0.67       775

(3087, 57) (3087,) (775, 57) (2934,) (2934,)

4 order Label Accuracy: 0.634
[[1620  184   94]
 [ 579   86   31]
 [ 157   30  153]]
0.6336059986366734 [0.85353003 0.12356322 0.45      ]

 rate=5 and ii =1
Accuracy: 0.719
Macro Precision: 0.659
Macro Recall: 0.548
Macro F1-score: 0.572

[[480  31  11]
 [133  31   4]
 [ 37   2  46]]
              precision    recall  f1-score   support

           0       0.74      0.92      0.82       522
           1       0.48      0.18      0.27       168
           2       0.75      0.54      0.63        85

    accuracy                           0.72       775
   macro avg       0.66      0.55      0.57       775
weighted avg       0.69      0.72      0.68       775

Time(sec):  7.388888099999999
nodes = range(self.m)
range(0, 8)
Graph with 8 nodes and 0 edges
3 152 8
L
[[1 1 1 ... 1 1 1]
 [1 1 1 ... 1 1 1]
 [1 1 1 ... 3 1 1]
 ...
 [1 1 2 ... 1 2 2]
 [1 1 1 ... 1 1 1]
 [1 1 1 ... 1 1 1]]
L_ind
[[1. 0. 0. ... 1. 0. 0.]
 [1. 0. 0. ... 1. 0. 0.]
 [1. 0. 0. ... 1. 0. 0.]
 ...
 [1. 0. 0. ... 0. 1. 0.]
 [1. 0. 0. ... 1. 0. 0.]
 [1. 0. 0. ... 1. 0. 0.]]
3 2935 8
L
[[1 1 3 ... 1 1 1]
 [1 1 1 ... 1 1 1]
 [1 1 1 ... 1 1 1]
 ...
 [1 1 3 ... 1 3 3]
 [1 1 1 ... 3 3 3]
 [1 1 1 ... 3 3 3]]
L_ind
[[1. 0. 0. ... 1. 0. 0.]
 [1. 0. 0. ... 1. 0. 0.]
 [1. 0. 0. ... 1. 0. 0.]
 ...
 [1. 0. 0. ... 0. 0. 1.]
 [1. 0. 0. ... 0. 0. 1.]
 [1. 0. 0. ... 0. 0. 1.]]
(3087, 57) (3087,) (775, 57) (775,)

 SNO Accuracy: 0.552
[[1085  469  345]
 [ 313  264  119]
 [  27   42  271]]

 rate=5 and ii =2
Accuracy: 0.725
Macro Precision: 0.658
Macro Recall: 0.706
Macro F1-score: 0.672

[[392  62  34]
 [ 82  84  22]
 [  7   6  86]]
              precision    recall  f1-score   support

           0       0.81      0.80      0.81       488
           1       0.55      0.45      0.49       188
           2       0.61      0.87      0.71        99

    accuracy                           0.73       775
   macro avg       0.66      0.71      0.67       775
weighted avg       0.72      0.73      0.72       775

(3087, 57) (3087,) (775, 57) (775,)

semi-SelfTrain Label Accuracy: 0.668
[[1814   40   45]
 [ 627   38   31]
 [ 229    1  110]]
0.6684838160136286 [0.9552396  0.0545977  0.32352941]

 rate=5 and ii =2
Accuracy: 0.742
Macro Precision: 0.737
Macro Recall: 0.505
Macro F1-score: 0.524

[[524   4   7]
 [138  18   6]
 [ 43   2  33]]
              precision    recall  f1-score   support

         0.0       0.74      0.98      0.85       535
         1.0       0.75      0.11      0.19       162
         2.0       0.72      0.42      0.53        78

    accuracy                           0.74       775
   macro avg       0.74      0.50      0.52       775
weighted avg       0.74      0.74      0.68       775

(3087, 57) (3087,) (775, 57) (775,)

semi-LabelSpread Label Accuracy: 0.659
[[1899    0    0]
 [ 662   34    0]
 [ 338    0    2]]
0.6592844974446337 [1.         0.04885057 0.00588235]

 rate=5 and ii =2
Accuracy: 0.717
Macro Precision: 0.571
Macro Recall: 0.355
Macro F1-score: 0.318

[[546   0   0]
 [147  10   0]
 [ 72   0   0]]
              precision    recall  f1-score   support

         0.0       0.71      1.00      0.83       546
         1.0       1.00      0.06      0.12       157
         2.0       0.00      0.00      0.00        72

    accuracy                           0.72       775
   macro avg       0.57      0.35      0.32       775
weighted avg       0.71      0.72      0.61       775

(3087, 57) (3087,) (775, 57) (2935,) (2935,)

2 order Label Accuracy: 0.686
[[1669  167   63]
 [ 546  111   39]
 [  89   18  233]]
0.6858603066439523 [0.87888362 0.15948276 0.68529412]

 rate=5 and ii =2
Accuracy: 0.763
Macro Precision: 0.719
Macro Recall: 0.614
Macro F1-score: 0.622

[[501  16  11]
 [122  31  10]
 [ 24   1  59]]
              precision    recall  f1-score   support

           0       0.77      0.95      0.85       528
           1       0.65      0.19      0.29       163
           2       0.74      0.70      0.72        84

    accuracy                           0.76       775
   macro avg       0.72      0.61      0.62       775
weighted avg       0.74      0.76      0.72       775

(3087, 57) (3087,) (775, 57) (2935,) (2935,)

3 order Label Accuracy: 0.685
[[1749  120   30]
 [ 589   87   20]
 [ 121   44  175]]
0.6851788756388416 [0.92101106 0.125      0.51470588]

 rate=5 and ii =2
Accuracy: 0.764
Macro Precision: 0.758
Macro Recall: 0.575
Macro F1-score: 0.608

[[515   9   5]
 [129  31   4]
 [ 30   6  46]]
              precision    recall  f1-score   support

           0       0.76      0.97      0.86       529
           1       0.67      0.19      0.30       164
           2       0.84      0.56      0.67        82

    accuracy                           0.76       775
   macro avg       0.76      0.57      0.61       775
weighted avg       0.75      0.76      0.72       775

(3087, 57) (3087,) (775, 57) (2935,) (2935,)

4 order Label Accuracy: 0.686
[[1703  133   63]
 [ 550  105   41]
 [ 109   26  205]]
0.6858603066439523 [0.89678778 0.15086207 0.60294118]

 rate=5 and ii =2
Accuracy: 0.770
Macro Precision: 0.772
Macro Recall: 0.602
Macro F1-score: 0.618

[[512   6  12]
 [123  30   8]
 [ 28   1  55]]
              precision    recall  f1-score   support

           0       0.77      0.97      0.86       530
           1       0.81      0.19      0.30       161
           2       0.73      0.65      0.69        84

    accuracy                           0.77       775
   macro avg       0.77      0.60      0.62       775
weighted avg       0.78      0.77      0.72       775

Time(sec):  7.9779724000000005
nodes = range(self.m)
range(0, 8)
Graph with 8 nodes and 0 edges
3 153 8
L
[[2 1 2 ... 1 2 2]
 [1 1 1 ... 1 1 1]
 [1 1 2 ... 1 2 2]
 ...
 [2 1 3 ... 3 3 3]
 [1 1 1 ... 1 1 1]
 [2 1 3 ... 3 3 3]]
L_ind
[[0. 1. 0. ... 0. 1. 0.]
 [1. 0. 0. ... 1. 0. 0.]
 [1. 0. 0. ... 0. 1. 0.]
 ...
 [0. 1. 0. ... 0. 0. 1.]
 [1. 0. 0. ... 1. 0. 0.]
 [0. 1. 0. ... 0. 0. 1.]]
3 2934 8
L
[[1 1 1 ... 1 1 2]
 [1 2 3 ... 1 1 1]
 [1 1 1 ... 1 1 3]
 ...
 [1 1 3 ... 1 3 3]
 [1 1 1 ... 3 3 3]
 [1 1 1 ... 3 3 3]]
L_ind
[[1. 0. 0. ... 0. 1. 0.]
 [1. 0. 0. ... 1. 0. 0.]
 [1. 0. 0. ... 0. 0. 1.]
 ...
 [1. 0. 0. ... 0. 0. 1.]
 [1. 0. 0. ... 0. 0. 1.]
 [1. 0. 0. ... 0. 0. 1.]]
(3087, 57) (3087,) (775, 57) (775,)

 SNO Accuracy: 0.467
[[828 534 536]
 [258 277 161]
 [ 36  38 266]]

 rate=5 and ii =3
Accuracy: 0.623
Macro Precision: 0.591
Macro Recall: 0.670
Macro F1-score: 0.605

[[270  97  92]
 [ 64 100  26]
 [  4   9 113]]
              precision    recall  f1-score   support

           0       0.80      0.59      0.68       459
           1       0.49      0.53      0.51       190
           2       0.49      0.90      0.63       126

    accuracy                           0.62       775
   macro avg       0.59      0.67      0.61       775
weighted avg       0.67      0.62      0.63       775

(3087, 57) (3087,) (775, 57) (775,)

semi-SelfTrain Label Accuracy: 0.678
[[1770   85   43]
 [ 625   58   13]
 [ 148   32  160]]
0.6775732788002726 [0.93256059 0.08333333 0.47058824]

 rate=5 and ii =3
Accuracy: 0.728
Macro Precision: 0.677
Macro Recall: 0.524
Macro F1-score: 0.554

[[503  21   3]
 [144  22   2]
 [ 29  12  39]]
              precision    recall  f1-score   support

         0.0       0.74      0.95      0.84       527
         1.0       0.40      0.13      0.20       168
         2.0       0.89      0.49      0.63        80

    accuracy                           0.73       775
   macro avg       0.68      0.52      0.55       775
weighted avg       0.68      0.73      0.68       775

(3087, 57) (3087,) (775, 57) (775,)

semi-LabelSpread Label Accuracy: 0.656
[[1898    0    0]
 [ 670   26    0]
 [ 338    0    2]]
0.656441717791411 [1.         0.03735632 0.00588235]

 rate=5 and ii =3
Accuracy: 0.711
Macro Precision: 0.569
Macro Recall: 0.348
Macro F1-score: 0.305

[[544   0   0]
 [152   7   0]
 [ 72   0   0]]
              precision    recall  f1-score   support

         0.0       0.71      1.00      0.83       544
         1.0       1.00      0.04      0.08       159
         2.0       0.00      0.00      0.00        72

    accuracy                           0.71       775
   macro avg       0.57      0.35      0.30       775
weighted avg       0.70      0.71      0.60       775

(3087, 57) (3087,) (775, 57) (2934,) (2934,)

2 order Label Accuracy: 0.678
[[1618  211   69]
 [ 516  158   22]
 [ 114   13  213]]
0.6779141104294478 [0.85247629 0.22701149 0.62647059]

 rate=5 and ii =3
Accuracy: 0.746
Macro Precision: 0.702
Macro Recall: 0.603
Macro F1-score: 0.624

[[486  27  10]
 [129  35   3]
 [ 24   4  57]]
              precision    recall  f1-score   support

           0       0.76      0.93      0.84       523
           1       0.53      0.21      0.30       167
           2       0.81      0.67      0.74        85

    accuracy                           0.75       775
   macro avg       0.70      0.60      0.62       775
weighted avg       0.72      0.75      0.71       775

(3087, 57) (3087,) (775, 57) (2934,) (2934,)

3 order Label Accuracy: 0.669
[[1661  176   61]
 [ 565  115   16]
 [ 130   24  186]]
0.6687116564417178 [0.87513172 0.16522989 0.54705882]

 rate=5 and ii =3
Accuracy: 0.742
Macro Precision: 0.702
Macro Recall: 0.561
Macro F1-score: 0.587

[[504  21   5]
 [140  21   1]
 [ 30   3  50]]
              precision    recall  f1-score   support

           0       0.75      0.95      0.84       530
           1       0.47      0.13      0.20       162
           2       0.89      0.60      0.72        83

    accuracy                           0.74       775
   macro avg       0.70      0.56      0.59       775
weighted avg       0.70      0.74      0.69       775

(3087, 57) (3087,) (775, 57) (2934,) (2934,)

4 order Label Accuracy: 0.699
[[1754   80   64]
 [ 569  105   22]
 [ 132   17  191]]
0.6987048398091343 [0.92413066 0.15086207 0.56176471]

 rate=5 and ii =3
Accuracy: 0.760
Macro Precision: 0.749
Macro Recall: 0.571
Macro F1-score: 0.593

[[516   7   8]
 [132  26   5]
 [ 30   4  47]]
              precision    recall  f1-score   support

           0       0.76      0.97      0.85       531
           1       0.70      0.16      0.26       163
           2       0.78      0.58      0.67        81

    accuracy                           0.76       775
   macro avg       0.75      0.57      0.59       775
weighted avg       0.75      0.76      0.71       775

Time(sec):  7.636564399999999

nodes = range(self.m)
range(0, 8)
Graph with 8 nodes and 0 edges
3 153 8
L
[[3 3 3 ... 3 3 3]
 [1 1 1 ... 1 1 1]
 [1 1 1 ... 1 1 1]
 ...
 [1 1 1 ... 1 1 1]
 [2 1 1 ... 1 1 1]
 [1 1 2 ... 1 2 2]]
L_ind
[[0. 0. 1. ... 0. 0. 1.]
 [1. 0. 0. ... 1. 0. 0.]
 [1. 0. 0. ... 1. 0. 0.]
 ...
 [1. 0. 0. ... 1. 0. 0.]
 [0. 1. 0. ... 1. 0. 0.]
 [1. 0. 0. ... 0. 1. 0.]]
3 2934 8
L
[[2 1 1 ... 1 1 1]
 [1 1 1 ... 1 1 1]
 [3 1 1 ... 1 1 1]
 ...
 [1 1 3 ... 3 2 3]
 [1 1 1 ... 3 3 3]
 [2 1 1 ... 3 3 3]]
L_ind
[[0. 1. 0. ... 1. 0. 0.]
 [1. 0. 0. ... 1. 0. 0.]
 [0. 0. 1. ... 1. 0. 0.]
 ...
 [1. 0. 0. ... 0. 0. 1.]
 [1. 0. 0. ... 0. 0. 1.]
 [0. 1. 0. ... 0. 0. 1.]]
(3087, 57) (3087,) (775, 57) (775,)

 SNO Accuracy: 0.541
[[1020  588  290]
 [ 282  307  107]
 [  55   25  260]]

 rate=5 and ii =4
Accuracy: 0.666
Macro Precision: 0.615
Macro Recall: 0.689
Macro F1-score: 0.640

[[326 100  53]
 [ 75 105  16]
 [ 11   4  85]]
              precision    recall  f1-score   support

           0       0.79      0.68      0.73       479
           1       0.50      0.54      0.52       196
           2       0.55      0.85      0.67       100

    accuracy                           0.67       775
   macro avg       0.62      0.69      0.64       775
weighted avg       0.69      0.67      0.67       775

(3087, 57) (3087,) (775, 57) (775,)

semi-SelfTrain Label Accuracy: 0.699
[[1876    1   21]
 [ 657   35    4]
 [ 199    0  141]]
0.6993865030674846 [0.98840885 0.05028736 0.41470588]

 rate=5 and ii =4
Accuracy: 0.748
Macro Precision: 0.884
Macro Recall: 0.494
Macro F1-score: 0.519

[[535   0   3]
 [145  12   0]
 [ 47   0  33]]
              precision    recall  f1-score   support

         0.0       0.74      0.99      0.85       538
         1.0       1.00      0.08      0.14       157
         2.0       0.92      0.41      0.57        80

    accuracy                           0.75       775
   macro avg       0.88      0.49      0.52       775
weighted avg       0.81      0.75      0.67       775

(3087, 57) (3087,) (775, 57) (775,)

semi-LabelSpread Label Accuracy: 0.658
[[1898    0    0]
 [ 664   32    0]
 [ 338    0    2]]
0.6584867075664622 [1.         0.04597701 0.00588235]

 rate=5 and ii =4
Accuracy: 0.720
Macro Precision: 0.572
Macro Recall: 0.359
Macro F1-score: 0.325

[[546   0   0]
 [145  12   0]
 [ 72   0   0]]
              precision    recall  f1-score   support

         0.0       0.72      1.00      0.83       546
         1.0       1.00      0.08      0.14       157
         2.0       0.00      0.00      0.00        72

    accuracy                           0.72       775
   macro avg       0.57      0.36      0.33       775
weighted avg       0.71      0.72      0.62       775

(3087, 57) (3087,) (775, 57) (2934,) (2934,)

2 order Label Accuracy: 0.684
[[1696  163   39]
 [ 565  121   10]
 [ 142    9  189]]
0.6837082481254261 [0.89357218 0.17385057 0.55588235]

 rate=5 and ii =4
Accuracy: 0.748
Macro Precision: 0.739
Macro Recall: 0.568
Macro F1-score: 0.598

[[504  17   6]
 [136  26   1]
 [ 34   1  50]]
              precision    recall  f1-score   support

           0       0.75      0.96      0.84       527
           1       0.59      0.16      0.25       163
           2       0.88      0.59      0.70        85

    accuracy                           0.75       775
   macro avg       0.74      0.57      0.60       775
weighted avg       0.73      0.75      0.70       775

(3087, 57) (3087,) (775, 57) (2934,) (2934,)

3 order Label Accuracy: 0.666
[[1641  180   77]
 [ 541  129   26]
 [ 134   23  183]]
0.6656441717791411 [0.86459431 0.18534483 0.53823529]

 rate=5 and ii =4
Accuracy: 0.745
Macro Precision: 0.704
Macro Recall: 0.569
Macro F1-score: 0.593

[[499  17  11]
 [134  27   1]
 [ 30   5  51]]
              precision    recall  f1-score   support

           0       0.75      0.95      0.84       527
           1       0.55      0.17      0.26       162
           2       0.81      0.59      0.68        86

    accuracy                           0.74       775
   macro avg       0.70      0.57      0.59       775
weighted avg       0.72      0.74      0.70       775

(3087, 57) (3087,) (775, 57) (2934,) (2934,)

4 order Label Accuracy: 0.677
[[1677  158   63]
 [ 560  119   17]
 [ 135   14  191]]
0.6772324471710974 [0.88356164 0.17097701 0.56176471]

 rate=5 and ii =4
Accuracy: 0.748
Macro Precision: 0.727
Macro Recall: 0.571
Macro F1-score: 0.599

[[503  19   6]
 [134  26   2]
 [ 33   1  51]]
              precision    recall  f1-score   support

           0       0.75      0.95      0.84       528
           1       0.57      0.16      0.25       162
           2       0.86      0.60      0.71        85

    accuracy                           0.75       775
   macro avg       0.73      0.57      0.60       775
weighted avg       0.72      0.75      0.70       775

Time(sec):  6.996488800000001
nodes = range(self.m)
range(0, 8)
Graph with 8 nodes and 0 edges
3 153 8
L
[[1 1 2 ... 1 2 2]
 [1 1 1 ... 2 1 1]
 [1 1 1 ... 1 1 1]
 ...
 [1 1 1 ... 1 1 1]
 [1 1 1 ... 1 1 1]
 [1 1 1 ... 1 1 1]]
L_ind
[[1. 0. 0. ... 0. 1. 0.]
 [1. 0. 0. ... 1. 0. 0.]
 [1. 0. 0. ... 1. 0. 0.]
 ...
 [1. 0. 0. ... 1. 0. 0.]
 [1. 0. 0. ... 1. 0. 0.]
 [1. 0. 0. ... 1. 0. 0.]]
3 2934 8
L
[[1 1 3 ... 2 1 1]
 [1 1 1 ... 1 1 1]
 [1 1 1 ... 1 1 1]
 ...
 [1 1 3 ... 3 3 3]
 [1 1 1 ... 3 3 3]
 [1 1 1 ... 3 3 3]]
L_ind
[[1. 0. 0. ... 1. 0. 0.]
 [1. 0. 0. ... 1. 0. 0.]
 [1. 0. 0. ... 1. 0. 0.]
 ...
 [1. 0. 0. ... 0. 0. 1.]
 [1. 0. 0. ... 0. 0. 1.]
 [1. 0. 0. ... 0. 0. 1.]]
(3087, 57) (3087,) (775, 57) (775,)

 SNO Accuracy: 0.605
[[1279  391  228]
 [ 397  230   69]
 [  50   25  265]]

 rate=5 and ii =5
Accuracy: 0.745
Macro Precision: 0.670
Macro Recall: 0.686
Macro F1-score: 0.662

[[431  33  43]
 [ 92  62  14]
 [  8   8  84]]
              precision    recall  f1-score   support

           0       0.81      0.85      0.83       507
           1       0.60      0.37      0.46       168
           2       0.60      0.84      0.70       100

    accuracy                           0.74       775
   macro avg       0.67      0.69      0.66       775
weighted avg       0.74      0.74      0.73       775

(3087, 57) (3087,) (775, 57) (775,)

semi-SelfTrain Label Accuracy: 0.698
[[1823   38   37]
 [ 639   43   14]
 [ 136   21  183]]
0.6983640081799591 [0.96048472 0.06178161 0.53823529]

 rate=5 and ii =5
Accuracy: 0.752
Macro Precision: 0.698
Macro Recall: 0.546
Macro F1-score: 0.557

[[525   6   4]
 [147  10   2]
 [ 27   6  48]]
              precision    recall  f1-score   support

         0.0       0.75      0.98      0.85       535
         1.0       0.45      0.06      0.11       159
         2.0       0.89      0.59      0.71        81

    accuracy                           0.75       775
   macro avg       0.70      0.55      0.56       775
weighted avg       0.70      0.75      0.68       775

(3087, 57) (3087,) (775, 57) (775,)

semi-LabelSpread Label Accuracy: 0.658
[[1898    0    0]
 [ 666   30    0]
 [ 338    0    2]]
0.6578050443081118 [1.         0.04310345 0.00588235]

 rate=5 and ii =5
Accuracy: 0.712
Macro Precision: 0.570
Macro Recall: 0.344
Macro F1-score: 0.298

[[547   0   0]
 [151   5   0]
 [ 72   0   0]]
              precision    recall  f1-score   support

         0.0       0.71      1.00      0.83       547
         1.0       1.00      0.03      0.06       156
         2.0       0.00      0.00      0.00        72

    accuracy                           0.71       775
   macro avg       0.57      0.34      0.30       775
weighted avg       0.70      0.71      0.60       775

(3087, 57) (3087,) (775, 57) (2934,) (2934,)

2 order Label Accuracy: 0.699
[[1726  138   34]
 [ 564  113   19]
 [  97   31  212]]
0.6990456714383094 [0.90937829 0.16235632 0.62352941]

 rate=5 and ii =5
Accuracy: 0.754
Macro Precision: 0.683
Macro Recall: 0.575
Macro F1-score: 0.585

[[514  12   6]
 [141  16   4]
 [ 20   8  54]]
              precision    recall  f1-score   support

           0       0.76      0.97      0.85       532
           1       0.44      0.10      0.16       161
           2       0.84      0.66      0.74        82

    accuracy                           0.75       775
   macro avg       0.68      0.57      0.58       775
weighted avg       0.70      0.75      0.70       775

(3087, 57) (3087,) (775, 57) (2934,) (2934,)

3 order Label Accuracy: 0.692
[[1724  100   74]
 [ 561  101   34]
 [  92   44  204]]
0.6915473755964554 [0.90832455 0.14511494 0.6       ]

 rate=5 and ii =5
Accuracy: 0.743
Macro Precision: 0.645
Macro Recall: 0.553
Macro F1-score: 0.560

[[511  11   9]
 [140  16   6]
 [ 21  12  49]]
              precision    recall  f1-score   support

           0       0.76      0.96      0.85       531
           1       0.41      0.10      0.16       162
           2       0.77      0.60      0.67        82

    accuracy                           0.74       775
   macro avg       0.65      0.55      0.56       775
weighted avg       0.69      0.74      0.69       775

(3087, 57) (3087,) (775, 57) (2934,) (2934,)

4 order Label Accuracy: 0.722
[[1793   78   27]
 [ 572  104   20]
 [  99   21  220]]
0.7215405589638718 [0.94467861 0.14942529 0.64705882]

 rate=5 and ii =5
Accuracy: 0.766
Macro Precision: 0.744
Macro Recall: 0.589
Macro F1-score: 0.588

[[522   5   6]
 [142  11   4]
 [ 22   2  61]]
              precision    recall  f1-score   support

           0       0.76      0.98      0.86       533
           1       0.61      0.07      0.13       157
           2       0.86      0.72      0.78        85

    accuracy                           0.77       775
   macro avg       0.74      0.59      0.59       775
weighted avg       0.74      0.77      0.70       775

Time(sec):  7.5367315
nodes = range(self.m)
range(0, 8)
Graph with 8 nodes and 0 edges
3 151 8
L
[[1 1 1 ... 1 1 1]
 [1 1 2 ... 2 2 2]
 [1 1 1 ... 1 1 1]
 ...
 [2 2 2 ... 1 2 2]
 [1 1 2 ... 1 2 2]
 [1 1 2 ... 1 2 2]]
L_ind
[[1. 0. 0. ... 1. 0. 0.]
 [1. 0. 0. ... 0. 1. 0.]
 [1. 0. 0. ... 1. 0. 0.]
 ...
 [0. 1. 0. ... 0. 1. 0.]
 [1. 0. 0. ... 0. 1. 0.]
 [1. 0. 0. ... 0. 1. 0.]]
3 2936 8
L
[[1 1 3 ... 1 2 2]
 [2 1 1 ... 1 1 1]
 [2 1 1 ... 1 1 1]
 ...
 [1 1 3 ... 1 1 3]
 [2 1 1 ... 3 3 3]
 [1 1 1 ... 3 3 3]]
L_ind
[[1. 0. 0. ... 0. 1. 0.]
 [0. 1. 0. ... 1. 0. 0.]
 [0. 1. 0. ... 1. 0. 0.]
 ...
 [1. 0. 0. ... 0. 0. 1.]
 [0. 1. 0. ... 0. 0. 1.]
 [1. 0. 0. ... 0. 0. 1.]]
(3087, 57) (3087,) (775, 57) (775,)

 SNO Accuracy: 0.555
[[1077  608  215]
 [ 312  316   68]
 [  35   68  237]]

 rate=5 and ii =6
Accuracy: 0.657
Macro Precision: 0.622
Macro Recall: 0.650
Macro F1-score: 0.634

[[344 118  23]
 [ 92  95  11]
 [  7  15  70]]
              precision    recall  f1-score   support

           0       0.78      0.71      0.74       485
           1       0.42      0.48      0.45       198
           2       0.67      0.76      0.71        92

    accuracy                           0.66       775
   macro avg       0.62      0.65      0.63       775
weighted avg       0.67      0.66      0.66       775

(3087, 57) (3087,) (775, 57) (775,)

semi-SelfTrain Label Accuracy: 0.696
[[1794   44   62]
 [ 618   45   33]
 [ 135    1  204]]
0.6958446866485014 [0.94421053 0.06465517 0.6       ]

 rate=5 and ii =6
Accuracy: 0.741
Macro Precision: 0.679
Macro Recall: 0.554
Macro F1-score: 0.553

[[508  10  14]
 [138  15   7]
 [ 31   1  51]]
              precision    recall  f1-score   support

         0.0       0.75      0.95      0.84       532
         1.0       0.58      0.09      0.16       160
         2.0       0.71      0.61      0.66        83

    accuracy                           0.74       775
   macro avg       0.68      0.55      0.55       775
weighted avg       0.71      0.74      0.68       775

(3087, 57) (3087,) (775, 57) (775,)

semi-LabelSpread Label Accuracy: 0.659
[[1900    0    0]
 [ 664   32    0]
 [ 336    0    4]]
0.659400544959128 [1.         0.04597701 0.01176471]

 rate=5 and ii =6
Accuracy: 0.720
Macro Precision: 0.905
Macro Recall: 0.366
Macro F1-score: 0.341

[[546   0   0]
 [148   9   0]
 [ 69   0   3]]
              precision    recall  f1-score   support

         0.0       0.72      1.00      0.83       546
         1.0       1.00      0.06      0.11       157
         2.0       1.00      0.04      0.08        72

    accuracy                           0.72       775
   macro avg       0.91      0.37      0.34       775
weighted avg       0.80      0.72      0.62       775

(3087, 57) (3087,) (775, 57) (2936,) (2936,)

2 order Label Accuracy: 0.668
[[1625  245   30]
 [ 556  130   10]
 [  83   51  206]]
0.6679155313351499 [0.85526316 0.18678161 0.60588235]

 rate=5 and ii =6
Accuracy: 0.725
Macro Precision: 0.687
Macro Recall: 0.582
Macro F1-score: 0.614

[[473  42   5]
 [133  39   1]
 [ 18  14  50]]
              precision    recall  f1-score   support

           0       0.76      0.91      0.83       520
           1       0.41      0.23      0.29       173
           2       0.89      0.61      0.72        82

    accuracy                           0.73       775
   macro avg       0.69      0.58      0.61       775
weighted avg       0.69      0.73      0.70       775

(3087, 57) (3087,) (775, 57) (2936,) (2936,)

3 order Label Accuracy: 0.666
[[1683   74  143]
 [ 586   71   39]
 [  94   46  200]]
0.6655313351498637 [0.88578947 0.10201149 0.58823529]

 rate=5 and ii =6
Accuracy: 0.746
Macro Precision: 0.683
Macro Recall: 0.577
Macro F1-score: 0.574

[[500   5  21]
 [136  19   5]
 [ 22   8  59]]
              precision    recall  f1-score   support

           0       0.76      0.95      0.84       526
           1       0.59      0.12      0.20       160
           2       0.69      0.66      0.68        89

    accuracy                           0.75       775
   macro avg       0.68      0.58      0.57       775
weighted avg       0.72      0.75      0.69       775

(3087, 57) (3087,) (775, 57) (2936,) (2936,)

4 order Label Accuracy: 0.653
[[1608  234   58]
 [ 553  123   20]
 [ 100   54  186]]
0.6529291553133515 [0.84631579 0.17672414 0.54705882]

 rate=5 and ii =6
Accuracy: 0.720
Macro Precision: 0.669
Macro Recall: 0.570
Macro F1-score: 0.598

[[474  41   7]
 [134  35   2]
 [ 24   9  49]]
              precision    recall  f1-score   support

           0       0.75      0.91      0.82       522
           1       0.41      0.20      0.27       171
           2       0.84      0.60      0.70        82

    accuracy                           0.72       775
   macro avg       0.67      0.57      0.60       775
weighted avg       0.69      0.72      0.69       775

Time(sec):  8.056266299999999
nodes = range(self.m)
range(0, 8)
Graph with 8 nodes and 0 edges
3 152 8
L
[[1 1 1 ... 1 1 1]
 [1 1 1 ... 1 1 1]
 [1 1 1 ... 1 1 1]
 ...
 [2 1 2 ... 1 2 2]
 [1 1 1 ... 1 1 1]
 [1 1 2 ... 1 2 2]]
L_ind
[[1. 0. 0. ... 1. 0. 0.]
 [1. 0. 0. ... 1. 0. 0.]
 [1. 0. 0. ... 1. 0. 0.]
 ...
 [0. 1. 0. ... 0. 1. 0.]
 [1. 0. 0. ... 1. 0. 0.]
 [1. 0. 0. ... 0. 1. 0.]]
3 2935 8
L
[[1 1 3 ... 1 1 2]
 [1 1 1 ... 1 1 1]
 [1 1 1 ... 1 1 1]
 ...
 [1 1 3 ... 1 1 2]
 [1 1 1 ... 1 1 3]
 [1 1 1 ... 3 3 3]]
L_ind
[[1. 0. 0. ... 0. 1. 0.]
 [1. 0. 0. ... 1. 0. 0.]
 [1. 0. 0. ... 1. 0. 0.]
 ...
 [1. 0. 0. ... 0. 1. 0.]
 [1. 0. 0. ... 0. 0. 1.]
 [1. 0. 0. ... 0. 0. 1.]]
(3087, 57) (3087,) (775, 57) (775,)

 SNO Accuracy: 0.565
[[1113  485  301]
 [ 318  273  105]
 [  28   40  272]]

 rate=5 and ii =7
Accuracy: 0.695
Macro Precision: 0.637
Macro Recall: 0.705
Macro F1-score: 0.661

[[361  88  36]
 [ 83  88  20]
 [  8   1  90]]
              precision    recall  f1-score   support

           0       0.80      0.74      0.77       485
           1       0.50      0.46      0.48       191
           2       0.62      0.91      0.73        99

    accuracy                           0.70       775
   macro avg       0.64      0.70      0.66       775
weighted avg       0.70      0.70      0.69       775

(3087, 57) (3087,) (775, 57) (775,)

semi-SelfTrain Label Accuracy: 0.702
[[1828   10   61]
 [ 641   42   13]
 [ 144    6  190]]
0.7018739352640545 [0.9626119  0.06034483 0.55882353]

 rate=5 and ii =7
Accuracy: 0.745
Macro Precision: 0.795
Macro Recall: 0.541
Macro F1-score: 0.534

[[517   0  13]
 [147   7   3]
 [ 34   1  53]]
              precision    recall  f1-score   support

         0.0       0.74      0.98      0.84       530
         1.0       0.88      0.04      0.08       157
         2.0       0.77      0.60      0.68        88

    accuracy                           0.74       775
   macro avg       0.79      0.54      0.53       775
weighted avg       0.77      0.74      0.67       775

(3087, 57) (3087,) (775, 57) (775,)

semi-LabelSpread Label Accuracy: 0.656
[[1899    0    0]
 [ 673   23    0]
 [ 336    0    4]]
0.6562180579216355 [1.         0.03304598 0.01176471]

 rate=5 and ii =7
Accuracy: 0.711
Macro Precision: 0.570
Macro Recall: 0.342
Macro F1-score: 0.293

[[547   0   0]
 [152   4   0]
 [ 72   0   0]]
              precision    recall  f1-score   support

         0.0       0.71      1.00      0.83       547
         1.0       1.00      0.03      0.05       156
         2.0       0.00      0.00      0.00        72

    accuracy                           0.71       775
   macro avg       0.57      0.34      0.29       775
weighted avg       0.70      0.71      0.60       775

(3087, 57) (3087,) (775, 57) (2935,) (2935,)

2 order Label Accuracy: 0.674
[[1660  174   65]
 [ 565  111   20]
 [  95   38  207]]
0.6739352640545144 [0.87414429 0.15948276 0.60882353]

 rate=5 and ii =7
Accuracy: 0.747
Macro Precision: 0.714
Macro Recall: 0.577
Macro F1-score: 0.598

[[499  14  12]
 [136  27   1]
 [ 28   5  53]]
              precision    recall  f1-score   support

           0       0.75      0.95      0.84       525
           1       0.59      0.16      0.26       164
           2       0.80      0.62      0.70        86

    accuracy                           0.75       775
   macro avg       0.71      0.58      0.60       775
weighted avg       0.72      0.75      0.70       775

(3087, 57) (3087,) (775, 57) (2935,) (2935,)

3 order Label Accuracy: 0.648
[[1621  207   71]
 [ 563  104   29]
 [  82   81  177]]
0.6480408858603066 [0.85360716 0.14942529 0.52058824]

 rate=5 and ii =7
Accuracy: 0.737
Macro Precision: 0.679
Macro Recall: 0.572
Macro F1-score: 0.594

[[489  20  12]
 [134  33   3]
 [ 24  11  49]]
              precision    recall  f1-score   support

           0       0.76      0.94      0.84       521
           1       0.52      0.19      0.28       170
           2       0.77      0.58      0.66        84

    accuracy                           0.74       775
   macro avg       0.68      0.57      0.59       775
weighted avg       0.70      0.74      0.70       775

(3087, 57) (3087,) (775, 57) (2935,) (2935,)

4 order Label Accuracy: 0.679
[[1721   93   85]
 [ 598   70   28]
 [  99   40  201]]
0.6787052810902896 [0.90626646 0.10057471 0.59117647]

 rate=5 and ii =7
Accuracy: 0.751
Macro Precision: 0.691
Macro Recall: 0.563
Macro F1-score: 0.566

[[515   5   9]
 [145  12   3]
 [ 24   7  55]]
              precision    recall  f1-score   support

           0       0.75      0.97      0.85       529
           1       0.50      0.07      0.13       160
           2       0.82      0.64      0.72        86

    accuracy                           0.75       775
   macro avg       0.69      0.56      0.57       775
weighted avg       0.71      0.75      0.69       775

Time(sec):  7.745159900000001
nodes = range(self.m)
range(0, 8)
Graph with 8 nodes and 0 edges
3 153 8
L
[[1 1 2 ... 1 2 2]
 [2 1 2 ... 1 2 2]
 [1 1 2 ... 1 2 2]
 ...
 [1 1 1 ... 1 1 1]
 [1 1 2 ... 1 2 2]
 [1 1 2 ... 1 2 2]]
L_ind
[[1. 0. 0. ... 0. 1. 0.]
 [0. 1. 0. ... 0. 1. 0.]
 [1. 0. 0. ... 0. 1. 0.]
 ...
 [1. 0. 0. ... 1. 0. 0.]
 [1. 0. 0. ... 0. 1. 0.]
 [1. 0. 0. ... 0. 1. 0.]]
3 2934 8
L
[[1 1 3 ... 1 1 1]
 [1 1 1 ... 1 1 1]
 [2 1 1 ... 1 1 2]
 ...
 [1 1 3 ... 3 3 3]
 [1 1 1 ... 3 3 3]
 [1 1 1 ... 3 3 3]]
L_ind
[[1. 0. 0. ... 1. 0. 0.]
 [1. 0. 0. ... 1. 0. 0.]
 [0. 1. 0. ... 0. 1. 0.]
 ...
 [1. 0. 0. ... 0. 0. 1.]
 [1. 0. 0. ... 0. 0. 1.]
 [1. 0. 0. ... 0. 0. 1.]]
(3087, 57) (3087,) (775, 57) (775,)

 SNO Accuracy: 0.518
[[941 589 368]
 [277 304 115]
 [ 34  32 274]]

 rate=5 and ii =8
Accuracy: 0.636
Macro Precision: 0.598
Macro Recall: 0.682
Macro F1-score: 0.622

[[288 109  66]
 [ 76 105  20]
 [  6   5 100]]
              precision    recall  f1-score   support

           0       0.78      0.62      0.69       463
           1       0.48      0.52      0.50       201
           2       0.54      0.90      0.67       111

    accuracy                           0.64       775
   macro avg       0.60      0.68      0.62       775
weighted avg       0.67      0.64      0.64       775

(3087, 57) (3087,) (775, 57) (775,)

semi-SelfTrain Label Accuracy: 0.702
[[1836    3   59]
 [ 622   55   19]
 [ 172    0  168]]
0.701772324471711 [0.96733404 0.07902299 0.49411765]

 rate=5 and ii =8
Accuracy: 0.741
Macro Precision: 0.824
Macro Recall: 0.527
Macro F1-score: 0.520

[[520   0  12]
 [147   7   5]
 [ 37   0  47]]
              precision    recall  f1-score   support

         0.0       0.74      0.98      0.84       532
         1.0       1.00      0.04      0.08       159
         2.0       0.73      0.56      0.64        84

    accuracy                           0.74       775
   macro avg       0.82      0.53      0.52       775
weighted avg       0.79      0.74      0.66       775

(3087, 57) (3087,) (775, 57) (775,)

semi-LabelSpread Label Accuracy: 0.655
[[1898    0    0]
 [ 672   24    0]
 [ 340    0    0]]
0.6550783912747103 [1.         0.03448276 0.        ]

 rate=5 and ii =8
Accuracy: 0.710
Macro Precision: 0.569
Macro Recall: 0.344
Macro F1-score: 0.297

[[545   0   0]
 [153   5   0]
 [ 72   0   0]]
              precision    recall  f1-score   support

         0.0       0.71      1.00      0.83       545
         1.0       1.00      0.03      0.06       158
         2.0       0.00      0.00      0.00        72

    accuracy                           0.71       775
   macro avg       0.57      0.34      0.30       775
weighted avg       0.70      0.71      0.60       775

(3087, 57) (3087,) (775, 57) (2934,) (2934,)

2 order Label Accuracy: 0.687
[[1627  223   48]
 [ 518  162   16]
 [  97   17  226]]
0.6867757327880027 [0.85721812 0.23275862 0.66470588]

 rate=5 and ii =8
Accuracy: 0.757
Macro Precision: 0.744
Macro Recall: 0.643
Macro F1-score: 0.672

[[475  36   7]
 [120  49   1]
 [ 24   0  63]]
              precision    recall  f1-score   support

           0       0.77      0.92      0.84       518
           1       0.58      0.29      0.38       170
           2       0.89      0.72      0.80        87

    accuracy                           0.76       775
   macro avg       0.74      0.64      0.67       775
weighted avg       0.74      0.76      0.73       775

(3087, 57) (3087,) (775, 57) (2934,) (2934,)

3 order Label Accuracy: 0.678
[[1673  177   48]
 [ 568  111   17]
 [ 105   30  205]]
0.6779141104294478 [0.88145416 0.15948276 0.60294118]

 rate=5 and ii =8
Accuracy: 0.747
Macro Precision: 0.714
Macro Recall: 0.594
Macro F1-score: 0.617

[[493  24   5]
 [134  30   4]
 [ 26   3  56]]
              precision    recall  f1-score   support

           0       0.75      0.94      0.84       522
           1       0.53      0.18      0.27       168
           2       0.86      0.66      0.75        85

    accuracy                           0.75       775
   macro avg       0.71      0.59      0.62       775
weighted avg       0.72      0.75      0.70       775

(3087, 57) (3087,) (775, 57) (2934,) (2934,)

4 order Label Accuracy: 0.717
[[1779   80   39]
 [ 551  119   26]
 [ 121   13  206]]
0.7171097477845945 [0.93730242 0.17097701 0.60588235]

 rate=5 and ii =8
Accuracy: 0.782
Macro Precision: 0.823
Macro Recall: 0.618
Macro F1-score: 0.648

[[516   6   6]
 [125  34   4]
 [ 28   0  56]]
              precision    recall  f1-score   support

           0       0.77      0.98      0.86       528
           1       0.85      0.21      0.33       163
           2       0.85      0.67      0.75        84

    accuracy                           0.78       775
   macro avg       0.82      0.62      0.65       775
weighted avg       0.80      0.78      0.74       775

Time(sec):  6.8468945
nodes = range(self.m)
range(0, 8)
Graph with 8 nodes and 0 edges
3 146 8
L
[[1 1 2 ... 1 2 2]
 [1 1 2 ... 1 2 2]
 [1 1 2 ... 1 2 2]
 ...
 [1 1 1 ... 1 1 1]
 [1 1 2 ... 1 2 2]
 [1 1 2 ... 1 2 2]]
L_ind
[[1. 0. 0. ... 0. 1. 0.]
 [1. 0. 0. ... 0. 1. 0.]
 [1. 0. 0. ... 0. 1. 0.]
 ...
 [1. 0. 0. ... 1. 0. 0.]
 [1. 0. 0. ... 0. 1. 0.]
 [1. 0. 0. ... 0. 1. 0.]]
3 2941 8
L
[[1 1 1 ... 1 1 1]
 [1 1 1 ... 1 1 1]
 [1 1 1 ... 1 1 1]
 ...
 [2 1 2 ... 1 3 3]
 [1 1 1 ... 3 3 3]
 [1 1 2 ... 3 3 3]]
L_ind
[[1. 0. 0. ... 1. 0. 0.]
 [1. 0. 0. ... 1. 0. 0.]
 [1. 0. 0. ... 1. 0. 0.]
 ...
 [0. 1. 0. ... 0. 0. 1.]
 [1. 0. 0. ... 0. 0. 1.]
 [1. 0. 0. ... 0. 0. 1.]]
(3087, 57) (3087,) (775, 57) (775,)

 SNO Accuracy: 0.545
[[1145  556  200]
 [ 414  225   59]
 [  45   65  232]]

 rate=5 and ii =9
Accuracy: 0.690
Macro Precision: 0.634
Macro Recall: 0.662
Macro F1-score: 0.645

[[384  80  29]
 [105  75   8]
 [  9   9  76]]
              precision    recall  f1-score   support

           0       0.77      0.78      0.77       493
           1       0.46      0.40      0.43       188
           2       0.67      0.81      0.73        94

    accuracy                           0.69       775
   macro avg       0.63      0.66      0.65       775
weighted avg       0.68      0.69      0.69       775

(3087, 57) (3087,) (775, 57) (775,)

semi-SelfTrain Label Accuracy: 0.689
[[1831   42   28]
 [ 650   43    5]
 [ 183    7  152]]
0.6888813328799728 [0.96317728 0.06160458 0.44444444]

 rate=5 and ii =9
Accuracy: 0.739
Macro Precision: 0.737
Macro Recall: 0.512
Macro F1-score: 0.542

[[518  10   4]
 [142  19   1]
 [ 42   3  36]]
              precision    recall  f1-score   support

         0.0       0.74      0.97      0.84       532
         1.0       0.59      0.12      0.20       162
         2.0       0.88      0.44      0.59        81

    accuracy                           0.74       775
   macro avg       0.74      0.51      0.54       775
weighted avg       0.72      0.74      0.68       775

(3087, 57) (3087,) (775, 57) (775,)

semi-LabelSpread Label Accuracy: 0.657
[[1901    0    0]
 [ 671   27    0]
 [ 337    0    5]]
0.657259435566134 [1.         0.03868195 0.01461988]

 rate=5 and ii =9
Accuracy: 0.721
Macro Precision: 0.572
Macro Recall: 0.361
Macro F1-score: 0.329

[[546   0   0]
 [144  13   0]
 [ 72   0   0]]
              precision    recall  f1-score   support

         0.0       0.72      1.00      0.83       546
         1.0       1.00      0.08      0.15       157
         2.0       0.00      0.00      0.00        72

    accuracy                           0.72       775
   macro avg       0.57      0.36      0.33       775
weighted avg       0.71      0.72      0.62       775

(3087, 57) (3087,) (775, 57) (2941,) (2941,)

2 order Label Accuracy: 0.675
[[1730  128   43]
 [ 608   75   15]
 [ 143   19  180]]
0.6749404964297858 [0.91004734 0.10744986 0.52631579]

 rate=5 and ii =9
Accuracy: 0.760
Macro Precision: 0.767
Macro Recall: 0.561
Macro F1-score: 0.582

[[520   4   6]
 [136  20   4]
 [ 32   4  49]]
              precision    recall  f1-score   support

           0       0.76      0.98      0.85       530
           1       0.71      0.12      0.21       160
           2       0.83      0.58      0.68        85

    accuracy                           0.76       775
   macro avg       0.77      0.56      0.58       775
weighted avg       0.76      0.76      0.70       775

(3087, 57) (3087,) (775, 57) (2941,) (2941,)

3 order Label Accuracy: 0.672
[[1719  134   48]
 [ 591   90   17]
 [ 139   35  168]]
0.6722203332199932 [0.90426092 0.12893983 0.49122807]

 rate=5 and ii =9
Accuracy: 0.763
Macro Precision: 0.759
Macro Recall: 0.565
Macro F1-score: 0.589

[[520   5   5]
 [133  22   5]
 [ 31   5  49]]
              precision    recall  f1-score   support

           0       0.76      0.98      0.86       530
           1       0.69      0.14      0.23       160
           2       0.83      0.58      0.68        85

    accuracy                           0.76       775
   macro avg       0.76      0.57      0.59       775
weighted avg       0.75      0.76      0.71       775

(3087, 57) (3087,) (775, 57) (2941,) (2941,)

4 order Label Accuracy: 0.661
[[1698  124   79]
 [ 602   76   20]
 [ 132   39  171]]
0.6613396803808228 [0.8932141  0.10888252 0.5       ]

 rate=5 and ii =9
Accuracy: 0.755
Macro Precision: 0.727
Macro Recall: 0.552
Macro F1-score: 0.571

[[519   7   6]
 [135  19   5]
 [ 32   5  47]]
              precision    recall  f1-score   support

           0       0.76      0.98      0.85       532
           1       0.61      0.12      0.20       159
           2       0.81      0.56      0.66        84

    accuracy                           0.75       775
   macro avg       0.73      0.55      0.57       775
weighted avg       0.73      0.75      0.70       775

Time(sec):  8.142725800000001
nodes = range(self.m)
range(0, 8)
Graph with 8 nodes and 0 edges
3 153 8
L
[[1 1 1 ... 1 1 1]
 [3 1 3 ... 1 3 3]
 [1 1 3 ... 1 3 3]
 ...
 [1 1 1 ... 1 1 1]
 [1 1 2 ... 1 2 2]
 [1 1 1 ... 1 1 1]]
L_ind
[[1. 0. 0. ... 1. 0. 0.]
 [0. 0. 1. ... 0. 0. 1.]
 [1. 0. 0. ... 0. 0. 1.]
 ...
 [1. 0. 0. ... 1. 0. 0.]
 [1. 0. 0. ... 0. 1. 0.]
 [1. 0. 0. ... 1. 0. 0.]]
3 2934 8
L
[[1 1 1 ... 1 1 1]
 [2 1 1 ... 1 1 3]
 [1 1 2 ... 1 1 1]
 ...
 [1 1 3 ... 1 1 3]
 [1 1 2 ... 3 3 3]
 [1 1 1 ... 3 3 3]]
L_ind
[[1. 0. 0. ... 1. 0. 0.]
 [0. 1. 0. ... 0. 0. 1.]
 [1. 0. 0. ... 1. 0. 0.]
 ...
 [1. 0. 0. ... 0. 0. 1.]
 [1. 0. 0. ... 0. 0. 1.]
 [1. 0. 0. ... 0. 0. 1.]]
(3087, 57) (3087,) (775, 57) (775,)

 SNO Accuracy: 0.574
[[1147  480  271]
 [ 301  298   97]
 [  48   52  240]]

 rate=5 and ii =11
Accuracy: 0.712
Macro Precision: 0.662
Macro Recall: 0.698
Macro F1-score: 0.677

[[367  81  29]
 [ 76 107  16]
 [ 14   7  78]]
              precision    recall  f1-score   support

           0       0.80      0.77      0.79       477
           1       0.55      0.54      0.54       199
           2       0.63      0.79      0.70        99

    accuracy                           0.71       775
   macro avg       0.66      0.70      0.68       775
weighted avg       0.72      0.71      0.71       775

(3087, 57) (3087,) (775, 57) (775,)

semi-SelfTrain Label Accuracy: 0.692
[[1842   36   20]
 [ 647   48    1]
 [ 192    8  140]]
0.6918882072256305 [0.97049526 0.06896552 0.41176471]

 rate=5 and ii =11
Accuracy: 0.735
Macro Precision: 0.740
Macro Recall: 0.492
Macro F1-score: 0.518

[[523  10   3]
 [144  15   1]
 [ 47   0  32]]
              precision    recall  f1-score   support

         0.0       0.73      0.98      0.84       536
         1.0       0.60      0.09      0.16       160
         2.0       0.89      0.41      0.56        79

    accuracy                           0.74       775
   macro avg       0.74      0.49      0.52       775
weighted avg       0.72      0.74      0.67       775

(3087, 57) (3087,) (775, 57) (775,)

semi-LabelSpread Label Accuracy: 0.660
[[1898    0    0]
 [ 664   32    0]
 [ 334    0    6]]
0.6598500340831629 [1.         0.04597701 0.01764706]

 rate=5 and ii =11
Accuracy: 0.714
Macro Precision: 0.570
Macro Recall: 0.348
Macro F1-score: 0.305

[[546   0   0]
 [150   7   0]
 [ 72   0   0]]
              precision    recall  f1-score   support

         0.0       0.71      1.00      0.83       546
         1.0       1.00      0.04      0.09       157
         2.0       0.00      0.00      0.00        72

    accuracy                           0.71       775
   macro avg       0.57      0.35      0.31       775
weighted avg       0.70      0.71      0.60       775

(3087, 57) (3087,) (775, 57) (2934,) (2934,)

2 order Label Accuracy: 0.681
[[1704  150   44]
 [ 581  101   14]
 [ 116   30  194]]
0.6813224267211997 [0.89778714 0.14511494 0.57058824]

 rate=5 and ii =11
Accuracy: 0.748
Macro Precision: 0.724
Macro Recall: 0.573
Macro F1-score: 0.598

[[504  15   6]
 [139  25   2]
 [ 28   5  51]]
              precision    recall  f1-score   support

           0       0.75      0.96      0.84       525
           1       0.56      0.15      0.24       166
           2       0.86      0.61      0.71        84

    accuracy                           0.75       775
   macro avg       0.72      0.57      0.60       775
weighted avg       0.72      0.75      0.70       775

(3087, 57) (3087,) (775, 57) (2934,) (2934,)

3 order Label Accuracy: 0.684
[[1730  122   46]
 [ 596   86   14]
 [ 124   24  192]]
0.6843899113837764 [0.91148577 0.12356322 0.56470588]

 rate=5 and ii =11
Accuracy: 0.746
Macro Precision: 0.732
Macro Recall: 0.545
Macro F1-score: 0.569

[[514  11   5]
 [141  20   3]
 [ 35   2  44]]
              precision    recall  f1-score   support

           0       0.74      0.97      0.84       530
           1       0.61      0.12      0.20       164
           2       0.85      0.54      0.66        81

    accuracy                           0.75       775
   macro avg       0.73      0.54      0.57       775
weighted avg       0.73      0.75      0.69       775

(3087, 57) (3087,) (775, 57) (2934,) (2934,)

4 order Label Accuracy: 0.685
[[1758  111   29]
 [ 616   78    2]
 [ 125   40  175]]
0.685412406271302 [0.92623815 0.11206897 0.51470588]

 rate=5 and ii =11
Accuracy: 0.748
Macro Precision: 0.748
Macro Recall: 0.551
Macro F1-score: 0.583

[[512  11   4]
 [141  24   1]
 [ 33   5  44]]
              precision    recall  f1-score   support

           0       0.75      0.97      0.84       527
           1       0.60      0.14      0.23       166
           2       0.90      0.54      0.67        82

    accuracy                           0.75       775
   macro avg       0.75      0.55      0.58       775
weighted avg       0.73      0.75      0.70       775

Time(sec):  8.423904199999999
nodes = range(self.m)
range(0, 8)
Graph with 8 nodes and 0 edges
3 152 8
L
[[1 1 1 ... 1 1 1]
 [1 1 1 ... 1 1 1]
 [1 1 1 ... 1 1 1]
 ...
 [2 1 3 ... 3 3 3]
 [1 1 1 ... 1 1 1]
 [1 1 1 ... 1 1 1]]
L_ind
[[1. 0. 0. ... 1. 0. 0.]
 [1. 0. 0. ... 1. 0. 0.]
 [1. 0. 0. ... 1. 0. 0.]
 ...
 [0. 1. 0. ... 0. 0. 1.]
 [1. 0. 0. ... 1. 0. 0.]
 [1. 0. 0. ... 1. 0. 0.]]
3 2935 8
L
[[1 1 3 ... 1 1 1]
 [1 1 1 ... 1 1 1]
 [1 1 1 ... 1 1 1]
 ...
 [1 1 3 ... 2 3 3]
 [1 1 1 ... 3 3 3]
 [1 1 1 ... 3 3 3]]
L_ind
[[1. 0. 0. ... 1. 0. 0.]
 [1. 0. 0. ... 1. 0. 0.]
 [1. 0. 0. ... 1. 0. 0.]
 ...
 [1. 0. 0. ... 0. 0. 1.]
 [1. 0. 0. ... 0. 0. 1.]
 [1. 0. 0. ... 0. 0. 1.]]
(3087, 57) (3087,) (775, 57) (775,)

 SNO Accuracy: 0.550
[[1105  513  280]
 [ 353  265   79]
 [  36   61  243]]

 rate=5 and ii =12
Accuracy: 0.711
Macro Precision: 0.635
Macro Recall: 0.665
Macro F1-score: 0.642

[[398  54  39]
 [ 89  76  19]
 [ 11  12  77]]
              precision    recall  f1-score   support

           0       0.80      0.81      0.80       491
           1       0.54      0.41      0.47       184
           2       0.57      0.77      0.66       100

    accuracy                           0.71       775
   macro avg       0.63      0.66      0.64       775
weighted avg       0.71      0.71      0.71       775

(3087, 57) (3087,) (775, 57) (775,)

semi-SelfTrain Label Accuracy: 0.668
[[1763  120   15]
 [ 621   73    3]
 [ 195   19  126]]
0.6684838160136286 [0.9288725  0.10473458 0.37058824]

 rate=5 and ii =12
Accuracy: 0.729
Macro Precision: 0.734
Macro Recall: 0.495
Macro F1-score: 0.535

[[510  19   1]
 [140  26   0]
 [ 43   7  29]]
              precision    recall  f1-score   support

         0.0       0.74      0.96      0.83       530
         1.0       0.50      0.16      0.24       166
         2.0       0.97      0.37      0.53        79

    accuracy                           0.73       775
   macro avg       0.73      0.50      0.53       775
weighted avg       0.71      0.73      0.68       775

(3087, 57) (3087,) (775, 57) (775,)

semi-LabelSpread Label Accuracy: 0.659
[[1898    0    0]
 [ 667   30    0]
 [ 335    0    5]]
0.658603066439523 [1.         0.04304161 0.01470588]

 rate=5 and ii =12
Accuracy: 0.719
Macro Precision: 0.905
Macro Recall: 0.367
Macro F1-score: 0.341

[[546   0   0]
 [150   7   0]
 [ 68   0   4]]
              precision    recall  f1-score   support

         0.0       0.71      1.00      0.83       546
         1.0       1.00      0.04      0.09       157
         2.0       1.00      0.06      0.11        72

    accuracy                           0.72       775
   macro avg       0.90      0.37      0.34       775
weighted avg       0.80      0.72      0.61       775

(3087, 57) (3087,) (775, 57) (2935,) (2935,)

2 order Label Accuracy: 0.680
[[1685  162   51]
 [ 583   98   16]
 [  88   40  212]]
0.6797274275979557 [0.88777661 0.14060258 0.62352941]

 rate=5 and ii =12
Accuracy: 0.747
Macro Precision: 0.671
Macro Recall: 0.571
Macro F1-score: 0.586

[[505  16   8]
 [139  19   2]
 [ 19  12  55]]
              precision    recall  f1-score   support

           0       0.76      0.95      0.85       529
           1       0.40      0.12      0.18       160
           2       0.85      0.64      0.73        86

    accuracy                           0.75       775
   macro avg       0.67      0.57      0.59       775
weighted avg       0.70      0.75      0.70       775

(3087, 57) (3087,) (775, 57) (2935,) (2935,)

3 order Label Accuracy: 0.663
[[1650  155   93]
 [ 560  102   35]
 [  82   65  193]]
0.6626916524701874 [0.86933614 0.14634146 0.56764706]

 rate=5 and ii =12
Accuracy: 0.746
Macro Precision: 0.663
Macro Recall: 0.571
Macro F1-score: 0.573

[[505  12  12]
 [137  17   6]
 [ 23   7  56]]
              precision    recall  f1-score   support

           0       0.76      0.95      0.85       529
           1       0.47      0.11      0.17       160
           2       0.76      0.65      0.70        86

    accuracy                           0.75       775
   macro avg       0.66      0.57      0.57       775
weighted avg       0.70      0.75      0.69       775

(3087, 57) (3087,) (775, 57) (2935,) (2935,)

4 order Label Accuracy: 0.680
[[1694  152   52]
 [ 574  107   16]
 [  81   65  194]]
0.6797274275979557 [0.89251844 0.15351506 0.57058824]

 rate=5 and ii =12
Accuracy: 0.752
Macro Precision: 0.697
Macro Recall: 0.581
Macro F1-score: 0.598

[[507  14   6]
 [141  20   2]
 [ 19  10  56]]
              precision    recall  f1-score   support

           0       0.76      0.96      0.85       527
           1       0.45      0.12      0.19       163
           2       0.88      0.66      0.75        85

    accuracy                           0.75       775
   macro avg       0.70      0.58      0.60       775
weighted avg       0.71      0.75      0.70       775

Time(sec):  7.8828338
nodes = range(self.m)
range(0, 8)
Graph with 8 nodes and 0 edges
3 152 8
L
[[1 3 3 ... 3 3 3]
 [1 1 3 ... 1 3 3]
 [1 1 1 ... 1 1 1]
 ...
 [2 1 2 ... 2 2 2]
 [1 1 1 ... 1 1 1]
 [2 1 2 ... 1 2 2]]
L_ind
[[1. 0. 0. ... 0. 0. 1.]
 [1. 0. 0. ... 0. 0. 1.]
 [1. 0. 0. ... 1. 0. 0.]
 ...
 [0. 1. 0. ... 0. 1. 0.]
 [1. 0. 0. ... 1. 0. 0.]
 [0. 1. 0. ... 0. 1. 0.]]
3 2935 8
L
[[1 1 3 ... 1 1 1]
 [1 1 1 ... 1 1 2]
 [1 1 1 ... 2 1 3]
 ...
 [1 1 1 ... 3 3 3]
 [2 1 1 ... 3 3 3]
 [2 1 1 ... 3 3 3]]
L_ind
[[1. 0. 0. ... 1. 0. 0.]
 [1. 0. 0. ... 0. 1. 0.]
 [1. 0. 0. ... 0. 0. 1.]
 ...
 [1. 0. 0. ... 0. 0. 1.]
 [0. 1. 0. ... 0. 0. 1.]
 [0. 1. 0. ... 0. 0. 1.]]
(3087, 57) (3087,) (775, 57) (775,)

 SNO Accuracy: 0.577
[[1162  395  341]
 [ 322  254  121]
 [  37   25  278]]

 rate=5 and ii =13
Accuracy: 0.686
Macro Precision: 0.603
Macro Recall: 0.664
Macro F1-score: 0.616

[[381  62  55]
 [ 91  59  23]
 [  9   3  92]]
              precision    recall  f1-score   support

           0       0.79      0.77      0.78       498
           1       0.48      0.34      0.40       173
           2       0.54      0.88      0.67       104

    accuracy                           0.69       775
   macro avg       0.60      0.66      0.62       775
weighted avg       0.69      0.69      0.68       775

(3087, 57) (3087,) (775, 57) (775,)

semi-SelfTrain Label Accuracy: 0.700
[[1861    1   36]
 [ 655   35    7]
 [ 182    0  158]]
0.6998296422487224 [0.9805058  0.05021521 0.46470588]

 rate=5 and ii =13
Accuracy: 0.745
Macro Precision: 0.869
Macro Recall: 0.505
Macro F1-score: 0.507

[[533   0   5]
 [152   3   1]
 [ 40   0  41]]
              precision    recall  f1-score   support

         0.0       0.74      0.99      0.84       538
         1.0       1.00      0.02      0.04       156
         2.0       0.87      0.51      0.64        81

    accuracy                           0.74       775
   macro avg       0.87      0.51      0.51       775
weighted avg       0.80      0.74      0.66       775

(3087, 57) (3087,) (775, 57) (775,)

semi-LabelSpread Label Accuracy: 0.659
[[1898    0    0]
 [ 665   32    0]
 [ 337    0    3]]
0.658603066439523 [1.         0.04591105 0.00882353]

 rate=5 and ii =13
Accuracy: 0.710
Macro Precision: 0.570
Macro Recall: 0.340
Macro F1-score: 0.289

[[547   0   0]
 [153   3   0]
 [ 72   0   0]]
              precision    recall  f1-score   support

         0.0       0.71      1.00      0.83       547
         1.0       1.00      0.02      0.04       156
         2.0       0.00      0.00      0.00        72

    accuracy                           0.71       775
   macro avg       0.57      0.34      0.29       775
weighted avg       0.70      0.71      0.59       775

(3087, 57) (3087,) (775, 57) (2935,) (2935,)

2 order Label Accuracy: 0.686
[[1723  124   51]
 [ 587  100   10]
 [ 138   12  190]]
0.6858603066439523 [0.90779768 0.14347202 0.55882353]

 rate=5 and ii =13
Accuracy: 0.742
Macro Precision: 0.672
Macro Recall: 0.535
Macro F1-score: 0.537

[[518   5  10]
 [148   8   2]
 [ 31   4  49]]
              precision    recall  f1-score   support

           0       0.74      0.97      0.84       533
           1       0.47      0.05      0.09       158
           2       0.80      0.58      0.68        84

    accuracy                           0.74       775
   macro avg       0.67      0.54      0.54       775
weighted avg       0.69      0.74      0.67       775

(3087, 57) (3087,) (775, 57) (2935,) (2935,)

3 order Label Accuracy: 0.683
[[1729  103   66]
 [ 594   90   13]
 [ 139   14  187]]
0.6834752981260648 [0.9109589  0.12912482 0.55      ]

 rate=5 and ii =13
Accuracy: 0.738
Macro Precision: 0.678
Macro Recall: 0.532
Macro F1-score: 0.526

[[516   3  14]
 [149   7   2]
 [ 32   3  49]]
              precision    recall  f1-score   support

           0       0.74      0.97      0.84       533
           1       0.54      0.04      0.08       158
           2       0.75      0.58      0.66        84

    accuracy                           0.74       775
   macro avg       0.68      0.53      0.53       775
weighted avg       0.70      0.74      0.67       775

(3087, 57) (3087,) (775, 57) (2935,) (2935,)

4 order Label Accuracy: 0.673
[[1698  143   57]
 [ 575  104   18]
 [ 135   31  174]]
0.6732538330494038 [0.89462592 0.1492109  0.51176471]

 rate=5 and ii =13
Accuracy: 0.747
Macro Precision: 0.716
Macro Recall: 0.542
Macro F1-score: 0.553

[[519   6   9]
 [144  13   2]
 [ 32   3  47]]
              precision    recall  f1-score   support

           0       0.75      0.97      0.84       534
           1       0.59      0.08      0.14       159
           2       0.81      0.57      0.67        82

    accuracy                           0.75       775
   macro avg       0.72      0.54      0.55       775
weighted avg       0.72      0.75      0.68       775

Time(sec):  6.984964199999999
nodes = range(self.m)
range(0, 8)
Graph with 8 nodes and 0 edges
3 151 8
L
[[1 1 1 ... 1 1 1]
 [1 1 1 ... 1 1 1]
 [1 1 1 ... 1 1 1]
 ...
 [3 1 3 ... 3 3 3]
 [1 1 1 ... 1 1 1]
 [1 1 2 ... 1 2 2]]
L_ind
[[1. 0. 0. ... 1. 0. 0.]
 [1. 0. 0. ... 1. 0. 0.]
 [1. 0. 0. ... 1. 0. 0.]
 ...
 [0. 0. 1. ... 0. 0. 1.]
 [1. 0. 0. ... 1. 0. 0.]
 [1. 0. 0. ... 0. 1. 0.]]
3 2936 8
L
[[1 1 1 ... 1 2 2]
 [1 1 1 ... 1 1 2]
 [1 1 1 ... 1 1 1]
 ...
 [3 1 3 ... 3 3 3]
 [1 1 1 ... 3 3 3]
 [1 1 1 ... 3 3 3]]
L_ind
[[1. 0. 0. ... 0. 1. 0.]
 [1. 0. 0. ... 0. 1. 0.]
 [1. 0. 0. ... 1. 0. 0.]
 ...
 [0. 0. 1. ... 0. 0. 1.]
 [1. 0. 0. ... 0. 0. 1.]
 [1. 0. 0. ... 0. 0. 1.]]
(3087, 57) (3087,) (775, 57) (775,)

 SNO Accuracy: 0.551
[[1150  512  237]
 [ 398  229   70]
 [  34   68  238]]

 rate=5 and ii =14
Accuracy: 0.643
Macro Precision: 0.599
Macro Recall: 0.636
Macro F1-score: 0.615

[[337 114  28]
 [ 98  87  15]
 [  8  14  74]]
              precision    recall  f1-score   support

           0       0.76      0.70      0.73       479
           1       0.40      0.43      0.42       200
           2       0.63      0.77      0.69        96

    accuracy                           0.64       775
   macro avg       0.60      0.64      0.62       775
weighted avg       0.65      0.64      0.65       775

(3087, 57) (3087,) (775, 57) (775,)

semi-SelfTrain Label Accuracy: 0.691
[[1798   37   64]
 [ 635   50   12]
 [ 113   46  181]]
0.6910762942779292 [0.94681411 0.07173601 0.53235294]

 rate=5 and ii =14
Accuracy: 0.750
Macro Precision: 0.688
Macro Recall: 0.564
Macro F1-score: 0.573

[[508   5  13]
 [137  19   4]
 [ 24  11  54]]
              precision    recall  f1-score   support

         0.0       0.76      0.97      0.85       526
         1.0       0.54      0.12      0.19       160
         2.0       0.76      0.61      0.68        89

    accuracy                           0.75       775
   macro avg       0.69      0.56      0.57       775
weighted avg       0.71      0.75      0.69       775

(3087, 57) (3087,) (775, 57) (775,)

semi-LabelSpread Label Accuracy: 0.656
[[1899    0    0]
 [ 673   24    0]
 [ 337    0    3]]
0.6559945504087193 [1.         0.03443329 0.00882353]

 rate=5 and ii =14
Accuracy: 0.720
Macro Precision: 0.905
Macro Recall: 0.363
Macro F1-score: 0.334

[[545   0   0]
 [145  12   0]
 [ 72   0   1]]
              precision    recall  f1-score   support

         0.0       0.72      1.00      0.83       545
         1.0       1.00      0.08      0.14       157
         2.0       1.00      0.01      0.03        73

    accuracy                           0.72       775
   macro avg       0.91      0.36      0.33       775
weighted avg       0.80      0.72      0.62       775

(3087, 57) (3087,) (775, 57) (2936,) (2936,)

2 order Label Accuracy: 0.671
[[1675  157   67]
 [ 580  108    9]
 [  95   59  186]]
0.6706403269754768 [0.88204318 0.15494978 0.54705882]

 rate=5 and ii =14
Accuracy: 0.759
Macro Precision: 0.712
Macro Recall: 0.587
Macro F1-score: 0.611

[[503   9   9]
 [130  32   4]
 [ 19  16  53]]
              precision    recall  f1-score   support

           0       0.77      0.97      0.86       521
           1       0.56      0.19      0.29       166
           2       0.80      0.60      0.69        88

    accuracy                           0.76       775
   macro avg       0.71      0.59      0.61       775
weighted avg       0.73      0.76      0.72       775

(3087, 57) (3087,) (775, 57) (2936,) (2936,)

3 order Label Accuracy: 0.646
[[1590  236   73]
 [ 560  125   12]
 [  98   59  183]]
0.646457765667575 [0.83728278 0.17934003 0.53823529]

 rate=5 and ii =14
Accuracy: 0.754
Macro Precision: 0.699
Macro Recall: 0.591
Macro F1-score: 0.615

[[494  14  11]
 [127  37   4]
 [ 18  17  53]]
              precision    recall  f1-score   support

           0       0.77      0.95      0.85       519
           1       0.54      0.22      0.31       168
           2       0.78      0.60      0.68        88

    accuracy                           0.75       775
   macro avg       0.70      0.59      0.62       775
weighted avg       0.72      0.75      0.72       775

(3087, 57) (3087,) (775, 57) (2936,) (2936,)

4 order Label Accuracy: 0.677
[[1713  136   50]
 [ 593   96    8]
 [ 110   52  178]]
0.6767711171662125 [0.90205371 0.13773314 0.52352941]

 rate=5 and ii =14
Accuracy: 0.763
Macro Precision: 0.713
Macro Recall: 0.579
Macro F1-score: 0.602

[[511   5   8]
 [131  27   4]
 [ 19  17  53]]
              precision    recall  f1-score   support

           0       0.77      0.98      0.86       524
           1       0.55      0.17      0.26       162
           2       0.82      0.60      0.69        89

    accuracy                           0.76       775
   macro avg       0.71      0.58      0.60       775
weighted avg       0.73      0.76      0.72       775

Time(sec):  7.3364355
nodes = range(self.m)
range(0, 8)
Graph with 8 nodes and 0 edges
3 151 8
L
[[1 1 2 ... 1 2 2]
 [1 1 1 ... 1 1 1]
 [1 1 1 ... 1 1 1]
 ...
 [1 1 1 ... 1 1 1]
 [1 1 1 ... 1 1 1]
 [2 1 2 ... 1 2 2]]
L_ind
[[1. 0. 0. ... 0. 1. 0.]
 [1. 0. 0. ... 1. 0. 0.]
 [1. 0. 0. ... 1. 0. 0.]
 ...
 [1. 0. 0. ... 1. 0. 0.]
 [1. 0. 0. ... 1. 0. 0.]
 [0. 1. 0. ... 0. 1. 0.]]
3 2936 8
L
[[1 1 1 ... 1 1 1]
 [1 1 1 ... 1 1 1]
 [1 1 1 ... 1 1 2]
 ...
 [1 1 3 ... 1 1 1]
 [1 1 1 ... 3 3 3]
 [1 1 1 ... 3 3 3]]
L_ind
[[1. 0. 0. ... 1. 0. 0.]
 [1. 0. 0. ... 1. 0. 0.]
 [1. 0. 0. ... 0. 1. 0.]
 ...
 [1. 0. 0. ... 1. 0. 0.]
 [1. 0. 0. ... 0. 0. 1.]
 [1. 0. 0. ... 0. 0. 1.]]
(3087, 57) (3087,) (775, 57) (775,)

 SNO Accuracy: 0.597
[[1249  488  163]
 [ 373  268   55]
 [  50   53  237]]

 rate=5 and ii =15
Accuracy: 0.738
Macro Precision: 0.671
Macro Recall: 0.669
Macro F1-score: 0.664

[[431  45  29]
 [ 99  66   8]
 [ 13   9  75]]
              precision    recall  f1-score   support

           0       0.79      0.85      0.82       505
           1       0.55      0.38      0.45       173
           2       0.67      0.77      0.72        97

    accuracy                           0.74       775
   macro avg       0.67      0.67      0.66       775
weighted avg       0.72      0.74      0.73       775

(3087, 57) (3087,) (775, 57) (775,)

semi-SelfTrain Label Accuracy: 0.689
[[1753  122   25]
 [ 601   91    4]
 [  98   63  179]]
0.6890326975476839 [0.92263158 0.13074713 0.52647059]

 rate=5 and ii =15
Accuracy: 0.738
Macro Precision: 0.675
Macro Recall: 0.553
Macro F1-score: 0.582

[[501  23   6]
 [137  25   1]
 [ 21  15  46]]
              precision    recall  f1-score   support

         0.0       0.76      0.95      0.84       530
         1.0       0.40      0.15      0.22       163
         2.0       0.87      0.56      0.68        82

    accuracy                           0.74       775
   macro avg       0.67      0.55      0.58       775
weighted avg       0.70      0.74      0.69       775

(3087, 57) (3087,) (775, 57) (775,)

semi-LabelSpread Label Accuracy: 0.657
[[1900    0    0]
 [ 669   27    0]
 [ 339    0    1]]
0.6566757493188011 [1.         0.0387931  0.00294118]

 rate=5 and ii =15
Accuracy: 0.711
Macro Precision: 0.570
Macro Recall: 0.342
Macro F1-score: 0.293

[[547   0   0]
 [152   4   0]
 [ 72   0   0]]
              precision    recall  f1-score   support

         0.0       0.71      1.00      0.83       547
         1.0       1.00      0.03      0.05       156
         2.0       0.00      0.00      0.00        72

    accuracy                           0.71       775
   macro avg       0.57      0.34      0.29       775
weighted avg       0.70      0.71      0.60       775

(3087, 57) (3087,) (775, 57) (2936,) (2936,)

2 order Label Accuracy: 0.698
[[1758  117   25]
 [ 586  107    3]
 [ 120   35  185]]
0.6982288828337875 [0.92526316 0.15373563 0.54411765]

 rate=5 and ii =15
Accuracy: 0.764
Macro Precision: 0.744
Macro Recall: 0.565
Macro F1-score: 0.592

[[522   6   6]
 [134  22   2]
 [ 27   8  48]]
              precision    recall  f1-score   support

           0       0.76      0.98      0.86       534
           1       0.61      0.14      0.23       158
           2       0.86      0.58      0.69        83

    accuracy                           0.76       775
   macro avg       0.74      0.57      0.59       775
weighted avg       0.74      0.76      0.71       775

(3087, 57) (3087,) (775, 57) (2936,) (2936,)

3 order Label Accuracy: 0.688
[[1782   42   76]
 [ 613   64   19]
 [ 146   20  174]]
0.6880108991825613 [0.93789474 0.09195402 0.51176471]

 rate=5 and ii =15
Accuracy: 0.751
Macro Precision: 0.746
Macro Recall: 0.535
Macro F1-score: 0.551

[[526   6   5]
 [145  11   1]
 [ 35   1  45]]
              precision    recall  f1-score   support

           0       0.75      0.98      0.85       537
           1       0.61      0.07      0.13       157
           2       0.88      0.56      0.68        81

    accuracy                           0.75       775
   macro avg       0.75      0.54      0.55       775
weighted avg       0.73      0.75      0.68       775

(3087, 57) (3087,) (775, 57) (2936,) (2936,)

4 order Label Accuracy: 0.707
[[1822   54   24]
 [ 596   86   14]
 [ 125   47  168]]
0.7070844686648501 [0.95894737 0.12356322 0.49411765]

 rate=5 and ii =15
Accuracy: 0.756
Macro Precision: 0.721
Macro Recall: 0.540
Macro F1-score: 0.564

[[525   5   6]
 [137  18   2]
 [ 30   9  43]]
              precision    recall  f1-score   support

           0       0.76      0.98      0.86       536
           1       0.56      0.11      0.19       157
           2       0.84      0.52      0.65        82

    accuracy                           0.76       775
   macro avg       0.72      0.54      0.56       775
weighted avg       0.73      0.76      0.70       775

Time(sec):  8.0543211
nodes = range(self.m)
range(0, 8)
Graph with 8 nodes and 0 edges
3 153 8
L
[[1 1 1 ... 1 1 1]
 [1 1 1 ... 1 1 1]
 [1 1 1 ... 1 1 1]
 ...
 [1 1 1 ... 1 1 1]
 [1 1 1 ... 1 1 1]
 [1 1 1 ... 1 1 1]]
L_ind
[[1. 0. 0. ... 1. 0. 0.]
 [1. 0. 0. ... 1. 0. 0.]
 [1. 0. 0. ... 1. 0. 0.]
 ...
 [1. 0. 0. ... 1. 0. 0.]
 [1. 0. 0. ... 1. 0. 0.]
 [1. 0. 0. ... 1. 0. 0.]]
3 2934 8
L
[[1 1 3 ... 1 1 1]
 [1 1 1 ... 1 1 1]
 [1 1 1 ... 1 1 3]
 ...
 [3 1 3 ... 3 2 2]
 [1 1 1 ... 3 3 3]
 [1 1 1 ... 3 3 3]]
L_ind
[[1. 0. 0. ... 1. 0. 0.]
 [1. 0. 0. ... 1. 0. 0.]
 [1. 0. 0. ... 0. 0. 1.]
 ...
 [0. 0. 1. ... 0. 1. 0.]
 [1. 0. 0. ... 0. 0. 1.]
 [1. 0. 0. ... 0. 0. 1.]]
(3087, 57) (3087,) (775, 57) (775,)

 SNO Accuracy: 0.582
[[1164  490  244]
 [ 337  270   89]
 [  38   29  273]]

 rate=5 and ii =16
Accuracy: 0.689
Macro Precision: 0.624
Macro Recall: 0.685
Macro F1-score: 0.646

[[368  87  33]
 [ 88  76  22]
 [  8   3  90]]
              precision    recall  f1-score   support

           0       0.79      0.75      0.77       488
           1       0.46      0.41      0.43       186
           2       0.62      0.89      0.73       101

    accuracy                           0.69       775
   macro avg       0.62      0.68      0.65       775
weighted avg       0.69      0.69      0.69       775

(3087, 57) (3087,) (775, 57) (775,)

semi-SelfTrain Label Accuracy: 0.711
[[1828    0   70]
 [ 634   29   33]
 [ 110    0  230]]
0.7113156100886162 [0.96311907 0.04166667 0.67647059]

 rate=5 and ii =16
Accuracy: 0.757
Macro Precision: 0.834
Macro Recall: 0.577
Macro F1-score: 0.550

[[521   0  14]
 [144   5   7]
 [ 23   0  61]]
              precision    recall  f1-score   support

         0.0       0.76      0.97      0.85       535
         1.0       1.00      0.03      0.06       156
         2.0       0.74      0.73      0.73        84

    accuracy                           0.76       775
   macro avg       0.83      0.58      0.55       775
weighted avg       0.80      0.76      0.68       775

(3087, 57) (3087,) (775, 57) (775,)

semi-LabelSpread Label Accuracy: 0.656
[[1898    0    0]
 [ 672   24    0]
 [ 338    0    2]]
0.6557600545330606 [1.         0.03448276 0.00588235]

 rate=5 and ii =16
Accuracy: 0.714
Macro Precision: 0.904
Macro Recall: 0.349
Macro F1-score: 0.307

[[547   0   0]
 [151   5   0]
 [ 71   0   1]]
              precision    recall  f1-score   support

         0.0       0.71      1.00      0.83       547
         1.0       1.00      0.03      0.06       156
         2.0       1.00      0.01      0.03        72

    accuracy                           0.71       775
   macro avg       0.90      0.35      0.31       775
weighted avg       0.80      0.71      0.60       775

(3087, 57) (3087,) (775, 57) (2934,) (2934,)

2 order Label Accuracy: 0.692
[[1718  117   63]
 [ 558  110   28]
 [ 129    8  203]]
0.6922290388548057 [0.90516333 0.15804598 0.59705882]

 rate=5 and ii =16
Accuracy: 0.761
Macro Precision: 0.764
Macro Recall: 0.596
Macro F1-score: 0.610

[[507   8  12]
 [130  28   6]
 [ 29   0  55]]
              precision    recall  f1-score   support

           0       0.76      0.96      0.85       527
           1       0.78      0.17      0.28       164
           2       0.75      0.65      0.70        84

    accuracy                           0.76       775
   macro avg       0.76      0.60      0.61       775
weighted avg       0.76      0.76      0.71       775

(3087, 57) (3087,) (775, 57) (2934,) (2934,)

3 order Label Accuracy: 0.688
[[1769   73   56]
 [ 592   72   32]
 [ 137   26  177]]
0.6877982276755283 [0.93203372 0.10344828 0.52058824]

 rate=5 and ii =16
Accuracy: 0.751
Macro Precision: 0.737
Macro Recall: 0.553
Macro F1-score: 0.558

[[520   5  10]
 [142  13   4]
 [ 31   1  49]]
              precision    recall  f1-score   support

           0       0.75      0.97      0.85       535
           1       0.68      0.08      0.15       159
           2       0.78      0.60      0.68        81

    accuracy                           0.75       775
   macro avg       0.74      0.55      0.56       775
weighted avg       0.74      0.75      0.69       775

(3087, 57) (3087,) (775, 57) (2934,) (2934,)

4 order Label Accuracy: 0.684
[[1769   55   74]
 [ 594   64   38]
 [ 113   52  175]]
0.6843899113837764 [0.93203372 0.09195402 0.51470588]

 rate=5 and ii =16
Accuracy: 0.747
Macro Precision: 0.684
Macro Recall: 0.553
Macro F1-score: 0.546

[[517   2  15]
 [143  11   5]
 [ 25   6  51]]
              precision    recall  f1-score   support

           0       0.75      0.97      0.85       534
           1       0.58      0.07      0.12       159
           2       0.72      0.62      0.67        82

    accuracy                           0.75       775
   macro avg       0.68      0.55      0.55       775
weighted avg       0.71      0.75      0.68       775

Time(sec):  7.395884500000001
nodes = range(self.m)
range(0, 8)
Graph with 8 nodes and 0 edges
3 153 8
L
[[3 1 3 ... 1 3 3]
 [2 1 1 ... 1 1 1]
 [1 1 1 ... 1 1 1]
 ...
 [1 1 1 ... 1 1 1]
 [1 1 2 ... 1 2 2]
 [1 1 1 ... 1 1 1]]
L_ind
[[0. 0. 1. ... 0. 0. 1.]
 [0. 1. 0. ... 1. 0. 0.]
 [1. 0. 0. ... 1. 0. 0.]
 ...
 [1. 0. 0. ... 1. 0. 0.]
 [1. 0. 0. ... 0. 1. 0.]
 [1. 0. 0. ... 1. 0. 0.]]
3 2934 8
L
[[2 1 1 ... 1 1 3]
 [1 1 1 ... 1 1 1]
 [1 1 1 ... 1 2 2]
 ...
 [1 1 3 ... 1 1 1]
 [1 1 1 ... 3 3 3]
 [1 1 1 ... 3 3 3]]
L_ind
[[0. 1. 0. ... 0. 0. 1.]
 [1. 0. 0. ... 1. 0. 0.]
 [1. 0. 0. ... 0. 1. 0.]
 ...
 [1. 0. 0. ... 1. 0. 0.]
 [1. 0. 0. ... 0. 0. 1.]
 [1. 0. 0. ... 0. 0. 1.]]
(3087, 57) (3087,) (775, 57) (775,)

 SNO Accuracy: 0.596
[[1207  548  143]
 [ 328  309   59]
 [  51   55  234]]

 rate=5 and ii =17
Accuracy: 0.714
Macro Precision: 0.690
Macro Recall: 0.689
Macro F1-score: 0.689

[[385  83  16]
 [ 99  97   5]
 [ 14   5  71]]
              precision    recall  f1-score   support

           0       0.77      0.80      0.78       484
           1       0.52      0.48      0.50       201
           2       0.77      0.79      0.78        90

    accuracy                           0.71       775
   macro avg       0.69      0.69      0.69       775
weighted avg       0.71      0.71      0.71       775

(3087, 57) (3087,) (775, 57) (775,)

semi-SelfTrain Label Accuracy: 0.694
[[1846    9   43]
 [ 662   27    7]
 [ 173    4  163]]
0.6939331970006817 [0.97260274 0.0387931  0.47941176]

 rate=5 and ii =17
Accuracy: 0.751
Macro Precision: 0.828
Macro Recall: 0.532
Macro F1-score: 0.540

[[527   1   6]
 [147   8   2]
 [ 37   0  47]]
              precision    recall  f1-score   support

         0.0       0.74      0.99      0.85       534
         1.0       0.89      0.05      0.10       157
         2.0       0.85      0.56      0.68        84

    accuracy                           0.75       775
   macro avg       0.83      0.53      0.54       775
weighted avg       0.78      0.75      0.68       775

(3087, 57) (3087,) (775, 57) (775,)

semi-LabelSpread Label Accuracy: 0.655
[[1898    0    0]
 [ 672   24    0]
 [ 340    0    0]]
0.6550783912747103 [1.         0.03448276 0.        ]

 rate=5 and ii =17
Accuracy: 0.715
Macro Precision: 0.904
Macro Recall: 0.353
Macro F1-score: 0.315

[[546   0   0]
 [150   7   0]
 [ 71   0   1]]
              precision    recall  f1-score   support

         0.0       0.71      1.00      0.83       546
         1.0       1.00      0.04      0.09       157
         2.0       1.00      0.01      0.03        72

    accuracy                           0.71       775
   macro avg       0.90      0.35      0.31       775
weighted avg       0.80      0.71      0.61       775

(3087, 57) (3087,) (775, 57) (2934,) (2934,)

2 order Label Accuracy: 0.677
[[1673  172   53]
 [ 567  114   15]
 [ 120   20  200]]
0.6772324471710974 [0.88145416 0.1637931  0.58823529]

 rate=5 and ii =17
Accuracy: 0.743
Macro Precision: 0.692
Macro Recall: 0.567
Macro F1-score: 0.582

[[504  15   9]
 [142  19   2]
 [ 27   4  53]]
              precision    recall  f1-score   support

           0       0.75      0.95      0.84       528
           1       0.50      0.12      0.19       163
           2       0.83      0.63      0.72        84

    accuracy                           0.74       775
   macro avg       0.69      0.57      0.58       775
weighted avg       0.71      0.74      0.69       775

(3087, 57) (3087,) (775, 57) (2934,) (2934,)

3 order Label Accuracy: 0.673
[[1709   94   95]
 [ 599   69   28]
 [ 115   29  196]]
0.6728016359918201 [0.9004215  0.09913793 0.57647059]

 rate=5 and ii =17
Accuracy: 0.751
Macro Precision: 0.737
Macro Recall: 0.562
Macro F1-score: 0.567

[[514   4  12]
 [143  14   2]
 [ 29   3  54]]
              precision    recall  f1-score   support

           0       0.75      0.97      0.85       530
           1       0.67      0.09      0.16       159
           2       0.79      0.63      0.70        86

    accuracy                           0.75       775
   macro avg       0.74      0.56      0.57       775
weighted avg       0.74      0.75      0.69       775

(3087, 57) (3087,) (775, 57) (2934,) (2934,)

4 order Label Accuracy: 0.690
[[1766   64   68]
 [ 607   70   19]
 [ 137   16  187]]
0.6895023858214042 [0.93045311 0.10057471 0.55      ]

 rate=5 and ii =17
Accuracy: 0.757
Macro Precision: 0.760
Macro Recall: 0.554
Macro F1-score: 0.562

[[525   1   8]
 [143  12   3]
 [ 29   4  50]]
              precision    recall  f1-score   support

           0       0.75      0.98      0.85       534
           1       0.71      0.08      0.14       158
           2       0.82      0.60      0.69        83

    accuracy                           0.76       775
   macro avg       0.76      0.55      0.56       775
weighted avg       0.75      0.76      0.69       775

Time(sec):  7.6877932
nodes = range(self.m)
range(0, 8)
Graph with 8 nodes and 0 edges
3 152 8
L
[[1 1 1 ... 3 1 1]
 [1 1 1 ... 1 1 1]
 [2 1 2 ... 2 2 2]
 ...
 [1 1 2 ... 2 2 2]
 [1 3 1 ... 1 1 1]
 [1 1 3 ... 3 3 3]]
L_ind
[[1. 0. 0. ... 1. 0. 0.]
 [1. 0. 0. ... 1. 0. 0.]
 [0. 1. 0. ... 0. 1. 0.]
 ...
 [1. 0. 0. ... 0. 1. 0.]
 [1. 0. 0. ... 1. 0. 0.]
 [1. 0. 0. ... 0. 0. 1.]]
3 2935 8
L
[[1 1 1 ... 1 1 1]
 [1 1 2 ... 1 1 1]
 [1 1 1 ... 2 1 1]
 ...
 [1 1 3 ... 2 1 3]
 [1 1 1 ... 3 3 3]
 [1 1 1 ... 3 3 3]]
L_ind
[[1. 0. 0. ... 1. 0. 0.]
 [1. 0. 0. ... 1. 0. 0.]
 [1. 0. 0. ... 1. 0. 0.]
 ...
 [1. 0. 0. ... 0. 0. 1.]
 [1. 0. 0. ... 0. 0. 1.]
 [1. 0. 0. ... 0. 0. 1.]]
(3087, 57) (3087,) (775, 57) (775,)

 SNO Accuracy: 0.547
[[1010  609  280]
 [ 282  333   81]
 [  40   37  263]]

 rate=5 and ii =19
Accuracy: 0.662
Macro Precision: 0.627
Macro Recall: 0.685
Macro F1-score: 0.649

[[324 118  34]
 [ 82 105  13]
 [  7   8  84]]
              precision    recall  f1-score   support

           0       0.78      0.68      0.73       476
           1       0.45      0.53      0.49       200
           2       0.64      0.85      0.73        99

    accuracy                           0.66       775
   macro avg       0.63      0.68      0.65       775
weighted avg       0.68      0.66      0.67       775

(3087, 57) (3087,) (775, 57) (775,)

semi-SelfTrain Label Accuracy: 0.705
[[1762   54   83]
 [ 578   80   38]
 [ 103    9  228]]
0.7052810902896082 [0.92785677 0.11494253 0.67058824]

 rate=5 and ii =19
Accuracy: 0.750
Macro Precision: 0.666
Macro Recall: 0.587
Macro F1-score: 0.577

[[506  13   9]
 [139  13   9]
 [ 22   2  62]]
              precision    recall  f1-score   support

         0.0       0.76      0.96      0.85       528
         1.0       0.46      0.08      0.14       161
         2.0       0.78      0.72      0.75        86

    accuracy                           0.75       775
   macro avg       0.67      0.59      0.58       775
weighted avg       0.70      0.75      0.69       775

(3087, 57) (3087,) (775, 57) (775,)

semi-LabelSpread Label Accuracy: 0.660
[[1899    0    0]
 [ 663   33    0]
 [ 335    0    5]]
0.6599659284497444 [1.         0.04741379 0.01470588]

 rate=5 and ii =19
Accuracy: 0.710
Macro Precision: 0.570
Macro Recall: 0.340
Macro F1-score: 0.289

[[547   0   0]
 [153   3   0]
 [ 72   0   0]]
              precision    recall  f1-score   support

         0.0       0.71      1.00      0.83       547
         1.0       1.00      0.02      0.04       156
         2.0       0.00      0.00      0.00        72

    accuracy                           0.71       775
   macro avg       0.57      0.34      0.29       775
weighted avg       0.70      0.71      0.59       775

(3087, 57) (3087,) (775, 57) (2935,) (2935,)

2 order Label Accuracy: 0.661
[[1488  343   68]
 [ 441  227   28]
 [  88   26  226]]
0.661328790459966 [0.7835703  0.32614943 0.66470588]

 rate=5 and ii =19
Accuracy: 0.730
Macro Precision: 0.685
Macro Recall: 0.645
Macro F1-score: 0.658

[[443  54  13]
 [114  59   5]
 [ 19   4  64]]
              precision    recall  f1-score   support

           0       0.77      0.87      0.82       510
           1       0.50      0.33      0.40       178
           2       0.78      0.74      0.76        87

    accuracy                           0.73       775
   macro avg       0.68      0.65      0.66       775
weighted avg       0.71      0.73      0.71       775

(3087, 57) (3087,) (775, 57) (2935,) (2935,)

3 order Label Accuracy: 0.629
[[1503  250  146]
 [ 503  134   59]
 [  98   32  210]]
0.6293015332197615 [0.79146919 0.19252874 0.61764706]

 rate=5 and ii =19
Accuracy: 0.711
Macro Precision: 0.634
Macro Recall: 0.596
Macro F1-score: 0.602

[[450  44  20]
 [125  40   6]
 [ 24   5  61]]
              precision    recall  f1-score   support

           0       0.75      0.88      0.81       514
           1       0.45      0.23      0.31       171
           2       0.70      0.68      0.69        90

    accuracy                           0.71       775
   macro avg       0.63      0.60      0.60       775
weighted avg       0.68      0.71      0.68       775

(3087, 57) (3087,) (775, 57) (2935,) (2935,)

4 order Label Accuracy: 0.663
[[1592  232   75]
 [ 519  144   33]
 [  96   35  209]]
0.6626916524701874 [0.83833597 0.20689655 0.61470588]

 rate=5 and ii =19
Accuracy: 0.724
Macro Precision: 0.661
Macro Recall: 0.587
Macro F1-score: 0.604

[[470  38  10]
 [131  33   5]
 [ 26   4  58]]
              precision    recall  f1-score   support

           0       0.75      0.91      0.82       518
           1       0.44      0.20      0.27       169
           2       0.79      0.66      0.72        88

    accuracy                           0.72       775
   macro avg       0.66      0.59      0.60       775
weighted avg       0.69      0.72      0.69       775

Time(sec):  7.089147199999999
nodes = range(self.m)
range(0, 8)
Graph with 8 nodes and 0 edges
3 152 8
L
[[2 1 2 ... 1 2 2]
 [1 1 1 ... 1 1 1]
 [1 1 2 ... 1 2 2]
 ...
 [1 1 1 ... 1 1 1]
 [1 1 3 ... 1 3 3]
 [1 1 1 ... 1 1 1]]
L_ind
[[0. 1. 0. ... 0. 1. 0.]
 [1. 0. 0. ... 1. 0. 0.]
 [1. 0. 0. ... 0. 1. 0.]
 ...
 [1. 0. 0. ... 1. 0. 0.]
 [1. 0. 0. ... 0. 0. 1.]
 [1. 0. 0. ... 1. 0. 0.]]
3 2935 8
L
[[1 1 1 ... 1 2 2]
 [2 1 1 ... 1 2 3]
 [1 1 1 ... 1 1 1]
 ...
 [1 1 1 ... 1 1 3]
 [1 1 1 ... 3 3 3]
 [1 1 1 ... 3 3 3]]
L_ind
[[1. 0. 0. ... 0. 1. 0.]
 [0. 1. 0. ... 0. 0. 1.]
 [1. 0. 0. ... 1. 0. 0.]
 ...
 [1. 0. 0. ... 0. 0. 1.]
 [1. 0. 0. ... 0. 0. 1.]
 [1. 0. 0. ... 0. 0. 1.]]
(3087, 57) (3087,) (775, 57) (775,)

 SNO Accuracy: 0.588
[[1166  472  261]
 [ 313  300   83]
 [  50   30  260]]

 rate=5 and ii =20
Accuracy: 0.694
Macro Precision: 0.637
Macro Recall: 0.696
Macro F1-score: 0.658

[[354  85  44]
 [ 75  91  18]
 [ 13   2  93]]
              precision    recall  f1-score   support

           0       0.80      0.73      0.77       483
           1       0.51      0.49      0.50       184
           2       0.60      0.86      0.71       108

    accuracy                           0.69       775
   macro avg       0.64      0.70      0.66       775
weighted avg       0.70      0.69      0.69       775

(3087, 57) (3087,) (775, 57) (775,)

semi-SelfTrain Label Accuracy: 0.726
[[1869   20   10]
 [ 600   85   11]
 [ 160    2  178]]
0.7264054514480409 [0.98420221 0.12212644 0.52352941]

 rate=5 and ii =20
Accuracy: 0.760
Macro Precision: 0.838
Macro Recall: 0.546
Macro F1-score: 0.563

[[532   2   2]
 [146  11   2]
 [ 34   0  46]]
              precision    recall  f1-score   support

         0.0       0.75      0.99      0.85       536
         1.0       0.85      0.07      0.13       159
         2.0       0.92      0.57      0.71        80

    accuracy                           0.76       775
   macro avg       0.84      0.55      0.56       775
weighted avg       0.79      0.76      0.69       775

(3087, 57) (3087,) (775, 57) (775,)

semi-LabelSpread Label Accuracy: 0.658
[[1899    0    0]
 [ 667   29    0]
 [ 338    0    2]]
0.6575809199318569 [1.         0.04166667 0.00588235]

 rate=5 and ii =20
Accuracy: 0.712
Macro Precision: 0.903
Macro Recall: 0.356
Macro F1-score: 0.320

[[546   0   0]
 [155   2   0]
 [ 68   0   4]]
              precision    recall  f1-score   support

         0.0       0.71      1.00      0.83       546
         1.0       1.00      0.01      0.03       157
         2.0       1.00      0.06      0.11        72

    accuracy                           0.71       775
   macro avg       0.90      0.36      0.32       775
weighted avg       0.80      0.71      0.60       775

(3087, 57) (3087,) (775, 57) (2935,) (2935,)

2 order Label Accuracy: 0.699
[[1677  184   38]
 [ 516  158   22]
 [ 107   16  217]]
0.6991482112436116 [0.88309637 0.22701149 0.63823529]

 rate=5 and ii =20
Accuracy: 0.768
Macro Precision: 0.757
Macro Recall: 0.612
Macro F1-score: 0.638

[[507  16   6]
 [129  32   3]
 [ 24   2  56]]
              precision    recall  f1-score   support

           0       0.77      0.96      0.85       529
           1       0.64      0.20      0.30       164
           2       0.86      0.68      0.76        82

    accuracy                           0.77       775
   macro avg       0.76      0.61      0.64       775
weighted avg       0.75      0.77      0.73       775

(3087, 57) (3087,) (775, 57) (2935,) (2935,)

3 order Label Accuracy: 0.699
[[1696  169   34]
 [ 525  149   22]
 [ 106   26  208]]
0.6994889267461669 [0.89310163 0.21408046 0.61176471]

 rate=5 and ii =20
Accuracy: 0.760
Macro Precision: 0.733
Macro Recall: 0.594
Macro F1-score: 0.612

[[511  15   5]
 [137  22   3]
 [ 24   2  56]]
              precision    recall  f1-score   support

           0       0.76      0.96      0.85       531
           1       0.56      0.14      0.22       162
           2       0.88      0.68      0.77        82

    accuracy                           0.76       775
   macro avg       0.73      0.59      0.61       775
weighted avg       0.73      0.76      0.71       775

(3087, 57) (3087,) (775, 57) (2935,) (2935,)

4 order Label Accuracy: 0.716
[[1755   88   56]
 [ 550  121   25]
 [ 105   10  225]]
0.7158432708688245 [0.92417062 0.17385057 0.66176471]

 rate=5 and ii =20
Accuracy: 0.775
Macro Precision: 0.823
Macro Recall: 0.605
Macro F1-score: 0.623

[[520   4   7]
 [134  23   3]
 [ 26   0  58]]
              precision    recall  f1-score   support

           0       0.76      0.98      0.86       531
           1       0.85      0.14      0.25       160
           2       0.85      0.69      0.76        84

    accuracy                           0.78       775
   macro avg       0.82      0.60      0.62       775
weighted avg       0.79      0.78      0.72       775

Time(sec):  7.329837999999999
