nodes = range(self.m)
range(0, 8)
Graph with 8 nodes and 0 edges
3 458 8
L
[[1 1 3 ... 1 3 3]
 [2 1 1 ... 1 1 1]
 [3 1 3 ... 1 3 3]
 ...
 [3 1 3 ... 1 3 3]
 [1 1 1 ... 1 1 1]
 [1 1 2 ... 1 2 2]]
L_ind
[[1. 0. 0. ... 0. 0. 1.]
 [0. 1. 0. ... 1. 0. 0.]
 [0. 0. 1. ... 0. 0. 1.]
 ...
 [0. 0. 1. ... 0. 0. 1.]
 [1. 0. 0. ... 1. 0. 0.]
 [1. 0. 0. ... 0. 1. 0.]]
3 2629 8
L
[[2 1 3 ... 1 1 1]
 [1 1 1 ... 1 1 2]
 [1 1 1 ... 1 1 1]
 ...
 [1 1 3 ... 1 3 3]
 [1 1 1 ... 1 3 3]
 [1 1 1 ... 1 3 3]]
L_ind
[[0. 1. 0. ... 1. 0. 0.]
 [1. 0. 0. ... 0. 1. 0.]
 [1. 0. 0. ... 1. 0. 0.]
 ...
 [1. 0. 0. ... 0. 0. 1.]
 [1. 0. 0. ... 0. 0. 1.]
 [1. 0. 0. ... 0. 0. 1.]]
297 64.8
108 23.6
53 11.6
1701 64.7
624 23.7
304 11.6
(3087, 57) (3087,) (775, 57) (775,)

 SNO Accuracy: 0.636
[[1164  398  139]
 [ 304  279   41]
 [  46   30  228]]

 rate=15 and ii =1
Accuracy: 0.757
Macro Precision: 0.702
Macro Recall: 0.717
Macro F1-score: 0.704

[[425  56  19]
 [ 83  85  15]
 [ 14   1  77]]
              precision    recall  f1-score   support

           0       0.81      0.85      0.83       500
           1       0.60      0.46      0.52       183
           2       0.69      0.84      0.76        92

    accuracy                           0.76       775
   macro avg       0.70      0.72      0.70       775
weighted avg       0.75      0.76      0.75       775

297 64.8
108 23.6
53 11.6
1701 64.7
624 23.7
304 11.6
(3087, 57) (3087,) (775, 57) (775,)

semi-SelfTrain Label Accuracy: 0.731
[[1636   44   21]
 [ 518   92   14]
 [  98   11  195]]
0.7314568276911373 [0.96178718 0.1474359  0.64144737]

 rate=15 and ii =1
Accuracy: 0.777
Macro Precision: 0.804
Macro Recall: 0.623
Macro F1-score: 0.653

[[511  10   5]
 [131  34   2]
 [ 24   1  57]]
              precision    recall  f1-score   support

         0.0       0.77      0.97      0.86       526
         1.0       0.76      0.20      0.32       167
         2.0       0.89      0.70      0.78        82

    accuracy                           0.78       775
   macro avg       0.80      0.62      0.65       775
weighted avg       0.78      0.78      0.73       775

297 64.8
108 23.6
53 11.6
1701 64.7
624 23.7
304 11.6
(3087, 57) (3087,) (775, 57) (775,)

semi-LabelSpread Label Accuracy: 0.678
[[1701    0    0]
 [ 548   76    0]
 [ 298    0    6]]
0.6782046405477368 [1.         0.12179487 0.01973684]

 rate=15 and ii =1
Accuracy: 0.734
Macro Precision: 0.908
Macro Recall: 0.397
Macro F1-score: 0.393

[[542   0   0]
 [137  24   0]
 [ 69   0   3]]
              precision    recall  f1-score   support

         0.0       0.72      1.00      0.84       542
         1.0       1.00      0.15      0.26       161
         2.0       1.00      0.04      0.08        72

    accuracy                           0.73       775
   macro avg       0.91      0.40      0.39       775
weighted avg       0.81      0.73      0.65       775

297 64.8
108 23.6
53 11.6
1701 64.7
624 23.7
304 11.6
(3087, 57) (3087,) (775, 57) (2629,) (2629,)

2 order Label Accuracy: 0.750
[[1636   47   18]
 [ 465  141   18]
 [ 105    4  195]]
0.7500950931913275 [0.96178718 0.22596154 0.64144737]

 rate=15 and ii =1
Accuracy: 0.797
Macro Precision: 0.850
Macro Recall: 0.645
Macro F1-score: 0.680

[[520   5   5]
 [120  40   3]
 [ 24   0  58]]
              precision    recall  f1-score   support

           0       0.78      0.98      0.87       530
           1       0.89      0.25      0.38       163
           2       0.88      0.71      0.78        82

    accuracy                           0.80       775
   macro avg       0.85      0.64      0.68       775
weighted avg       0.82      0.80      0.76       775

297 64.8
108 23.6
53 11.6
1701 64.7
624 23.7
304 11.6
(3087, 57) (3087,) (775, 57) (2629,) (2629,)

3 order Label Accuracy: 0.749
[[1635   46   20]
 [ 465  140   19]
 [ 103    6  195]]
0.7493343476607075 [0.96119929 0.22435897 0.64144737]

 rate=15 and ii =1
Accuracy: 0.796
Macro Precision: 0.848
Macro Recall: 0.644
Macro F1-score: 0.680

[[519   6   4]
 [121  40   3]
 [ 24   0  58]]
              precision    recall  f1-score   support

           0       0.78      0.98      0.87       529
           1       0.87      0.24      0.38       164
           2       0.89      0.71      0.79        82

    accuracy                           0.80       775
   macro avg       0.85      0.64      0.68       775
weighted avg       0.81      0.80      0.76       775

297 64.8
108 23.6
53 11.6
1701 64.7
624 23.7
304 11.6
(3087, 57) (3087,) (775, 57) (2629,) (2629,)

4 order Label Accuracy: 0.750
[[1637   47   17]
 [ 466  140   18]
 [ 103    7  194]]
0.7497147204260175 [0.96237507 0.22435897 0.63815789]

 rate=15 and ii =1
Accuracy: 0.794
Macro Precision: 0.836
Macro Recall: 0.642
Macro F1-score: 0.676

[[517   7   5]
 [121  39   3]
 [ 24   0  59]]
              precision    recall  f1-score   support

           0       0.78      0.98      0.87       529
           1       0.85      0.24      0.37       163
           2       0.88      0.71      0.79        83

    accuracy                           0.79       775
   macro avg       0.84      0.64      0.68       775
weighted avg       0.81      0.79      0.76       775

Time(sec):  8.295125500000001
nodes = range(self.m)
range(0, 8)
Graph with 8 nodes and 0 edges
3 462 8
L
[[2 1 2 ... 1 2 1]
 [2 1 2 ... 1 2 2]
 [1 1 1 ... 1 1 1]
 ...
 [1 1 1 ... 1 1 1]
 [1 1 2 ... 1 2 2]
 [1 1 2 ... 1 2 2]]
L_ind
[[0. 1. 0. ... 1. 0. 0.]
 [0. 1. 0. ... 0. 1. 0.]
 [1. 0. 0. ... 1. 0. 0.]
 ...
 [1. 0. 0. ... 1. 0. 0.]
 [1. 0. 0. ... 0. 1. 0.]
 [1. 0. 0. ... 0. 1. 0.]]
3 2625 8
L
[[2 1 1 ... 1 1 1]
 [1 1 1 ... 1 1 1]
 [1 1 1 ... 1 1 1]
 ...
 [3 1 3 ... 1 1 1]
 [1 1 1 ... 1 3 3]
 [1 1 2 ... 1 3 3]]
L_ind
[[0. 1. 0. ... 1. 0. 0.]
 [1. 0. 0. ... 1. 0. 0.]
 [1. 0. 0. ... 1. 0. 0.]
 ...
 [0. 0. 1. ... 1. 0. 0.]
 [1. 0. 0. ... 0. 0. 1.]
 [1. 0. 0. ... 0. 0. 1.]]
300 64.9
109 23.6
53 11.5
1698 64.7
623 23.7
304 11.6
(3087, 57) (3087,) (775, 57) (775,)

 SNO Accuracy: 0.665
[[1233  341  124]
 [ 303  269   51]
 [  49   11  244]]

 rate=15 and ii =2
Accuracy: 0.785
Macro Precision: 0.748
Macro Recall: 0.711
Macro F1-score: 0.713

[[463  27  18]
 [ 96  69  10]
 [ 14   2  76]]
              precision    recall  f1-score   support

           0       0.81      0.91      0.86       508
           1       0.70      0.39      0.51       175
           2       0.73      0.83      0.78        92

    accuracy                           0.78       775
   macro avg       0.75      0.71      0.71       775
weighted avg       0.78      0.78      0.77       775

300 64.9
109 23.6
53 11.5
1698 64.7
623 23.7
304 11.6
(3087, 57) (3087,) (775, 57) (775,)

semi-SelfTrain Label Accuracy: 0.754
[[1676    2   20]
 [ 482  134    7]
 [ 136    0  168]]
0.7535238095238095 [0.98704358 0.21508828 0.55263158]

 rate=15 and ii =2
Accuracy: 0.777
Macro Precision: 0.857
Macro Recall: 0.581
Macro F1-score: 0.624

[[523   2   6]
 [127  33   1]
 [ 37   0  46]]
              precision    recall  f1-score   support

         0.0       0.76      0.98      0.86       531
         1.0       0.94      0.20      0.34       161
         2.0       0.87      0.55      0.68        83

    accuracy                           0.78       775
   macro avg       0.86      0.58      0.62       775
weighted avg       0.81      0.78      0.73       775

300 64.9
109 23.6
53 11.5
1698 64.7
623 23.7
304 11.6
(3087, 57) (3087,) (775, 57) (775,)

semi-LabelSpread Label Accuracy: 0.682
[[1698    0    0]
 [ 543   80    0]
 [ 293    0   11]]
0.6815238095238095 [1.         0.12841091 0.03618421]

 rate=15 and ii =2
Accuracy: 0.728
Macro Precision: 0.574
Macro Recall: 0.375
Macro F1-score: 0.354

[[544   0   0]
 [139  20   0]
 [ 72   0   0]]
              precision    recall  f1-score   support

         0.0       0.72      1.00      0.84       544
         1.0       1.00      0.13      0.22       159
         2.0       0.00      0.00      0.00        72

    accuracy                           0.73       775
   macro avg       0.57      0.38      0.35       775
weighted avg       0.71      0.73      0.63       775

300 64.9
109 23.6
53 11.5
1698 64.7
623 23.7
304 11.6
(3087, 57) (3087,) (775, 57) (2625,) (2625,)

2 order Label Accuracy: 0.758
[[1625   46   27]
 [ 457  153   13]
 [  90    1  213]]
0.7584761904761905 [0.95700824 0.24558587 0.70065789]

 rate=15 and ii =2
Accuracy: 0.800
Macro Precision: 0.861
Macro Recall: 0.649
Macro F1-score: 0.684

[[518   2   8]
 [117  43   3]
 [ 25   0  59]]
              precision    recall  f1-score   support

           0       0.78      0.98      0.87       528
           1       0.96      0.26      0.41       163
           2       0.84      0.70      0.77        84

    accuracy                           0.80       775
   macro avg       0.86      0.65      0.68       775
weighted avg       0.83      0.80      0.76       775

300 64.9
109 23.6
53 11.5
1698 64.7
623 23.7
304 11.6
(3087, 57) (3087,) (775, 57) (2625,) (2625,)

3 order Label Accuracy: 0.757
[[1632   43   23]
 [ 459  153   11]
 [ 102    1  201]]
0.7565714285714286 [0.96113074 0.24558587 0.66118421]

 rate=15 and ii =2
Accuracy: 0.800
Macro Precision: 0.873
Macro Recall: 0.640
Macro F1-score: 0.680

[[522   1   7]
 [118  43   2]
 [ 27   0  55]]
              precision    recall  f1-score   support

           0       0.78      0.98      0.87       530
           1       0.98      0.26      0.42       163
           2       0.86      0.67      0.75        82

    accuracy                           0.80       775
   macro avg       0.87      0.64      0.68       775
weighted avg       0.83      0.80      0.76       775

300 64.9
109 23.6
53 11.5
1698 64.7
623 23.7
304 11.6
(3087, 57) (3087,) (775, 57) (2625,) (2625,)

4 order Label Accuracy: 0.757
[[1633   43   22]
 [ 459  153   11]
 [ 102    1  201]]
0.7569523809523809 [0.96171967 0.24558587 0.66118421]

 rate=15 and ii =2
Accuracy: 0.799
Macro Precision: 0.873
Macro Recall: 0.638
Macro F1-score: 0.678

[[522   1   7]
 [119  42   2]
 [ 27   0  55]]
              precision    recall  f1-score   support

           0       0.78      0.98      0.87       530
           1       0.98      0.26      0.41       163
           2       0.86      0.67      0.75        82

    accuracy                           0.80       775
   macro avg       0.87      0.64      0.68       775
weighted avg       0.83      0.80      0.76       775

Time(sec):  7.9237786
nodes = range(self.m)
range(0, 8)
Graph with 8 nodes and 0 edges
3 462 8
L
[[1 1 2 ... 1 2 2]
 [1 1 1 ... 1 1 1]
 [2 1 1 ... 1 1 1]
 ...
 [1 1 2 ... 1 2 2]
 [1 1 2 ... 1 2 2]
 [1 1 3 ... 3 3 3]]
L_ind
[[1. 0. 0. ... 0. 1. 0.]
 [1. 0. 0. ... 1. 0. 0.]
 [0. 1. 0. ... 1. 0. 0.]
 ...
 [1. 0. 0. ... 0. 1. 0.]
 [1. 0. 0. ... 0. 1. 0.]
 [1. 0. 0. ... 0. 0. 1.]]
3 2625 8
L
[[1 1 1 ... 1 1 1]
 [1 1 1 ... 1 1 1]
 [1 1 1 ... 1 1 1]
 ...
 [1 1 3 ... 3 1 1]
 [1 1 1 ... 3 3 3]
 [1 1 1 ... 3 3 3]]
L_ind
[[1. 0. 0. ... 1. 0. 0.]
 [1. 0. 0. ... 1. 0. 0.]
 [1. 0. 0. ... 1. 0. 0.]
 ...
 [1. 0. 0. ... 1. 0. 0.]
 [1. 0. 0. ... 0. 0. 1.]
 [1. 0. 0. ... 0. 0. 1.]]
299 64.7
110 23.8
53 11.5
1699 64.7
622 23.7
304 11.6
(3087, 57) (3087,) (775, 57) (775,)

 SNO Accuracy: 0.621
[[1142  324  233]
 [ 316  235   71]
 [  31   21  252]]

 rate=15 and ii =3
Accuracy: 0.754
Macro Precision: 0.689
Macro Recall: 0.713
Macro F1-score: 0.688

[[421  38  40]
 [ 83  79  15]
 [  9   6  84]]
              precision    recall  f1-score   support

           0       0.82      0.84      0.83       499
           1       0.64      0.45      0.53       177
           2       0.60      0.85      0.71        99

    accuracy                           0.75       775
   macro avg       0.69      0.71      0.69       775
weighted avg       0.75      0.75      0.75       775

299 64.7
110 23.8
53 11.5
1699 64.7
622 23.7
304 11.6
(3087, 57) (3087,) (775, 57) (775,)

semi-SelfTrain Label Accuracy: 0.742
[[1613   24   62]
 [ 463  136   23]
 [ 103    1  200]]
0.7424761904761905 [0.94938199 0.21864952 0.65789474]

 rate=15 and ii =3
Accuracy: 0.803
Macro Precision: 0.855
Macro Recall: 0.673
Macro F1-score: 0.699

[[508   2  10]
 [115  47   5]
 [ 21   0  67]]
              precision    recall  f1-score   support

         0.0       0.79      0.98      0.87       520
         1.0       0.96      0.28      0.44       167
         2.0       0.82      0.76      0.79        88

    accuracy                           0.80       775
   macro avg       0.86      0.67      0.70       775
weighted avg       0.83      0.80      0.77       775

299 64.7
110 23.8
53 11.5
1699 64.7
622 23.7
304 11.6
(3087, 57) (3087,) (775, 57) (775,)

semi-LabelSpread Label Accuracy: 0.680
[[1699    0    0]
 [ 551   71    0]
 [ 290    0   14]]
0.6796190476190476 [1.         0.11414791 0.04605263]

 rate=15 and ii =3
Accuracy: 0.735
Macro Precision: 0.908
Macro Recall: 0.409
Macro F1-score: 0.412

[[538   0   0]
 [135  28   0]
 [ 70   0   4]]
              precision    recall  f1-score   support

         0.0       0.72      1.00      0.84       538
         1.0       1.00      0.17      0.29       163
         2.0       1.00      0.05      0.10        74

    accuracy                           0.74       775
   macro avg       0.91      0.41      0.41       775
weighted avg       0.81      0.74      0.65       775

299 64.7
110 23.8
53 11.5
1699 64.7
622 23.7
304 11.6
(3087, 57) (3087,) (775, 57) (2625,) (2625,)

2 order Label Accuracy: 0.746
[[1595   54   50]
 [ 447  150   25]
 [  83    9  212]]
0.7455238095238095 [0.93878752 0.24115756 0.69736842]

 rate=15 and ii =3
Accuracy: 0.800
Macro Precision: 0.840
Macro Recall: 0.672
Macro F1-score: 0.699

[[506   5   9]
 [115  48   5]
 [ 21   0  66]]
              precision    recall  f1-score   support

           0       0.79      0.97      0.87       520
           1       0.91      0.29      0.43       168
           2       0.82      0.76      0.79        87

    accuracy                           0.80       775
   macro avg       0.84      0.67      0.70       775
weighted avg       0.82      0.80      0.77       775

299 64.7
110 23.8
53 11.5
1699 64.7
622 23.7
304 11.6
(3087, 57) (3087,) (775, 57) (2625,) (2625,)

3 order Label Accuracy: 0.744
[[1595   56   48]
 [ 447  150   25]
 [  85   11  208]]
0.744 [0.93878752 0.24115756 0.68421053]

 rate=15 and ii =3
Accuracy: 0.799
Macro Precision: 0.840
Macro Recall: 0.669
Macro F1-score: 0.690

[[509   4   9]
 [117  44   6]
 [ 20   0  66]]
              precision    recall  f1-score   support

           0       0.79      0.98      0.87       522
           1       0.92      0.26      0.41       167
           2       0.81      0.77      0.79        86

    accuracy                           0.80       775
   macro avg       0.84      0.67      0.69       775
weighted avg       0.82      0.80      0.76       775

299 64.7
110 23.8
53 11.5
1699 64.7
622 23.7
304 11.6
(3087, 57) (3087,) (775, 57) (2625,) (2625,)

4 order Label Accuracy: 0.746
[[1599   54   46]
 [ 446  151   25]
 [  86   10  208]]
0.745904761904762 [0.94114185 0.24276527 0.68421053]

 rate=15 and ii =3
Accuracy: 0.801
Macro Precision: 0.824
Macro Recall: 0.675
Macro F1-score: 0.698

[[507   6  10]
 [112  48   6]
 [ 19   1  66]]
              precision    recall  f1-score   support

           0       0.79      0.97      0.87       523
           1       0.87      0.29      0.43       166
           2       0.80      0.77      0.79        86

    accuracy                           0.80       775
   macro avg       0.82      0.68      0.70       775
weighted avg       0.81      0.80      0.77       775

Time(sec):  7.640163099999999
nodes = range(self.m)
range(0, 8)
Graph with 8 nodes and 0 edges
3 462 8
L
[[1 1 3 ... 1 3 3]
 [1 1 1 ... 1 1 1]
 [3 3 3 ... 1 3 3]
 ...
 [1 1 2 ... 1 2 2]
 [2 2 1 ... 1 1 1]
 [1 1 1 ... 1 1 1]]
L_ind
[[1. 0. 0. ... 0. 0. 1.]
 [1. 0. 0. ... 1. 0. 0.]
 [0. 0. 1. ... 0. 0. 1.]
 ...
 [1. 0. 0. ... 0. 1. 0.]
 [0. 1. 0. ... 1. 0. 0.]
 [1. 0. 0. ... 1. 0. 0.]]
3 2625 8
L
[[1 1 3 ... 1 1 1]
 [1 1 2 ... 1 2 1]
 [1 1 1 ... 1 1 1]
 ...
 [1 1 3 ... 1 1 1]
 [1 1 1 ... 3 3 3]
 [2 1 2 ... 3 3 3]]
L_ind
[[1. 0. 0. ... 1. 0. 0.]
 [1. 0. 0. ... 1. 0. 0.]
 [1. 0. 0. ... 1. 0. 0.]
 ...
 [1. 0. 0. ... 1. 0. 0.]
 [1. 0. 0. ... 0. 0. 1.]
 [0. 1. 0. ... 0. 0. 1.]]
299 64.7
110 23.8
53 11.5
1699 64.7
622 23.7
304 11.6
(3087, 57) (3087,) (775, 57) (775,)

 SNO Accuracy: 0.640
[[1174  318  207]
 [ 317  253   52]
 [  36   14  254]]

 rate=15 and ii =4
Accuracy: 0.779
Macro Precision: 0.728
Macro Recall: 0.723
Macro F1-score: 0.709

[[451  28  29]
 [ 89  74  12]
 [ 10   3  79]]
              precision    recall  f1-score   support

           0       0.82      0.89      0.85       508
           1       0.70      0.42      0.53       175
           2       0.66      0.86      0.75        92

    accuracy                           0.78       775
   macro avg       0.73      0.72      0.71       775
weighted avg       0.77      0.78      0.77       775

299 64.7
110 23.8
53 11.5
1699 64.7
622 23.7
304 11.6
(3087, 57) (3087,) (775, 57) (775,)

semi-SelfTrain Label Accuracy: 0.744
[[1623    6   70]
 [ 473  119   30]
 [  91    2  211]]
0.744 [0.9552678  0.19131833 0.69407895]

 rate=15 and ii =4
Accuracy: 0.796
Macro Precision: 0.840
Macro Recall: 0.658
Macro F1-score: 0.673

[[514   2  11]
 [118  38   7]
 [ 20   0  65]]
              precision    recall  f1-score   support

         0.0       0.79      0.98      0.87       527
         1.0       0.95      0.23      0.37       163
         2.0       0.78      0.76      0.77        85

    accuracy                           0.80       775
   macro avg       0.84      0.66      0.67       775
weighted avg       0.82      0.80      0.76       775

299 64.7
110 23.8
53 11.5
1699 64.7
622 23.7
304 11.6
(3087, 57) (3087,) (775, 57) (775,)

semi-LabelSpread Label Accuracy: 0.679
[[1699    0    0]
 [ 552   70    0]
 [ 291    0   13]]
0.6788571428571428 [1.         0.11254019 0.04276316]

 rate=15 and ii =4
Accuracy: 0.738
Macro Precision: 0.909
Macro Recall: 0.403
Macro F1-score: 0.403

[[542   0   0]
 [134  27   0]
 [ 69   0   3]]
              precision    recall  f1-score   support

         0.0       0.73      1.00      0.84       542
         1.0       1.00      0.17      0.29       161
         2.0       1.00      0.04      0.08        72

    accuracy                           0.74       775
   macro avg       0.91      0.40      0.40       775
weighted avg       0.81      0.74      0.66       775

299 64.7
110 23.8
53 11.5
1699 64.7
622 23.7
304 11.6
(3087, 57) (3087,) (775, 57) (2625,) (2625,)

2 order Label Accuracy: 0.759
[[1610   38   51]
 [ 441  158   23]
 [  76    3  225]]
0.7592380952380953 [0.94761624 0.25401929 0.74013158]

 rate=15 and ii =4
Accuracy: 0.799
Macro Precision: 0.806
Macro Recall: 0.670
Macro F1-score: 0.687

[[510   6  13]
 [112  45   6]
 [ 17   2  64]]
              precision    recall  f1-score   support

           0       0.80      0.96      0.87       529
           1       0.85      0.28      0.42       163
           2       0.77      0.77      0.77        83

    accuracy                           0.80       775
   macro avg       0.81      0.67      0.69       775
weighted avg       0.81      0.80      0.77       775

299 64.7
110 23.8
53 11.5
1699 64.7
622 23.7
304 11.6
(3087, 57) (3087,) (775, 57) (2625,) (2625,)

3 order Label Accuracy: 0.759
[[1612   38   49]
 [ 440  158   24]
 [  78    3  223]]
0.7592380952380953 [0.94879341 0.25401929 0.73355263]

 rate=15 and ii =4
Accuracy: 0.796
Macro Precision: 0.804
Macro Recall: 0.663
Macro F1-score: 0.682

[[509   6  13]
 [112  45   6]
 [ 19   2  63]]
              precision    recall  f1-score   support

           0       0.80      0.96      0.87       528
           1       0.85      0.28      0.42       163
           2       0.77      0.75      0.76        84

    accuracy                           0.80       775
   macro avg       0.80      0.66      0.68       775
weighted avg       0.80      0.80      0.76       775

299 64.7
110 23.8
53 11.5
1699 64.7
622 23.7
304 11.6
(3087, 57) (3087,) (775, 57) (2625,) (2625,)

4 order Label Accuracy: 0.760
[[1613   37   49]
 [ 440  158   24]
 [  78    3  223]]
0.7596190476190476 [0.94938199 0.25401929 0.73355263]

 rate=15 and ii =4
Accuracy: 0.797
Macro Precision: 0.809
Macro Recall: 0.666
Macro F1-score: 0.686

[[508   6  12]
 [112  45   6]
 [ 19   2  65]]
              precision    recall  f1-score   support

           0       0.79      0.97      0.87       526
           1       0.85      0.28      0.42       163
           2       0.78      0.76      0.77        86

    accuracy                           0.80       775
   macro avg       0.81      0.67      0.69       775
weighted avg       0.81      0.80      0.76       775

Time(sec):  8.404539100000001
nodes = range(self.m)
range(0, 8)
Graph with 8 nodes and 0 edges
3 460 8
L
[[1 1 2 ... 1 2 2]
 [1 1 1 ... 1 1 1]
 [1 1 2 ... 1 2 2]
 ...
 [2 1 2 ... 1 2 2]
 [1 1 1 ... 1 1 1]
 [1 3 2 ... 1 2 2]]
L_ind
[[1. 0. 0. ... 0. 1. 0.]
 [1. 0. 0. ... 1. 0. 0.]
 [1. 0. 0. ... 0. 1. 0.]
 ...
 [0. 1. 0. ... 0. 1. 0.]
 [1. 0. 0. ... 1. 0. 0.]
 [1. 0. 0. ... 0. 1. 0.]]
3 2627 8
L
[[1 1 3 ... 1 1 1]
 [1 1 1 ... 1 1 1]
 [1 1 1 ... 1 1 1]
 ...
 [3 1 3 ... 1 1 1]
 [2 1 3 ... 1 3 3]
 [1 1 2 ... 1 3 3]]
L_ind
[[1. 0. 0. ... 1. 0. 0.]
 [1. 0. 0. ... 1. 0. 0.]
 [1. 0. 0. ... 1. 0. 0.]
 ...
 [0. 0. 1. ... 1. 0. 0.]
 [0. 1. 0. ... 0. 0. 1.]
 [1. 0. 0. ... 0. 0. 1.]]
298 64.8
109 23.7
53 11.5
1700 64.7
623 23.7
304 11.6
(3087, 57) (3087,) (775, 57) (775,)

 SNO Accuracy: 0.643
[[1180  337  183]
 [ 305  262   56]
 [  38   20  246]]

 rate=15 and ii =5
Accuracy: 0.764
Macro Precision: 0.704
Macro Recall: 0.696
Macro F1-score: 0.693

[[447  42  21]
 [ 92  69  10]
 [ 12   6  76]]
              precision    recall  f1-score   support

           0       0.81      0.88      0.84       510
           1       0.59      0.40      0.48       171
           2       0.71      0.81      0.76        94

    accuracy                           0.76       775
   macro avg       0.70      0.70      0.69       775
weighted avg       0.75      0.76      0.75       775

298 64.8
109 23.7
53 11.5
1700 64.7
623 23.7
304 11.6
(3087, 57) (3087,) (775, 57) (775,)

semi-SelfTrain Label Accuracy: 0.715
[[1579   48   73]
 [ 508   88   27]
 [  92    2  210]]
0.7145032356299962 [0.92882353 0.14125201 0.69078947]

 rate=15 and ii =5
Accuracy: 0.764
Macro Precision: 0.737
Macro Recall: 0.623
Macro F1-score: 0.624

[[500  10  17]
 [128  29   6]
 [ 20   2  63]]
              precision    recall  f1-score   support

         0.0       0.77      0.95      0.85       527
         1.0       0.71      0.18      0.28       163
         2.0       0.73      0.74      0.74        85

    accuracy                           0.76       775
   macro avg       0.74      0.62      0.62       775
weighted avg       0.75      0.76      0.72       775

298 64.8
109 23.7
53 11.5
1700 64.7
623 23.7
304 11.6
(3087, 57) (3087,) (775, 57) (775,)

semi-LabelSpread Label Accuracy: 0.673
[[1700    0    0]
 [ 559   64    0]
 [ 299    0    5]]
0.6733917015607156 [1.         0.10272873 0.01644737]

 rate=15 and ii =5
Accuracy: 0.728
Macro Precision: 0.574
Macro Recall: 0.372
Macro F1-score: 0.348

[[546   0   0]
 [139  18   0]
 [ 72   0   0]]
              precision    recall  f1-score   support

         0.0       0.72      1.00      0.84       546
         1.0       1.00      0.11      0.21       157
         2.0       0.00      0.00      0.00        72

    accuracy                           0.73       775
   macro avg       0.57      0.37      0.35       775
weighted avg       0.71      0.73      0.63       775

298 64.8
109 23.7
53 11.5
1700 64.7
623 23.7
304 11.6
(3087, 57) (3087,) (775, 57) (2627,) (2627,)

2 order Label Accuracy: 0.754
[[1628   33   39]
 [ 447  155   21]
 [  97   10  197]]
0.75371145793681 [0.95764706 0.24879615 0.64802632]

 rate=15 and ii =5
Accuracy: 0.795
Macro Precision: 0.841
Macro Recall: 0.647
Macro F1-score: 0.672

[[518   4   8]
 [121  37   4]
 [ 22   0  61]]
              precision    recall  f1-score   support

           0       0.78      0.98      0.87       530
           1       0.90      0.23      0.36       162
           2       0.84      0.73      0.78        83

    accuracy                           0.79       775
   macro avg       0.84      0.65      0.67       775
weighted avg       0.81      0.79      0.75       775

298 64.8
109 23.7
53 11.5
1700 64.7
623 23.7
304 11.6
(3087, 57) (3087,) (775, 57) (2627,) (2627,)

3 order Label Accuracy: 0.751
[[1631   32   37]
 [ 455  153   15]
 [ 106    9  189]]
0.7510468214693566 [0.95941176 0.24558587 0.62171053]

 rate=15 and ii =5
Accuracy: 0.788
Macro Precision: 0.843
Macro Recall: 0.616
Macro F1-score: 0.651

[[523   3   6]
 [123  35   3]
 [ 28   1  53]]
              precision    recall  f1-score   support

           0       0.78      0.98      0.87       532
           1       0.90      0.22      0.35       161
           2       0.85      0.65      0.74        82

    accuracy                           0.79       775
   macro avg       0.84      0.62      0.65       775
weighted avg       0.81      0.79      0.75       775

298 64.8
109 23.7
53 11.5
1700 64.7
623 23.7
304 11.6
(3087, 57) (3087,) (775, 57) (2627,) (2627,)

4 order Label Accuracy: 0.751
[[1631   32   37]
 [ 456  152   15]
 [ 108    7  189]]
0.7506661591168633 [0.95941176 0.24398074 0.62171053]

 rate=15 and ii =5
Accuracy: 0.788
Macro Precision: 0.846
Macro Recall: 0.618
Macro F1-score: 0.651

[[523   3   7]
 [123  35   3]
 [ 28   0  53]]
              precision    recall  f1-score   support

           0       0.78      0.98      0.87       533
           1       0.92      0.22      0.35       161
           2       0.84      0.65      0.74        81

    accuracy                           0.79       775
   macro avg       0.85      0.62      0.65       775
weighted avg       0.81      0.79      0.75       775

Time(sec):  8.1113468
nodes = range(self.m)
range(0, 8)
Graph with 8 nodes and 0 edges
3 460 8
L
[[1 1 1 ... 1 1 1]
 [1 1 1 ... 1 1 1]
 [2 1 2 ... 1 2 2]
 ...
 [1 1 1 ... 1 1 1]
 [2 1 2 ... 1 2 2]
 [1 1 1 ... 1 1 1]]
L_ind
[[1. 0. 0. ... 1. 0. 0.]
 [1. 0. 0. ... 1. 0. 0.]
 [0. 1. 0. ... 0. 1. 0.]
 ...
 [1. 0. 0. ... 1. 0. 0.]
 [0. 1. 0. ... 0. 1. 0.]
 [1. 0. 0. ... 1. 0. 0.]]
3 2627 8
L
[[1 1 1 ... 1 1 1]
 [1 1 1 ... 1 1 1]
 [1 1 1 ... 1 1 1]
 ...
 [1 1 3 ... 3 3 3]
 [1 1 1 ... 3 3 3]
 [1 1 1 ... 3 3 3]]
L_ind
[[1. 0. 0. ... 1. 0. 0.]
 [1. 0. 0. ... 1. 0. 0.]
 [1. 0. 0. ... 1. 0. 0.]
 ...
 [1. 0. 0. ... 0. 0. 1.]
 [1. 0. 0. ... 0. 0. 1.]
 [1. 0. 0. ... 0. 0. 1.]]
298 64.8
110 23.9
52 11.3
1700 64.7
622 23.7
305 11.6
(3087, 57) (3087,) (775, 57) (775,)

 SNO Accuracy: 0.625
[[1114  343  243]
 [ 283  269   70]
 [  31   14  260]]

 rate=15 and ii =6
Accuracy: 0.743
Macro Precision: 0.680
Macro Recall: 0.704
Macro F1-score: 0.673

[[422  39  40]
 [ 93  68  16]
 [ 10   1  86]]
              precision    recall  f1-score   support

           0       0.80      0.84      0.82       501
           1       0.63      0.38      0.48       177
           2       0.61      0.89      0.72        97

    accuracy                           0.74       775
   macro avg       0.68      0.70      0.67       775
weighted avg       0.74      0.74      0.73       775

298 64.8
110 23.9
52 11.3
1700 64.7
622 23.7
305 11.6
(3087, 57) (3087,) (775, 57) (775,)

semi-SelfTrain Label Accuracy: 0.745
[[1636    1   63]
 [ 480  116   26]
 [ 101    0  204]]
0.7445755614769699 [0.96235294 0.18649518 0.66885246]

 rate=15 and ii =6
Accuracy: 0.791
Macro Precision: 0.855
Macro Recall: 0.647
Macro F1-score: 0.663

[[512   0  12]
 [122  35   6]
 [ 22   0  66]]
              precision    recall  f1-score   support

         0.0       0.78      0.98      0.87       524
         1.0       1.00      0.21      0.35       163
         2.0       0.79      0.75      0.77        88

    accuracy                           0.79       775
   macro avg       0.86      0.65      0.66       775
weighted avg       0.83      0.79      0.75       775

298 64.8
110 23.9
52 11.3
1700 64.7
622 23.7
305 11.6
(3087, 57) (3087,) (775, 57) (775,)

semi-LabelSpread Label Accuracy: 0.678
[[1700    0    0]
 [ 546   76    0]
 [ 300    0    5]]
0.6779596497906357 [1.         0.1221865  0.01639344]

 rate=15 and ii =6
Accuracy: 0.730
Macro Precision: 0.907
Macro Recall: 0.386
Macro F1-score: 0.372

[[542   0   0]
 [138  23   0]
 [ 71   0   1]]
              precision    recall  f1-score   support

         0.0       0.72      1.00      0.84       542
         1.0       1.00      0.14      0.25       161
         2.0       1.00      0.01      0.03        72

    accuracy                           0.73       775
   macro avg       0.91      0.39      0.37       775
weighted avg       0.81      0.73      0.64       775

298 64.8
110 23.9
52 11.3
1700 64.7
622 23.7
305 11.6
(3087, 57) (3087,) (775, 57) (2627,) (2627,)

2 order Label Accuracy: 0.729
[[1542  103   55]
 [ 433  172   17]
 [  98    5  202]]
0.7293490673772364 [0.90705882 0.27652733 0.66229508]

 rate=15 and ii =6
Accuracy: 0.799
Macro Precision: 0.846
Macro Recall: 0.652
Macro F1-score: 0.688

[[513   4   9]
 [114  47   3]
 [ 26   0  59]]
              precision    recall  f1-score   support

           0       0.79      0.98      0.87       526
           1       0.92      0.29      0.44       164
           2       0.83      0.69      0.76        85

    accuracy                           0.80       775
   macro avg       0.85      0.65      0.69       775
weighted avg       0.82      0.80      0.77       775

298 64.8
110 23.9
52 11.3
1700 64.7
622 23.7
305 11.6
(3087, 57) (3087,) (775, 57) (2627,) (2627,)

3 order Label Accuracy: 0.743
[[1600   50   50]
 [ 449  158   15]
 [ 106    4  195]]
0.7434335744194899 [0.94117647 0.25401929 0.63934426]

 rate=15 and ii =6
Accuracy: 0.797
Macro Precision: 0.854
Macro Recall: 0.647
Macro F1-score: 0.683

[[515   3   8]
 [117  44   3]
 [ 26   0  59]]
              precision    recall  f1-score   support

           0       0.78      0.98      0.87       526
           1       0.94      0.27      0.42       164
           2       0.84      0.69      0.76        85

    accuracy                           0.80       775
   macro avg       0.85      0.65      0.68       775
weighted avg       0.82      0.80      0.76       775

298 64.8
110 23.9
52 11.3
1700 64.7
622 23.7
305 11.6
(3087, 57) (3087,) (775, 57) (2627,) (2627,)

4 order Label Accuracy: 0.748
[[1622   36   42]
 [ 460  147   15]
 [ 108    2  195]]
0.7476208602969167 [0.95411765 0.23633441 0.63934426]

 rate=15 and ii =6
Accuracy: 0.795
Macro Precision: 0.849
Macro Recall: 0.636
Macro F1-score: 0.672

[[519   3   8]
 [118  42   3]
 [ 27   0  55]]
              precision    recall  f1-score   support

           0       0.78      0.98      0.87       530
           1       0.93      0.26      0.40       163
           2       0.83      0.67      0.74        82

    accuracy                           0.79       775
   macro avg       0.85      0.64      0.67       775
weighted avg       0.82      0.79      0.76       775

Time(sec):  7.477763300000001
nodes = range(self.m)
range(0, 8)
Graph with 8 nodes and 0 edges
3 459 8
L
[[1 1 1 ... 1 1 1]
 [1 1 2 ... 1 2 2]
 [1 1 2 ... 1 2 2]
 ...
 [2 1 3 ... 1 3 3]
 [1 1 1 ... 1 1 1]
 [1 2 2 ... 1 2 2]]
L_ind
[[1. 0. 0. ... 1. 0. 0.]
 [1. 0. 0. ... 0. 1. 0.]
 [1. 0. 0. ... 0. 1. 0.]
 ...
 [0. 1. 0. ... 0. 0. 1.]
 [1. 0. 0. ... 1. 0. 0.]
 [1. 0. 0. ... 0. 1. 0.]]
3 2628 8
L
[[2 1 1 ... 1 1 1]
 [1 1 1 ... 1 1 1]
 [1 1 1 ... 1 2 1]
 ...
 [1 1 3 ... 1 3 3]
 [1 1 1 ... 2 3 3]
 [1 1 1 ... 2 3 3]]
L_ind
[[0. 1. 0. ... 1. 0. 0.]
 [1. 0. 0. ... 1. 0. 0.]
 [1. 0. 0. ... 1. 0. 0.]
 ...
 [1. 0. 0. ... 0. 0. 1.]
 [1. 0. 0. ... 0. 0. 1.]
 [1. 0. 0. ... 0. 0. 1.]]
296 64.5
110 24.0
53 11.5
1702 64.8
622 23.7
304 11.6
(3087, 57) (3087,) (775, 57) (775,)

 SNO Accuracy: 0.662
[[1231  310  161]
 [ 280  274   68]
 [  40   30  234]]

 rate=15 and ii =7
Accuracy: 0.781
Macro Precision: 0.730
Macro Recall: 0.711
Macro F1-score: 0.715

[[452  42  11]
 [ 83  80  14]
 [ 13   7  73]]
              precision    recall  f1-score   support

           0       0.82      0.90      0.86       505
           1       0.62      0.45      0.52       177
           2       0.74      0.78      0.76        93

    accuracy                           0.78       775
   macro avg       0.73      0.71      0.72       775
weighted avg       0.77      0.78      0.77       775

296 64.5
110 24.0
53 11.5
1702 64.8
622 23.7
304 11.6
(3087, 57) (3087,) (775, 57) (775,)

semi-SelfTrain Label Accuracy: 0.749
[[1659   21   22]
 [ 483  124   15]
 [ 111    7  186]]
0.7492389649923896 [0.97473561 0.19935691 0.61184211]

 rate=15 and ii =7
Accuracy: 0.782
Macro Precision: 0.836
Macro Recall: 0.604
Macro F1-score: 0.642

[[520   4   5]
 [125  35   3]
 [ 31   1  51]]
              precision    recall  f1-score   support

         0.0       0.77      0.98      0.86       529
         1.0       0.88      0.21      0.34       163
         2.0       0.86      0.61      0.72        83

    accuracy                           0.78       775
   macro avg       0.84      0.60      0.64       775
weighted avg       0.80      0.78      0.74       775

296 64.5
110 24.0
53 11.5
1702 64.8
622 23.7
304 11.6
(3087, 57) (3087,) (775, 57) (775,)

semi-LabelSpread Label Accuracy: 0.682
[[1702    0    0]
 [ 537   85    0]
 [ 298    0    6]]
0.6822678843226788 [1.         0.13665595 0.01973684]

 rate=15 and ii =7
Accuracy: 0.732
Macro Precision: 0.907
Macro Recall: 0.394
Macro F1-score: 0.386

[[540   0   0]
 [137  25   0]
 [ 71   0   2]]
              precision    recall  f1-score   support

         0.0       0.72      1.00      0.84       540
         1.0       1.00      0.15      0.27       162
         2.0       1.00      0.03      0.05        73

    accuracy                           0.73       775
   macro avg       0.91      0.39      0.39       775
weighted avg       0.81      0.73      0.65       775

296 64.5
110 24.0
53 11.5
1702 64.8
622 23.7
304 11.6
(3087, 57) (3087,) (775, 57) (2628,) (2628,)

2 order Label Accuracy: 0.752
[[1646   34   22]
 [ 462  151    9]
 [ 112   14  178]]
0.7515220700152208 [0.96709753 0.24276527 0.58552632]

 rate=15 and ii =7
Accuracy: 0.790
Macro Precision: 0.840
Macro Recall: 0.612
Macro F1-score: 0.656

[[522   3   2]
 [121  40   4]
 [ 29   4  50]]
              precision    recall  f1-score   support

           0       0.78      0.99      0.87       527
           1       0.85      0.24      0.38       165
           2       0.89      0.60      0.72        83

    accuracy                           0.79       775
   macro avg       0.84      0.61      0.66       775
weighted avg       0.81      0.79      0.75       775

296 64.5
110 24.0
53 11.5
1702 64.8
622 23.7
304 11.6
(3087, 57) (3087,) (775, 57) (2628,) (2628,)

3 order Label Accuracy: 0.747
[[1652   32   18]
 [ 462  150   10]
 [ 131   12  161]]
0.7469558599695586 [0.9706228  0.24115756 0.52960526]

 rate=15 and ii =7
Accuracy: 0.779
Macro Precision: 0.825
Macro Recall: 0.585
Macro F1-score: 0.630

[[522   3   3]
 [123  38   4]
 [ 34   4  44]]
              precision    recall  f1-score   support

           0       0.77      0.99      0.86       528
           1       0.84      0.23      0.36       165
           2       0.86      0.54      0.66        82

    accuracy                           0.78       775
   macro avg       0.83      0.59      0.63       775
weighted avg       0.79      0.78      0.74       775

296 64.5
110 24.0
53 11.5
1702 64.8
622 23.7
304 11.6
(3087, 57) (3087,) (775, 57) (2628,) (2628,)

4 order Label Accuracy: 0.747
[[1650   36   16]
 [ 462  152    8]
 [ 131   13  160]]
0.7465753424657534 [0.96944771 0.24437299 0.52631579]

 rate=15 and ii =7
Accuracy: 0.773
Macro Precision: 0.805
Macro Recall: 0.577
Macro F1-score: 0.620

[[519   5   5]
 [124  38   3]
 [ 35   4  42]]
              precision    recall  f1-score   support

           0       0.77      0.98      0.86       529
           1       0.81      0.23      0.36       165
           2       0.84      0.52      0.64        81

    accuracy                           0.77       775
   macro avg       0.80      0.58      0.62       775
weighted avg       0.78      0.77      0.73       775

Time(sec):  8.5552463
nodes = range(self.m)
range(0, 8)
Graph with 8 nodes and 0 edges
3 461 8
L
[[1 1 1 ... 1 1 1]
 [2 1 2 ... 1 2 2]
 [1 1 1 ... 1 1 1]
 ...
 [1 1 2 ... 1 2 2]
 [2 2 1 ... 2 1 1]
 [3 1 1 ... 1 1 1]]
L_ind
[[1. 0. 0. ... 1. 0. 0.]
 [0. 1. 0. ... 0. 1. 0.]
 [1. 0. 0. ... 1. 0. 0.]
 ...
 [1. 0. 0. ... 0. 1. 0.]
 [0. 1. 0. ... 1. 0. 0.]
 [0. 0. 1. ... 1. 0. 0.]]
3 2626 8
L
[[1 1 1 ... 1 1 1]
 [1 1 1 ... 1 1 1]
 [1 1 1 ... 1 1 1]
 ...
 [3 1 1 ... 1 1 1]
 [1 1 3 ... 3 3 3]
 [1 1 2 ... 3 3 3]]
L_ind
[[1. 0. 0. ... 1. 0. 0.]
 [1. 0. 0. ... 1. 0. 0.]
 [1. 0. 0. ... 1. 0. 0.]
 ...
 [0. 0. 1. ... 1. 0. 0.]
 [1. 0. 0. ... 0. 0. 1.]
 [1. 0. 0. ... 0. 0. 1.]]
299 64.9
110 23.9
52 11.3
1699 64.7
622 23.7
305 11.6
(3087, 57) (3087,) (775, 57) (775,)

 SNO Accuracy: 0.650
[[1202  317  180]
 [ 300  270   52]
 [  52   17  236]]

 rate=15 and ii =8
Accuracy: 0.769
Macro Precision: 0.719
Macro Recall: 0.732
Macro F1-score: 0.714

[[425  36  36]
 [ 82  87  11]
 [ 12   2  84]]
              precision    recall  f1-score   support

           0       0.82      0.86      0.84       497
           1       0.70      0.48      0.57       180
           2       0.64      0.86      0.73        98

    accuracy                           0.77       775
   macro avg       0.72      0.73      0.71       775
weighted avg       0.77      0.77      0.76       775

299 64.9
110 23.9
52 11.3
1699 64.7
622 23.7
305 11.6
(3087, 57) (3087,) (775, 57) (775,)

semi-SelfTrain Label Accuracy: 0.749
[[1650   19   30]
 [ 483  130    9]
 [ 116    2  187]]
0.7490479817212491 [0.97115951 0.20900322 0.61311475]

 rate=15 and ii =8
Accuracy: 0.796
Macro Precision: 0.861
Macro Recall: 0.639
Macro F1-score: 0.675

[[520   2   8]
 [120  41   2]
 [ 26   0  56]]
              precision    recall  f1-score   support

         0.0       0.78      0.98      0.87       530
         1.0       0.95      0.25      0.40       163
         2.0       0.85      0.68      0.76        82

    accuracy                           0.80       775
   macro avg       0.86      0.64      0.67       775
weighted avg       0.82      0.80      0.76       775

299 64.9
110 23.9
52 11.3
1699 64.7
622 23.7
305 11.6
(3087, 57) (3087,) (775, 57) (775,)

semi-LabelSpread Label Accuracy: 0.676
[[1699    0    0]
 [ 559   63    0]
 [ 293    0   12]]
0.6755521706016756 [1.         0.10128617 0.03934426]

 rate=15 and ii =8
Accuracy: 0.739
Macro Precision: 0.909
Macro Recall: 0.408
Macro F1-score: 0.412

[[542   0   0]
 [134  27   0]
 [ 68   0   4]]
              precision    recall  f1-score   support

         0.0       0.73      1.00      0.84       542
         1.0       1.00      0.17      0.29       161
         2.0       1.00      0.06      0.11        72

    accuracy                           0.74       775
   macro avg       0.91      0.41      0.41       775
weighted avg       0.81      0.74      0.66       775

299 64.9
110 23.9
52 11.3
1699 64.7
622 23.7
305 11.6
(3087, 57) (3087,) (775, 57) (2626,) (2626,)

2 order Label Accuracy: 0.736
[[1535  103   61]
 [ 414  191   17]
 [  89   10  206]]
0.7357197258187357 [0.90347263 0.30707395 0.67540984]

 rate=15 and ii =8
Accuracy: 0.806
Macro Precision: 0.837
Macro Recall: 0.677
Macro F1-score: 0.711

[[505   5  13]
 [104  58   3]
 [ 25   0  62]]
              precision    recall  f1-score   support

           0       0.80      0.97      0.87       523
           1       0.92      0.35      0.51       165
           2       0.79      0.71      0.75        87

    accuracy                           0.81       775
   macro avg       0.84      0.68      0.71       775
weighted avg       0.82      0.81      0.78       775

299 64.9
110 23.9
52 11.3
1699 64.7
622 23.7
305 11.6
(3087, 57) (3087,) (775, 57) (2626,) (2626,)

3 order Label Accuracy: 0.758
[[1607   48   44]
 [ 428  179   15]
 [  94    6  205]]
0.7581873571972582 [0.9458505  0.28778135 0.67213115]

 rate=15 and ii =8
Accuracy: 0.808
Macro Precision: 0.845
Macro Recall: 0.669
Macro F1-score: 0.707

[[511   5  10]
 [105  54   3]
 [ 26   0  61]]
              precision    recall  f1-score   support

           0       0.80      0.97      0.88       526
           1       0.92      0.33      0.49       162
           2       0.82      0.70      0.76        87

    accuracy                           0.81       775
   macro avg       0.85      0.67      0.71       775
weighted avg       0.82      0.81      0.78       775

299 64.9
110 23.9
52 11.3
1699 64.7
622 23.7
305 11.6
(3087, 57) (3087,) (775, 57) (2626,) (2626,)

4 order Label Accuracy: 0.759
[[1609   46   44]
 [ 428  180   14]
 [  92    8  205]]
0.7593297791317594 [0.94702766 0.28938907 0.67213115]

 rate=15 and ii =8
Accuracy: 0.812
Macro Precision: 0.853
Macro Recall: 0.671
Macro F1-score: 0.712

[[514   4   8]
 [105  55   3]
 [ 25   1  60]]
              precision    recall  f1-score   support

           0       0.80      0.98      0.88       526
           1       0.92      0.34      0.49       163
           2       0.85      0.70      0.76        86

    accuracy                           0.81       775
   macro avg       0.85      0.67      0.71       775
weighted avg       0.83      0.81      0.78       775

Time(sec):  8.4310898
nodes = range(self.m)
range(0, 8)
Graph with 8 nodes and 0 edges
3 460 8
L
[[2 1 1 ... 1 1 1]
 [1 1 1 ... 1 1 1]
 [2 1 2 ... 1 2 2]
 ...
 [2 1 2 ... 1 2 2]
 [1 1 1 ... 1 1 1]
 [1 1 1 ... 1 1 1]]
L_ind
[[0. 1. 0. ... 1. 0. 0.]
 [1. 0. 0. ... 1. 0. 0.]
 [0. 1. 0. ... 0. 1. 0.]
 ...
 [0. 1. 0. ... 0. 1. 0.]
 [1. 0. 0. ... 1. 0. 0.]
 [1. 0. 0. ... 1. 0. 0.]]
3 2627 8
L
[[1 1 1 ... 1 1 1]
 [1 1 1 ... 1 1 1]
 [1 1 1 ... 1 1 1]
 ...
 [1 1 3 ... 3 3 3]
 [1 1 1 ... 3 3 3]
 [2 1 1 ... 3 3 3]]
L_ind
[[1. 0. 0. ... 1. 0. 0.]
 [1. 0. 0. ... 1. 0. 0.]
 [1. 0. 0. ... 1. 0. 0.]
 ...
 [1. 0. 0. ... 0. 0. 1.]
 [1. 0. 0. ... 0. 0. 1.]
 [0. 1. 0. ... 0. 0. 1.]]
298 64.8
109 23.7
53 11.5
1700 64.7
623 23.7
304 11.6
(3087, 57) (3087,) (775, 57) (775,)

 SNO Accuracy: 0.612
[[1072  342  286]
 [ 285  283   55]
 [  28   24  252]]

 rate=15 and ii =9
Accuracy: 0.750
Macro Precision: 0.682
Macro Recall: 0.717
Macro F1-score: 0.686

[[419  45  38]
 [ 84  75  16]
 [  8   3  87]]
              precision    recall  f1-score   support

           0       0.82      0.83      0.83       502
           1       0.61      0.43      0.50       175
           2       0.62      0.89      0.73        98

    accuracy                           0.75       775
   macro avg       0.68      0.72      0.69       775
weighted avg       0.75      0.75      0.74       775

298 64.8
109 23.7
53 11.5
1700 64.7
623 23.7
304 11.6
(3087, 57) (3087,) (775, 57) (775,)

semi-SelfTrain Label Accuracy: 0.732
[[1631   18   51]
 [ 515   92   16]
 [  93   11  200]]
0.7320137038446898 [0.95941176 0.14767255 0.65789474]

 rate=15 and ii =9
Accuracy: 0.770
Macro Precision: 0.758
Macro Recall: 0.607
Macro F1-score: 0.609

[[514   4  10]
 [134  19   6]
 [ 20   4  64]]
              precision    recall  f1-score   support

         0.0       0.77      0.97      0.86       528
         1.0       0.70      0.12      0.20       159
         2.0       0.80      0.73      0.76        88

    accuracy                           0.77       775
   macro avg       0.76      0.61      0.61       775
weighted avg       0.76      0.77      0.71       775

298 64.8
109 23.7
53 11.5
1700 64.7
623 23.7
304 11.6
(3087, 57) (3087,) (775, 57) (775,)

semi-LabelSpread Label Accuracy: 0.685
[[1700    0    0]
 [ 539   84    0]
 [ 289    0   15]]
0.6848115721355158 [1.         0.13483146 0.04934211]

 rate=15 and ii =9
Accuracy: 0.726
Macro Precision: 0.574
Macro Recall: 0.368
Macro F1-score: 0.341

[[547   0   0]
 [140  16   0]
 [ 72   0   0]]
              precision    recall  f1-score   support

         0.0       0.72      1.00      0.84       547
         1.0       1.00      0.10      0.19       156
         2.0       0.00      0.00      0.00        72

    accuracy                           0.73       775
   macro avg       0.57      0.37      0.34       775
weighted avg       0.71      0.73      0.63       775

298 64.8
109 23.7
53 11.5
1700 64.7
623 23.7
304 11.6
(3087, 57) (3087,) (775, 57) (2627,) (2627,)

2 order Label Accuracy: 0.748
[[1646   24   30]
 [ 492  120   11]
 [  89   15  200]]
0.7483821850019033 [0.96823529 0.19261637 0.65789474]

 rate=15 and ii =9
Accuracy: 0.777
Macro Precision: 0.827
Macro Recall: 0.588
Macro F1-score: 0.607

[[528   1   6]
 [133  20   4]
 [ 27   2  54]]
              precision    recall  f1-score   support

           0       0.77      0.99      0.86       535
           1       0.87      0.13      0.22       157
           2       0.84      0.65      0.73        83

    accuracy                           0.78       775
   macro avg       0.83      0.59      0.61       775
weighted avg       0.80      0.78      0.72       775

298 64.8
109 23.7
53 11.5
1700 64.7
623 23.7
304 11.6
(3087, 57) (3087,) (775, 57) (2627,) (2627,)

3 order Label Accuracy: 0.748
[[1644   25   31]
 [ 491  117   15]
 [  83   17  204]]
0.74800152264941 [0.96705882 0.18780096 0.67105263]

 rate=15 and ii =9
Accuracy: 0.775
Macro Precision: 0.837
Macro Recall: 0.590
Macro F1-score: 0.607

[[525   1   7]
 [133  20   4]
 [ 28   1  56]]
              precision    recall  f1-score   support

           0       0.77      0.98      0.86       533
           1       0.91      0.13      0.22       157
           2       0.84      0.66      0.74        85

    accuracy                           0.78       775
   macro avg       0.84      0.59      0.61       775
weighted avg       0.80      0.78      0.72       775

298 64.8
109 23.7
53 11.5
1700 64.7
623 23.7
304 11.6
(3087, 57) (3087,) (775, 57) (2627,) (2627,)

4 order Label Accuracy: 0.747
[[1648   25   27]
 [ 494  118   11]
 [  91   16  197]]
0.7472401979444233 [0.96941176 0.1894061  0.64802632]

 rate=15 and ii =9
Accuracy: 0.775
Macro Precision: 0.835
Macro Recall: 0.586
Macro F1-score: 0.604

[[528   1   7]
 [133  20   4]
 [ 28   1  53]]
              precision    recall  f1-score   support

           0       0.77      0.99      0.86       536
           1       0.91      0.13      0.22       157
           2       0.83      0.65      0.73        82

    accuracy                           0.78       775
   macro avg       0.83      0.59      0.60       775
weighted avg       0.80      0.78      0.72       775

Time(sec):  8.572238
nodes = range(self.m)
range(0, 8)
Graph with 8 nodes and 0 edges
3 462 8
L
[[1 1 1 ... 1 1 1]
 [3 3 3 ... 1 3 3]
 [1 1 1 ... 1 1 1]
 ...
 [3 3 3 ... 1 3 3]
 [1 1 2 ... 1 2 2]
 [1 1 1 ... 1 1 1]]
L_ind
[[1. 0. 0. ... 1. 0. 0.]
 [0. 0. 1. ... 0. 0. 1.]
 [1. 0. 0. ... 1. 0. 0.]
 ...
 [0. 0. 1. ... 0. 0. 1.]
 [1. 0. 0. ... 0. 1. 0.]
 [1. 0. 0. ... 1. 0. 0.]]
3 2625 8
L
[[2 1 3 ... 1 1 1]
 [1 1 1 ... 1 1 1]
 [2 1 1 ... 1 1 1]
 ...
 [3 1 3 ... 1 1 1]
 [1 1 3 ... 1 1 3]
 [1 1 1 ... 1 3 3]]
L_ind
[[0. 1. 0. ... 1. 0. 0.]
 [1. 0. 0. ... 1. 0. 0.]
 [0. 1. 0. ... 1. 0. 0.]
 ...
 [0. 0. 1. ... 1. 0. 0.]
 [1. 0. 0. ... 0. 0. 1.]
 [1. 0. 0. ... 0. 0. 1.]]
299 64.7
110 23.8
53 11.5
1699 64.7
622 23.7
304 11.6
(3087, 57) (3087,) (775, 57) (775,)

 SNO Accuracy: 0.664
[[1244  333  122]
 [ 319  270   33]
 [  48   28  228]]

 rate=15 and ii =10
Accuracy: 0.785
Macro Precision: 0.740
Macro Recall: 0.703
Macro F1-score: 0.710

[[466  29  14]
 [ 95  71  10]
 [ 11   8  71]]
              precision    recall  f1-score   support

           0       0.81      0.92      0.86       509
           1       0.66      0.40      0.50       176
           2       0.75      0.79      0.77        90

    accuracy                           0.78       775
   macro avg       0.74      0.70      0.71       775
weighted avg       0.77      0.78      0.77       775

299 64.7
110 23.8
53 11.5
1699 64.7
622 23.7
304 11.6
(3087, 57) (3087,) (775, 57) (775,)

semi-SelfTrain Label Accuracy: 0.733
[[1618   48   33]
 [ 508  105    9]
 [  90   12  202]]
0.7333333333333333 [0.9523249  0.16881029 0.66447368]

 rate=15 and ii =10
Accuracy: 0.764
Macro Precision: 0.735
Macro Recall: 0.623
Macro F1-score: 0.633

[[502  13  10]
 [137  27   2]
 [ 16   5  63]]
              precision    recall  f1-score   support

         0.0       0.77      0.96      0.85       525
         1.0       0.60      0.16      0.26       166
         2.0       0.84      0.75      0.79        84

    accuracy                           0.76       775
   macro avg       0.74      0.62      0.63       775
weighted avg       0.74      0.76      0.72       775

299 64.7
110 23.8
53 11.5
1699 64.7
622 23.7
304 11.6
(3087, 57) (3087,) (775, 57) (775,)

semi-LabelSpread Label Accuracy: 0.682
[[1699    0    0]
 [ 541   81    0]
 [ 295    0    9]]
0.6815238095238095 [1.         0.13022508 0.02960526]

 rate=15 and ii =10
Accuracy: 0.726
Macro Precision: 0.906
Macro Recall: 0.389
Macro F1-score: 0.380

[[541   0   0]
 [142  18   0]
 [ 70   0   4]]
              precision    recall  f1-score   support

         0.0       0.72      1.00      0.84       541
         1.0       1.00      0.11      0.20       160
         2.0       1.00      0.05      0.10        74

    accuracy                           0.73       775
   macro avg       0.91      0.39      0.38       775
weighted avg       0.80      0.73      0.64       775

299 64.7
110 23.8
53 11.5
1699 64.7
622 23.7
304 11.6
(3087, 57) (3087,) (775, 57) (2625,) (2625,)

2 order Label Accuracy: 0.732
[[1590   75   34]
 [ 495  114   13]
 [  76   10  218]]
0.7321904761904762 [0.93584461 0.18327974 0.71710526]

 rate=15 and ii =10
Accuracy: 0.772
Macro Precision: 0.778
Macro Recall: 0.631
Macro F1-score: 0.643

[[505  10  10]
 [136  27   1]
 [ 19   1  66]]
              precision    recall  f1-score   support

           0       0.77      0.96      0.85       525
           1       0.71      0.16      0.27       164
           2       0.86      0.77      0.81        86

    accuracy                           0.77       775
   macro avg       0.78      0.63      0.64       775
weighted avg       0.76      0.77      0.72       775

299 64.7
110 23.8
53 11.5
1699 64.7
622 23.7
304 11.6
(3087, 57) (3087,) (775, 57) (2625,) (2625,)

3 order Label Accuracy: 0.732
[[1589   80   30]
 [ 496  115   11]
 [  76   11  217]]
0.7318095238095238 [0.93525603 0.18488746 0.71381579]

 rate=15 and ii =10
Accuracy: 0.768
Macro Precision: 0.761
Macro Recall: 0.626
Macro F1-score: 0.640

[[502  10  11]
 [136  29   1]
 [ 18   4  64]]
              precision    recall  f1-score   support

           0       0.77      0.96      0.85       523
           1       0.67      0.17      0.28       166
           2       0.84      0.74      0.79        86

    accuracy                           0.77       775
   macro avg       0.76      0.63      0.64       775
weighted avg       0.75      0.77      0.72       775

299 64.7
110 23.8
53 11.5
1699 64.7
622 23.7
304 11.6
(3087, 57) (3087,) (775, 57) (2625,) (2625,)

4 order Label Accuracy: 0.734
[[1595   70   34]
 [ 497  114   11]
 [  77    9  218]]
0.7340952380952381 [0.93878752 0.18327974 0.71710526]

 rate=15 and ii =10
Accuracy: 0.772
Macro Precision: 0.794
Macro Recall: 0.627
Macro F1-score: 0.640

[[506   7  11]
 [136  28   1]
 [ 21   1  64]]
              precision    recall  f1-score   support

           0       0.76      0.97      0.85       524
           1       0.78      0.17      0.28       165
           2       0.84      0.74      0.79        86

    accuracy                           0.77       775
   macro avg       0.79      0.63      0.64       775
weighted avg       0.78      0.77      0.72       775

Time(sec):  9.4897985
