nodes = range(self.m)
range(0, 8)
Graph with 8 nodes and 0 edges
3 2469 8
L
[[1 1 1 ... 1 1 1]
 [1 1 1 ... 1 1 1]
 [1 1 1 ... 1 1 1]
 ...
 [1 1 3 ... 1 3 3]
 [1 1 3 ... 1 3 3]
 [1 1 3 ... 1 3 3]]
L_ind
[[1. 0. 0. ... 1. 0. 0.]
 [1. 0. 0. ... 1. 0. 0.]
 [1. 0. 0. ... 1. 0. 0.]
 ...
 [1. 0. 0. ... 0. 0. 1.]
 [1. 0. 0. ... 0. 0. 1.]
 [1. 0. 0. ... 0. 0. 1.]]
3 618 8
L
[[1 1 1 ... 1 1 1]
 [1 1 2 ... 1 2 1]
 [1 1 2 ... 1 2 1]
 ...
 [1 1 1 ... 1 1 1]
 [1 1 2 ... 1 2 1]
 [1 1 1 ... 1 1 1]]
L_ind
[[1. 0. 0. ... 1. 0. 0.]
 [1. 0. 0. ... 1. 0. 0.]
 [1. 0. 0. ... 1. 0. 0.]
 ...
 [1. 0. 0. ... 1. 0. 0.]
 [1. 0. 0. ... 1. 0. 0.]
 [1. 0. 0. ... 1. 0. 0.]]
1599 64.8
585 23.7
285 11.5
399 64.6
147 23.8
72 11.7
(3087, 57) (3087,) (775, 57) (775,)

 SNO Accuracy: 0.798
[[336  34  29]
 [ 41  97   9]
 [ 11   1  60]]

 rate=80 and ii =1
Accuracy: 0.885
Macro Precision: 0.896
Macro Recall: 0.814
Macro F1-score: 0.844

[[506   6   7]
 [ 57 109   4]
 [ 15   0  71]]
              precision    recall  f1-score   support

           0       0.88      0.97      0.92       519
           1       0.95      0.64      0.76       170
           2       0.87      0.83      0.85        86

    accuracy                           0.89       775
   macro avg       0.90      0.81      0.84       775
weighted avg       0.89      0.89      0.88       775

1599 64.8
585 23.7
285 11.5
399 64.6
147 23.8
72 11.7
(3087, 57) (3087,) (775, 57) (775,)

semi-SelfTrain Label Accuracy: 0.861
[[388   5   6]
 [ 48  91   8]
 [ 18   1  53]]
0.86084142394822 [0.97243108 0.61904762 0.73611111]

 rate=80 and ii =1
Accuracy: 0.888
Macro Precision: 0.914
Macro Recall: 0.813
Macro F1-score: 0.850

[[507   3   6]
 [ 60 110   2]
 [ 16   0  71]]
              precision    recall  f1-score   support

         0.0       0.87      0.98      0.92       516
         1.0       0.97      0.64      0.77       172
         2.0       0.90      0.82      0.86        87

    accuracy                           0.89       775
   macro avg       0.91      0.81      0.85       775
weighted avg       0.90      0.89      0.88       775

1599 64.8
585 23.7
285 11.5
399 64.6
147 23.8
72 11.7
(3087, 57) (3087,) (775, 57) (775,)

semi-LabelSpread Label Accuracy: 0.790
[[399   0   0]
 [ 63  84   0]
 [ 67   0   5]]
0.7896440129449838 [1.         0.57142857 0.06944444]

 rate=80 and ii =1
Accuracy: 0.883
Macro Precision: 0.930
Macro Recall: 0.778
Macro F1-score: 0.834

[[519   2   2]
 [ 63 106   1]
 [ 23   0  59]]
              precision    recall  f1-score   support

         0.0       0.86      0.99      0.92       523
         1.0       0.98      0.62      0.76       170
         2.0       0.95      0.72      0.82        82

    accuracy                           0.88       775
   macro avg       0.93      0.78      0.83       775
weighted avg       0.89      0.88      0.87       775

1599 64.8
585 23.7
285 11.5
399 64.6
147 23.8
72 11.7
(3087, 57) (3087,) (775, 57) (618,) (618,)

2 order Label Accuracy: 0.867
[[388   5   6]
 [ 50  90   7]
 [ 13   1  58]]
0.8673139158576052 [0.97243108 0.6122449  0.80555556]

 rate=80 and ii =1
Accuracy: 0.884
Macro Precision: 0.899
Macro Recall: 0.807
Macro F1-score: 0.840

[[506   2   9]
 [ 58 108   4]
 [ 17   0  71]]
              precision    recall  f1-score   support

           0       0.87      0.98      0.92       517
           1       0.98      0.64      0.77       170
           2       0.85      0.81      0.83        88

    accuracy                           0.88       775
   macro avg       0.90      0.81      0.84       775
weighted avg       0.89      0.88      0.88       775

1599 64.8
585 23.7
285 11.5
399 64.6
147 23.8
72 11.7
(3087, 57) (3087,) (775, 57) (618,) (618,)

3 order Label Accuracy: 0.846
[[383  12   4]
 [ 52  91   4]
 [ 22   1  49]]
0.8462783171521036 [0.95989975 0.61904762 0.68055556]

 rate=80 and ii =1
Accuracy: 0.880
Macro Precision: 0.896
Macro Recall: 0.797
Macro F1-score: 0.833

[[507   3   9]
 [ 59 108   3]
 [ 19   0  67]]
              precision    recall  f1-score   support

           0       0.87      0.98      0.92       519
           1       0.97      0.64      0.77       170
           2       0.85      0.78      0.81        86

    accuracy                           0.88       775
   macro avg       0.90      0.80      0.83       775
weighted avg       0.89      0.88      0.87       775

1599 64.8
585 23.7
285 11.5
399 64.6
147 23.8
72 11.7
(3087, 57) (3087,) (775, 57) (618,) (618,)

4 order Label Accuracy: 0.794
[[367  24   8]
 [ 74  67   6]
 [ 12   3  57]]
0.7944983818770227 [0.9197995  0.45578231 0.79166667]

 rate=80 and ii =1
Accuracy: 0.876
Macro Precision: 0.894
Macro Recall: 0.799
Macro F1-score: 0.831

[[504   3   9]
 [ 64 103   4]
 [ 16   0  72]]
              precision    recall  f1-score   support

           0       0.86      0.98      0.92       516
           1       0.97      0.60      0.74       171
           2       0.85      0.82      0.83        88

    accuracy                           0.88       775
   macro avg       0.89      0.80      0.83       775
weighted avg       0.89      0.88      0.87       775

Time(sec):  7.6830088000000005
nodes = range(self.m)
range(0, 8)
Graph with 8 nodes and 0 edges
3 2467 8
L
[[1 1 1 ... 1 1 1]
 [1 1 1 ... 1 1 1]
 [1 1 1 ... 1 1 1]
 ...
 [1 1 3 ... 1 3 3]
 [1 1 3 ... 1 3 3]
 [1 1 3 ... 1 3 3]]
L_ind
[[1. 0. 0. ... 1. 0. 0.]
 [1. 0. 0. ... 1. 0. 0.]
 [1. 0. 0. ... 1. 0. 0.]
 ...
 [1. 0. 0. ... 0. 0. 1.]
 [1. 0. 0. ... 0. 0. 1.]
 [1. 0. 0. ... 0. 0. 1.]]
3 620 8
L
[[1 1 1 ... 1 1 1]
 [2 1 1 ... 1 1 1]
 [2 1 1 ... 1 1 1]
 ...
 [2 1 2 ... 1 2 1]
 [2 1 2 ... 1 2 2]
 [2 1 2 ... 1 2 1]]
L_ind
[[1. 0. 0. ... 1. 0. 0.]
 [0. 1. 0. ... 1. 0. 0.]
 [0. 1. 0. ... 1. 0. 0.]
 ...
 [0. 1. 0. ... 1. 0. 0.]
 [0. 1. 0. ... 0. 1. 0.]
 [0. 1. 0. ... 1. 0. 0.]]
1597 64.7
585 23.7
285 11.6
401 64.7
147 23.7
72 11.6
(3087, 57) (3087,) (775, 57) (775,)

 SNO Accuracy: 0.810
[[332  35  34]
 [ 37 109   1]
 [  9   2  61]]

 rate=80 and ii =2
Accuracy: 0.881
Macro Precision: 0.892
Macro Recall: 0.811
Macro F1-score: 0.842

[[498   7   8]
 [ 57 115   3]
 [ 17   0  70]]
              precision    recall  f1-score   support

           0       0.87      0.97      0.92       513
           1       0.94      0.66      0.77       175
           2       0.86      0.80      0.83        87

    accuracy                           0.88       775
   macro avg       0.89      0.81      0.84       775
weighted avg       0.89      0.88      0.88       775

1597 64.7
585 23.7
285 11.6
401 64.7
147 23.7
72 11.6
(3087, 57) (3087,) (775, 57) (775,)

semi-SelfTrain Label Accuracy: 0.892
[[392   4   5]
 [ 40 106   1]
 [ 17   0  55]]
0.8919354838709678 [0.97755611 0.72108844 0.76388889]

 rate=80 and ii =2
Accuracy: 0.888
Macro Precision: 0.912
Macro Recall: 0.809
Macro F1-score: 0.848

[[507   3   6]
 [ 58 114   2]
 [ 18   0  67]]
              precision    recall  f1-score   support

         0.0       0.87      0.98      0.92       516
         1.0       0.97      0.66      0.78       174
         2.0       0.89      0.79      0.84        85

    accuracy                           0.89       775
   macro avg       0.91      0.81      0.85       775
weighted avg       0.90      0.89      0.88       775

1597 64.7
585 23.7
285 11.6
401 64.7
147 23.7
72 11.6
(3087, 57) (3087,) (775, 57) (775,)

semi-LabelSpread Label Accuracy: 0.800
[[401   0   0]
 [ 59  88   0]
 [ 65   0   7]]
0.8 [1.         0.59863946 0.09722222]

 rate=80 and ii =2
Accuracy: 0.881
Macro Precision: 0.932
Macro Recall: 0.774
Macro F1-score: 0.831

[[517   2   1]
 [ 63 108   1]
 [ 24   1  58]]
              precision    recall  f1-score   support

         0.0       0.86      0.99      0.92       520
         1.0       0.97      0.63      0.76       172
         2.0       0.97      0.70      0.81        83

    accuracy                           0.88       775
   macro avg       0.93      0.77      0.83       775
weighted avg       0.89      0.88      0.87       775

1597 64.7
585 23.7
285 11.6
401 64.7
147 23.7
72 11.6
(3087, 57) (3087,) (775, 57) (620,) (620,)

2 order Label Accuracy: 0.873
[[387   6   8]
 [ 45 102   0]
 [ 20   0  52]]
0.8725806451612903 [0.96508728 0.69387755 0.72222222]

 rate=80 and ii =2
Accuracy: 0.884
Macro Precision: 0.902
Macro Recall: 0.805
Macro F1-score: 0.841

[[506   4   7]
 [ 58 112   3]
 [ 18   0  67]]
              precision    recall  f1-score   support

           0       0.87      0.98      0.92       517
           1       0.97      0.65      0.78       173
           2       0.87      0.79      0.83        85

    accuracy                           0.88       775
   macro avg       0.90      0.80      0.84       775
weighted avg       0.89      0.88      0.88       775

1597 64.7
585 23.7
285 11.6
401 64.7
147 23.7
72 11.6
(3087, 57) (3087,) (775, 57) (620,) (620,)

3 order Label Accuracy: 0.784
[[363  29   9]
 [ 77  70   0]
 [ 13   6  53]]
0.7838709677419354 [0.90523691 0.47619048 0.73611111]

 rate=80 and ii =2
Accuracy: 0.883
Macro Precision: 0.915
Macro Recall: 0.798
Macro F1-score: 0.841

[[508   3   5]
 [ 63 110   1]
 [ 18   1  66]]
              precision    recall  f1-score   support

           0       0.86      0.98      0.92       516
           1       0.96      0.63      0.76       174
           2       0.92      0.78      0.84        85

    accuracy                           0.88       775
   macro avg       0.91      0.80      0.84       775
weighted avg       0.89      0.88      0.88       775

1597 64.7
585 23.7
285 11.6
401 64.7
147 23.7
72 11.6
(3087, 57) (3087,) (775, 57) (620,) (620,)

4 order Label Accuracy: 0.882
[[391   3   7]
 [ 45 102   0]
 [ 18   0  54]]
0.882258064516129 [0.97506234 0.69387755 0.75      ]

 rate=80 and ii =2
Accuracy: 0.886
Macro Precision: 0.913
Macro Recall: 0.807
Macro F1-score: 0.847

[[509   4   5]
 [ 60 110   2]
 [ 17   0  68]]
              precision    recall  f1-score   support

           0       0.87      0.98      0.92       518
           1       0.96      0.64      0.77       172
           2       0.91      0.80      0.85        85

    accuracy                           0.89       775
   macro avg       0.91      0.81      0.85       775
weighted avg       0.89      0.89      0.88       775

Time(sec):  7.8300032999999996
nodes = range(self.m)
range(0, 8)
Graph with 8 nodes and 0 edges
3 2467 8
L
[[1 1 1 ... 1 1 1]
 [1 1 1 ... 1 1 1]
 [1 1 1 ... 1 1 1]
 ...
 [3 1 3 ... 1 3 3]
 [1 1 3 ... 3 3 3]
 [1 1 3 ... 3 3 3]]
L_ind
[[1. 0. 0. ... 1. 0. 0.]
 [1. 0. 0. ... 1. 0. 0.]
 [1. 0. 0. ... 1. 0. 0.]
 ...
 [0. 0. 1. ... 0. 0. 1.]
 [1. 0. 0. ... 0. 0. 1.]
 [1. 0. 0. ... 0. 0. 1.]]
3 620 8
L
[[2 1 1 ... 1 1 1]
 [1 1 1 ... 1 1 1]
 [1 1 1 ... 1 1 1]
 ...
 [1 1 2 ... 1 2 1]
 [1 1 2 ... 1 2 2]
 [1 1 2 ... 1 2 1]]
L_ind
[[0. 1. 0. ... 1. 0. 0.]
 [1. 0. 0. ... 1. 0. 0.]
 [1. 0. 0. ... 1. 0. 0.]
 ...
 [1. 0. 0. ... 1. 0. 0.]
 [1. 0. 0. ... 0. 1. 0.]
 [1. 0. 0. ... 1. 0. 0.]]
1598 64.8
584 23.7
285 11.6
400 64.5
148 23.9
72 11.6
(3087, 57) (3087,) (775, 57) (775,)

 SNO Accuracy: 0.779
[[324  40  36]
 [ 45  99   4]
 [  8   4  60]]

 rate=80 and ii =3
Accuracy: 0.876
Macro Precision: 0.890
Macro Recall: 0.805
Macro F1-score: 0.836

[[500   8   7]
 [ 63 105   3]
 [ 14   1  74]]
              precision    recall  f1-score   support

           0       0.87      0.97      0.92       515
           1       0.92      0.61      0.74       171
           2       0.88      0.83      0.86        89

    accuracy                           0.88       775
   macro avg       0.89      0.81      0.84       775
weighted avg       0.88      0.88      0.87       775

1598 64.8
584 23.7
285 11.6
400 64.5
148 23.9
72 11.6
(3087, 57) (3087,) (775, 57) (775,)

semi-SelfTrain Label Accuracy: 0.858
[[392   3   5]
 [ 56  92   0]
 [ 22   2  48]]
0.8580645161290322 [0.98       0.62162162 0.66666667]

 rate=80 and ii =3
Accuracy: 0.870
Macro Precision: 0.905
Macro Recall: 0.777
Macro F1-score: 0.822

[[507   4   6]
 [ 69 101   1]
 [ 21   0  66]]
              precision    recall  f1-score   support

         0.0       0.85      0.98      0.91       517
         1.0       0.96      0.59      0.73       171
         2.0       0.90      0.76      0.82        87

    accuracy                           0.87       775
   macro avg       0.91      0.78      0.82       775
weighted avg       0.88      0.87      0.86       775

1598 64.8
584 23.7
285 11.6
400 64.5
148 23.9
72 11.6
(3087, 57) (3087,) (775, 57) (775,)

semi-LabelSpread Label Accuracy: 0.779
[[400   0   0]
 [ 71  77   0]
 [ 66   0   6]]
0.7790322580645161 [1.         0.52027027 0.08333333]

 rate=80 and ii =3
Accuracy: 0.865
Macro Precision: 0.918
Macro Recall: 0.745
Macro F1-score: 0.804

[[519   1   3]
 [ 74  94   1]
 [ 25   1  57]]
              precision    recall  f1-score   support

         0.0       0.84      0.99      0.91       523
         1.0       0.98      0.56      0.71       169
         2.0       0.93      0.69      0.79        83

    accuracy                           0.86       775
   macro avg       0.92      0.75      0.80       775
weighted avg       0.88      0.86      0.85       775

1598 64.8
584 23.7
285 11.6
400 64.5
148 23.9
72 11.6
(3087, 57) (3087,) (775, 57) (620,) (620,)

2 order Label Accuracy: 0.850
[[387   8   5]
 [ 57  91   0]
 [ 19   4  49]]
0.85 [0.9675     0.61486486 0.68055556]

 rate=80 and ii =3
Accuracy: 0.872
Macro Precision: 0.904
Macro Recall: 0.782
Macro F1-score: 0.826

[[508   4   6]
 [ 68 102   1]
 [ 19   1  66]]
              precision    recall  f1-score   support

           0       0.85      0.98      0.91       518
           1       0.95      0.60      0.73       171
           2       0.90      0.77      0.83        86

    accuracy                           0.87       775
   macro avg       0.90      0.78      0.83       775
weighted avg       0.88      0.87      0.86       775

1598 64.8
584 23.7
285 11.6
400 64.5
148 23.9
72 11.6
(3087, 57) (3087,) (775, 57) (620,) (620,)

3 order Label Accuracy: 0.837
[[377  16   7]
 [ 55  93   0]
 [ 19   4  49]]
0.8370967741935483 [0.9425     0.62837838 0.68055556]

 rate=80 and ii =3
Accuracy: 0.874
Macro Precision: 0.915
Macro Recall: 0.769
Macro F1-score: 0.822

[[513   3   3]
 [ 67 104   1]
 [ 22   2  60]]
              precision    recall  f1-score   support

           0       0.85      0.99      0.92       519
           1       0.95      0.60      0.74       172
           2       0.94      0.71      0.81        84

    accuracy                           0.87       775
   macro avg       0.91      0.77      0.82       775
weighted avg       0.88      0.87      0.87       775

1598 64.8
584 23.7
285 11.6
400 64.5
148 23.9
72 11.6
(3087, 57) (3087,) (775, 57) (620,) (620,)

4 order Label Accuracy: 0.856
[[392   3   5]
 [ 57  91   0]
 [ 23   1  48]]
0.8564516129032258 [0.98       0.61486486 0.66666667]

 rate=80 and ii =3
Accuracy: 0.872
Macro Precision: 0.904
Macro Recall: 0.783
Macro F1-score: 0.825

[[509   2   8]
 [ 69 101   1]
 [ 19   0  66]]
              precision    recall  f1-score   support

           0       0.85      0.98      0.91       519
           1       0.98      0.59      0.74       171
           2       0.88      0.78      0.82        85

    accuracy                           0.87       775
   macro avg       0.90      0.78      0.82       775
weighted avg       0.88      0.87      0.86       775

Time(sec):  7.7475776000000005
nodes = range(self.m)
range(0, 8)
Graph with 8 nodes and 0 edges
3 2470 8
L
[[2 1 1 ... 1 1 1]
 [1 1 1 ... 1 1 1]
 [1 1 1 ... 1 1 1]
 ...
 [1 1 3 ... 1 3 3]
 [1 1 3 ... 1 3 3]
 [2 1 3 ... 1 3 3]]
L_ind
[[0. 1. 0. ... 1. 0. 0.]
 [1. 0. 0. ... 1. 0. 0.]
 [1. 0. 0. ... 1. 0. 0.]
 ...
 [1. 0. 0. ... 0. 0. 1.]
 [1. 0. 0. ... 0. 0. 1.]
 [0. 1. 0. ... 0. 0. 1.]]
3 617 8
L
[[1 1 1 ... 1 1 1]
 [3 1 1 ... 1 1 1]
 [1 1 2 ... 1 2 1]
 ...
 [2 1 2 ... 1 2 1]
 [3 3 3 ... 1 1 1]
 [2 3 2 ... 1 2 2]]
L_ind
[[1. 0. 0. ... 1. 0. 0.]
 [0. 0. 1. ... 1. 0. 0.]
 [1. 0. 0. ... 1. 0. 0.]
 ...
 [0. 1. 0. ... 1. 0. 0.]
 [0. 0. 1. ... 1. 0. 0.]
 [0. 1. 0. ... 0. 1. 0.]]
1600 64.8
584 23.6
286 11.6
398 64.5
148 24.0
71 11.5
(3087, 57) (3087,) (775, 57) (775,)

 SNO Accuracy: 0.804
[[350  29  19]
 [ 50  90   8]
 [ 13   2  56]]

 rate=80 and ii =4
Accuracy: 0.886
Macro Precision: 0.909
Macro Recall: 0.813
Macro F1-score: 0.849

[[503   5   6]
 [ 58 112   2]
 [ 17   0  72]]
              precision    recall  f1-score   support

           0       0.87      0.98      0.92       514
           1       0.96      0.65      0.78       172
           2       0.90      0.81      0.85        89

    accuracy                           0.89       775
   macro avg       0.91      0.81      0.85       775
weighted avg       0.89      0.89      0.88       775

1600 64.8
584 23.6
286 11.6
398 64.5
148 24.0
71 11.5
(3087, 57) (3087,) (775, 57) (775,)

semi-SelfTrain Label Accuracy: 0.861
[[395   1   2]
 [ 57  86   5]
 [ 20   1  50]]
0.8606158833063209 [0.99246231 0.58108108 0.70422535]

 rate=80 and ii =4
Accuracy: 0.892
Macro Precision: 0.922
Macro Recall: 0.815
Macro F1-score: 0.855

[[509   3   5]
 [ 58 113   1]
 [ 17   0  69]]
              precision    recall  f1-score   support

         0.0       0.87      0.98      0.92       517
         1.0       0.97      0.66      0.78       172
         2.0       0.92      0.80      0.86        86

    accuracy                           0.89       775
   macro avg       0.92      0.81      0.86       775
weighted avg       0.90      0.89      0.89       775

1600 64.8
584 23.6
286 11.6
398 64.5
148 24.0
71 11.5
(3087, 57) (3087,) (775, 57) (775,)

semi-LabelSpread Label Accuracy: 0.778
[[398   0   0]
 [ 75  73   0]
 [ 62   0   9]]
0.7779578606158833 [1.         0.49324324 0.12676056]

 rate=80 and ii =4
Accuracy: 0.876
Macro Precision: 0.920
Macro Recall: 0.765
Macro F1-score: 0.821

[[518   3   3]
 [ 63 104   1]
 [ 26   0  57]]
              precision    recall  f1-score   support

         0.0       0.85      0.99      0.92       524
         1.0       0.97      0.62      0.76       168
         2.0       0.93      0.69      0.79        83

    accuracy                           0.88       775
   macro avg       0.92      0.76      0.82       775
weighted avg       0.89      0.88      0.87       775

1600 64.8
584 23.6
286 11.6
398 64.5
148 24.0
71 11.5
(3087, 57) (3087,) (775, 57) (617,) (617,)

2 order Label Accuracy: 0.841
[[391   4   3]
 [ 71  74   3]
 [ 15   2  54]]
0.8411669367909238 [0.98241206 0.5        0.76056338]

 rate=80 and ii =4
Accuracy: 0.881
Macro Precision: 0.913
Macro Recall: 0.797
Macro F1-score: 0.839

[[510   2   7]
 [ 64 104   1]
 [ 18   0  69]]
              precision    recall  f1-score   support

           0       0.86      0.98      0.92       519
           1       0.98      0.62      0.76       169
           2       0.90      0.79      0.84        87

    accuracy                           0.88       775
   macro avg       0.91      0.80      0.84       775
weighted avg       0.89      0.88      0.87       775

1600 64.8
584 23.6
286 11.6
398 64.5
148 24.0
71 11.5
(3087, 57) (3087,) (775, 57) (617,) (617,)

3 order Label Accuracy: 0.851
[[387   8   3]
 [ 61  84   3]
 [ 15   2  54]]
0.8508914100486223 [0.97236181 0.56756757 0.76056338]

 rate=80 and ii =4
Accuracy: 0.888
Macro Precision: 0.918
Macro Recall: 0.806
Macro F1-score: 0.848

[[508   2   6]
 [ 59 113   1]
 [ 19   0  67]]
              precision    recall  f1-score   support

           0       0.87      0.98      0.92       516
           1       0.98      0.65      0.78       173
           2       0.91      0.78      0.84        86

    accuracy                           0.89       775
   macro avg       0.92      0.81      0.85       775
weighted avg       0.90      0.89      0.88       775

1600 64.8
584 23.6
286 11.6
398 64.5
148 24.0
71 11.5
(3087, 57) (3087,) (775, 57) (617,) (617,)

4 order Label Accuracy: 0.861
[[393   2   3]
 [ 61  84   3]
 [ 15   2  54]]
0.8606158833063209 [0.98743719 0.56756757 0.76056338]

 rate=80 and ii =4
Accuracy: 0.883
Macro Precision: 0.903
Macro Recall: 0.808
Macro F1-score: 0.844

[[504   5   8]
 [ 60 110   1]
 [ 17   0  70]]
              precision    recall  f1-score   support

           0       0.87      0.97      0.92       517
           1       0.96      0.64      0.77       171
           2       0.89      0.80      0.84        87

    accuracy                           0.88       775
   macro avg       0.90      0.81      0.84       775
weighted avg       0.89      0.88      0.88       775

Time(sec):  7.7127598
nodes = range(self.m)
range(0, 8)
Graph with 8 nodes and 0 edges
3 2472 8
L
[[2 1 1 ... 1 1 1]
 [1 1 1 ... 1 1 1]
 [1 1 1 ... 1 1 1]
 ...
 [3 3 3 ... 1 3 1]
 [1 1 3 ... 1 3 3]
 [2 1 3 ... 1 3 3]]
L_ind
[[0. 1. 0. ... 1. 0. 0.]
 [1. 0. 0. ... 1. 0. 0.]
 [1. 0. 0. ... 1. 0. 0.]
 ...
 [0. 0. 1. ... 1. 0. 0.]
 [1. 0. 0. ... 0. 0. 1.]
 [0. 1. 0. ... 0. 0. 1.]]
3 615 8
L
[[1 1 2 ... 1 2 1]
 [2 1 2 ... 1 2 1]
 [1 1 1 ... 1 1 1]
 ...
 [1 1 1 ... 1 1 1]
 [1 1 2 ... 1 2 2]
 [2 1 2 ... 1 2 1]]
L_ind
[[1. 0. 0. ... 1. 0. 0.]
 [0. 1. 0. ... 1. 0. 0.]
 [1. 0. 0. ... 1. 0. 0.]
 ...
 [1. 0. 0. ... 1. 0. 0.]
 [1. 0. 0. ... 0. 1. 0.]
 [0. 1. 0. ... 1. 0. 0.]]
1600 64.7
586 23.7
286 11.6
398 64.7
146 23.7
71 11.5
(3087, 57) (3087,) (775, 57) (775,)

 SNO Accuracy: 0.793
[[336  36  26]
 [ 46  96   4]
 [ 10   5  56]]

 rate=80 and ii =5
Accuracy: 0.872
Macro Precision: 0.888
Macro Recall: 0.787
Macro F1-score: 0.824

[[506   5   9]
 [ 64 104   2]
 [ 18   1  66]]
              precision    recall  f1-score   support

           0       0.86      0.97      0.91       520
           1       0.95      0.61      0.74       170
           2       0.86      0.78      0.81        85

    accuracy                           0.87       775
   macro avg       0.89      0.79      0.82       775
weighted avg       0.88      0.87      0.87       775

1600 64.7
586 23.7
286 11.6
398 64.7
146 23.7
71 11.5
(3087, 57) (3087,) (775, 57) (775,)

semi-SelfTrain Label Accuracy: 0.862
[[393   2   3]
 [ 57  89   0]
 [ 21   2  48]]
0.8617886178861789 [0.98743719 0.60958904 0.67605634]

 rate=80 and ii =5
Accuracy: 0.877
Macro Precision: 0.911
Macro Recall: 0.786
Macro F1-score: 0.831

[[511   2   6]
 [ 66 103   1]
 [ 19   1  66]]
              precision    recall  f1-score   support

         0.0       0.86      0.98      0.92       519
         1.0       0.97      0.61      0.75       170
         2.0       0.90      0.77      0.83        86

    accuracy                           0.88       775
   macro avg       0.91      0.79      0.83       775
weighted avg       0.89      0.88      0.87       775

1600 64.7
586 23.7
286 11.6
398 64.7
146 23.7
71 11.5
(3087, 57) (3087,) (775, 57) (775,)

semi-LabelSpread Label Accuracy: 0.777
[[398   0   0]
 [ 68  78   0]
 [ 69   0   2]]
0.7772357723577236 [1.         0.53424658 0.02816901]

 rate=80 and ii =5
Accuracy: 0.872
Macro Precision: 0.926
Macro Recall: 0.759
Macro F1-score: 0.817

[[517   2   2]
 [ 68 102   1]
 [ 26   0  57]]
              precision    recall  f1-score   support

         0.0       0.85      0.99      0.91       521
         1.0       0.98      0.60      0.74       171
         2.0       0.95      0.69      0.80        83

    accuracy                           0.87       775
   macro avg       0.93      0.76      0.82       775
weighted avg       0.89      0.87      0.86       775

1600 64.7
586 23.7
286 11.6
398 64.7
146 23.7
71 11.5
(3087, 57) (3087,) (775, 57) (615,) (615,)

2 order Label Accuracy: 0.868
[[393   1   4]
 [ 55  91   0]
 [ 20   1  50]]
0.8682926829268293 [0.98743719 0.62328767 0.70422535]

 rate=80 and ii =5
Accuracy: 0.877
Macro Precision: 0.911
Macro Recall: 0.784
Macro F1-score: 0.830

[[511   2   6]
 [ 65 104   1]
 [ 20   1  65]]
              precision    recall  f1-score   support

           0       0.86      0.98      0.92       519
           1       0.97      0.61      0.75       170
           2       0.90      0.76      0.82        86

    accuracy                           0.88       775
   macro avg       0.91      0.78      0.83       775
weighted avg       0.89      0.88      0.87       775

1600 64.7
586 23.7
286 11.6
398 64.7
146 23.7
71 11.5
(3087, 57) (3087,) (775, 57) (615,) (615,)

3 order Label Accuracy: 0.868
[[393   1   4]
 [ 55  91   0]
 [ 20   1  50]]
0.8682926829268293 [0.98743719 0.62328767 0.70422535]

 rate=80 and ii =5
Accuracy: 0.877
Macro Precision: 0.910
Macro Recall: 0.781
Macro F1-score: 0.828

[[512   1   6]
 [ 65 104   1]
 [ 20   2  64]]
              precision    recall  f1-score   support

           0       0.86      0.99      0.92       519
           1       0.97      0.61      0.75       170
           2       0.90      0.74      0.82        86

    accuracy                           0.88       775
   macro avg       0.91      0.78      0.83       775
weighted avg       0.89      0.88      0.87       775

1600 64.7
586 23.7
286 11.6
398 64.7
146 23.7
71 11.5
(3087, 57) (3087,) (775, 57) (615,) (615,)

4 order Label Accuracy: 0.868
[[393   1   4]
 [ 55  91   0]
 [ 20   1  50]]
0.8682926829268293 [0.98743719 0.62328767 0.70422535]

 rate=80 and ii =5
Accuracy: 0.877
Macro Precision: 0.908
Macro Recall: 0.786
Macro F1-score: 0.831

[[511   3   6]
 [ 65 104   1]
 [ 19   1  65]]
              precision    recall  f1-score   support

           0       0.86      0.98      0.92       520
           1       0.96      0.61      0.75       170
           2       0.90      0.76      0.83        85

    accuracy                           0.88       775
   macro avg       0.91      0.79      0.83       775
weighted avg       0.89      0.88      0.87       775

Time(sec):  7.8600431
nodes = range(self.m)
range(0, 8)
Graph with 8 nodes and 0 edges
3 2467 8
L
[[2 1 1 ... 1 1 1]
 [1 1 1 ... 1 1 1]
 [1 1 1 ... 1 1 1]
 ...
 [3 3 3 ... 1 3 3]
 [1 1 3 ... 1 3 3]
 [2 1 3 ... 1 3 3]]
L_ind
[[0. 1. 0. ... 1. 0. 0.]
 [1. 0. 0. ... 1. 0. 0.]
 [1. 0. 0. ... 1. 0. 0.]
 ...
 [0. 0. 1. ... 0. 0. 1.]
 [1. 0. 0. ... 0. 0. 1.]
 [0. 1. 0. ... 0. 0. 1.]]
3 620 8
L
[[2 1 2 ... 1 2 1]
 [1 1 1 ... 1 1 1]
 [1 1 1 ... 1 1 1]
 ...
 [2 1 2 ... 1 2 1]
 [2 1 2 ... 1 2 1]
 [2 3 2 ... 1 2 2]]
L_ind
[[0. 1. 0. ... 1. 0. 0.]
 [1. 0. 0. ... 1. 0. 0.]
 [1. 0. 0. ... 1. 0. 0.]
 ...
 [0. 1. 0. ... 1. 0. 0.]
 [0. 1. 0. ... 1. 0. 0.]
 [0. 1. 0. ... 0. 1. 0.]]
1597 64.7
585 23.7
285 11.6
401 64.7
147 23.7
72 11.6
(3087, 57) (3087,) (775, 57) (775,)

 SNO Accuracy: 0.792
[[337  31  33]
 [ 47  98   2]
 [ 14   2  56]]

 rate=80 and ii =6
Accuracy: 0.881
Macro Precision: 0.894
Macro Recall: 0.810
Macro F1-score: 0.839

[[503   3   9]
 [ 61 108   4]
 [ 14   1  72]]
              precision    recall  f1-score   support

           0       0.87      0.98      0.92       515
           1       0.96      0.62      0.76       173
           2       0.85      0.83      0.84        87

    accuracy                           0.88       775
   macro avg       0.89      0.81      0.84       775
weighted avg       0.89      0.88      0.87       775

1597 64.7
585 23.7
285 11.6
401 64.7
147 23.7
72 11.6
(3087, 57) (3087,) (775, 57) (775,)

semi-SelfTrain Label Accuracy: 0.874
[[395   2   4]
 [ 51  94   2]
 [ 18   1  53]]
0.8741935483870967 [0.98503741 0.63945578 0.73611111]

 rate=80 and ii =6
Accuracy: 0.875
Macro Precision: 0.900
Macro Recall: 0.786
Macro F1-score: 0.827

[[507   2   8]
 [ 65 104   2]
 [ 19   1  67]]
              precision    recall  f1-score   support

         0.0       0.86      0.98      0.92       517
         1.0       0.97      0.61      0.75       171
         2.0       0.87      0.77      0.82        87

    accuracy                           0.87       775
   macro avg       0.90      0.79      0.83       775
weighted avg       0.88      0.87      0.87       775

1597 64.7
585 23.7
285 11.6
401 64.7
147 23.7
72 11.6
(3087, 57) (3087,) (775, 57) (775,)

semi-LabelSpread Label Accuracy: 0.784
[[401   0   0]
 [ 71  76   0]
 [ 63   0   9]]
0.7838709677419354 [1.        0.5170068 0.125    ]

 rate=80 and ii =6
Accuracy: 0.866
Macro Precision: 0.908
Macro Recall: 0.750
Macro F1-score: 0.806

[[513   3   4]
 [ 68 102   1]
 [ 27   1  56]]
              precision    recall  f1-score   support

         0.0       0.84      0.99      0.91       520
         1.0       0.96      0.60      0.74       171
         2.0       0.92      0.67      0.77        84

    accuracy                           0.87       775
   macro avg       0.91      0.75      0.81       775
weighted avg       0.88      0.87      0.86       775

1597 64.7
585 23.7
285 11.6
401 64.7
147 23.7
72 11.6
(3087, 57) (3087,) (775, 57) (620,) (620,)

2 order Label Accuracy: 0.860
[[391   3   7]
 [ 56  89   2]
 [ 18   1  53]]
0.8596774193548387 [0.97506234 0.60544218 0.73611111]

 rate=80 and ii =6
Accuracy: 0.874
Macro Precision: 0.903
Macro Recall: 0.784
Macro F1-score: 0.825

[[507   1   8]
 [ 67 102   2]
 [ 19   1  68]]
              precision    recall  f1-score   support

           0       0.85      0.98      0.91       516
           1       0.98      0.60      0.74       171
           2       0.87      0.77      0.82        88

    accuracy                           0.87       775
   macro avg       0.90      0.78      0.83       775
weighted avg       0.88      0.87      0.87       775

1597 64.7
585 23.7
285 11.6
401 64.7
147 23.7
72 11.6
(3087, 57) (3087,) (775, 57) (620,) (620,)

3 order Label Accuracy: 0.863
[[392   1   8]
 [ 56  89   2]
 [ 18   0  54]]
0.8629032258064516 [0.97755611 0.60544218 0.75      ]

 rate=80 and ii =6
Accuracy: 0.875
Macro Precision: 0.903
Macro Recall: 0.787
Macro F1-score: 0.827

[[508   2   7]
 [ 66 102   3]
 [ 19   0  68]]
              precision    recall  f1-score   support

           0       0.86      0.98      0.92       517
           1       0.98      0.60      0.74       171
           2       0.87      0.78      0.82        87

    accuracy                           0.87       775
   macro avg       0.90      0.79      0.83       775
weighted avg       0.89      0.87      0.87       775

1597 64.7
585 23.7
285 11.6
401 64.7
147 23.7
72 11.6
(3087, 57) (3087,) (775, 57) (620,) (620,)

4 order Label Accuracy: 0.876
[[395   3   3]
 [ 51  94   2]
 [ 17   1  54]]
0.8758064516129033 [0.98503741 0.63945578 0.75      ]

 rate=80 and ii =6
Accuracy: 0.874
Macro Precision: 0.899
Macro Recall: 0.784
Macro F1-score: 0.825

[[507   2   8]
 [ 66 103   2]
 [ 19   1  67]]
              precision    recall  f1-score   support

           0       0.86      0.98      0.91       517
           1       0.97      0.60      0.74       171
           2       0.87      0.77      0.82        87

    accuracy                           0.87       775
   macro avg       0.90      0.78      0.83       775
weighted avg       0.88      0.87      0.87       775

Time(sec):  7.6499893
nodes = range(self.m)
range(0, 8)
Graph with 8 nodes and 0 edges
3 2469 8
L
[[1 1 1 ... 1 1 1]
 [1 1 1 ... 1 1 1]
 [1 1 1 ... 1 1 1]
 ...
 [3 3 3 ... 1 3 3]
 [3 1 3 ... 1 3 3]
 [2 1 3 ... 1 3 3]]
L_ind
[[1. 0. 0. ... 1. 0. 0.]
 [1. 0. 0. ... 1. 0. 0.]
 [1. 0. 0. ... 1. 0. 0.]
 ...
 [0. 0. 1. ... 0. 0. 1.]
 [0. 0. 1. ... 0. 0. 1.]
 [0. 1. 0. ... 0. 0. 1.]]
3 618 8
L
[[1 1 1 ... 1 1 1]
 [2 1 2 ... 1 2 1]
 [2 1 1 ... 1 1 1]
 ...
 [1 1 2 ... 1 2 1]
 [1 1 1 ... 1 2 1]
 [2 1 2 ... 1 2 1]]
L_ind
[[1. 0. 0. ... 1. 0. 0.]
 [0. 1. 0. ... 1. 0. 0.]
 [0. 1. 0. ... 1. 0. 0.]
 ...
 [1. 0. 0. ... 1. 0. 0.]
 [1. 0. 0. ... 1. 0. 0.]
 [0. 1. 0. ... 1. 0. 0.]]
1599 64.8
585 23.7
285 11.5
399 64.6
147 23.8
72 11.7
(3087, 57) (3087,) (775, 57) (775,)

 SNO Accuracy: 0.812
[[342  26  31]
 [ 41 103   3]
 [ 11   4  57]]

 rate=80 and ii =7
Accuracy: 0.881
Macro Precision: 0.896
Macro Recall: 0.806
Macro F1-score: 0.841

[[501   7   7]
 [ 58 112   2]
 [ 17   1  70]]
              precision    recall  f1-score   support

           0       0.87      0.97      0.92       515
           1       0.93      0.65      0.77       172
           2       0.89      0.80      0.84        88

    accuracy                           0.88       775
   macro avg       0.90      0.81      0.84       775
weighted avg       0.89      0.88      0.88       775

1599 64.8
585 23.7
285 11.5
399 64.6
147 23.8
72 11.7
(3087, 57) (3087,) (775, 57) (775,)

semi-SelfTrain Label Accuracy: 0.862
[[386   2  11]
 [ 50  94   3]
 [ 18   1  53]]
0.8624595469255664 [0.96741855 0.63945578 0.73611111]

 rate=80 and ii =7
Accuracy: 0.879
Macro Precision: 0.898
Macro Recall: 0.797
Macro F1-score: 0.833

[[506   2   9]
 [ 62 107   3]
 [ 18   0  68]]
              precision    recall  f1-score   support

         0.0       0.86      0.98      0.92       517
         1.0       0.98      0.62      0.76       172
         2.0       0.85      0.79      0.82        86

    accuracy                           0.88       775
   macro avg       0.90      0.80      0.83       775
weighted avg       0.89      0.88      0.87       775

1599 64.8
585 23.7
285 11.5
399 64.6
147 23.8
72 11.7
(3087, 57) (3087,) (775, 57) (775,)

semi-LabelSpread Label Accuracy: 0.778
[[399   0   0]
 [ 72  75   0]
 [ 65   0   7]]
0.7783171521035599 [1.         0.51020408 0.09722222]

 rate=80 and ii =7
Accuracy: 0.872
Macro Precision: 0.915
Macro Recall: 0.770
Macro F1-score: 0.821

[[515   2   4]
 [ 70  99   1]
 [ 21   1  62]]
              precision    recall  f1-score   support

         0.0       0.85      0.99      0.91       521
         1.0       0.97      0.58      0.73       170
         2.0       0.93      0.74      0.82        84

    accuracy                           0.87       775
   macro avg       0.92      0.77      0.82       775
weighted avg       0.88      0.87      0.86       775

1599 64.8
585 23.7
285 11.5
399 64.6
147 23.8
72 11.7
(3087, 57) (3087,) (775, 57) (618,) (618,)

2 order Label Accuracy: 0.796
[[378  12   9]
 [ 82  62   3]
 [ 19   1  52]]
0.7961165048543689 [0.94736842 0.42176871 0.72222222]

 rate=80 and ii =7
Accuracy: 0.877
Macro Precision: 0.907
Macro Recall: 0.791
Macro F1-score: 0.832

[[508   2   7]
 [ 65 104   2]
 [ 19   0  68]]
              precision    recall  f1-score   support

           0       0.86      0.98      0.92       517
           1       0.98      0.61      0.75       171
           2       0.88      0.78      0.83        87

    accuracy                           0.88       775
   macro avg       0.91      0.79      0.83       775
weighted avg       0.89      0.88      0.87       775

1599 64.8
585 23.7
285 11.5
399 64.6
147 23.8
72 11.7
(3087, 57) (3087,) (775, 57) (618,) (618,)

3 order Label Accuracy: 0.866
[[387   2  10]
 [ 50  95   2]
 [ 16   3  53]]
0.8656957928802589 [0.96992481 0.6462585  0.73611111]

 rate=80 and ii =7
Accuracy: 0.880
Macro Precision: 0.908
Macro Recall: 0.801
Macro F1-score: 0.840

[[504   4   7]
 [ 63 108   1]
 [ 18   0  70]]
              precision    recall  f1-score   support

           0       0.86      0.98      0.92       515
           1       0.96      0.63      0.76       172
           2       0.90      0.80      0.84        88

    accuracy                           0.88       775
   macro avg       0.91      0.80      0.84       775
weighted avg       0.89      0.88      0.87       775

1599 64.8
585 23.7
285 11.5
399 64.6
147 23.8
72 11.7
(3087, 57) (3087,) (775, 57) (618,) (618,)

4 order Label Accuracy: 0.850
[[380   8  11]
 [ 48  99   0]
 [ 21   5  46]]
0.8495145631067961 [0.95238095 0.67346939 0.63888889]

 rate=80 and ii =7
Accuracy: 0.875
Macro Precision: 0.897
Macro Recall: 0.789
Macro F1-score: 0.830

[[503   6   7]
 [ 62 110   1]
 [ 20   1  65]]
              precision    recall  f1-score   support

           0       0.86      0.97      0.91       516
           1       0.94      0.64      0.76       173
           2       0.89      0.76      0.82        86

    accuracy                           0.87       775
   macro avg       0.90      0.79      0.83       775
weighted avg       0.88      0.87      0.87       775

Time(sec):  7.770765699999999
nodes = range(self.m)
range(0, 8)
Graph with 8 nodes and 0 edges
3 2470 8
L
[[2 1 1 ... 1 1 1]
 [1 1 1 ... 1 1 1]
 [1 1 1 ... 1 1 1]
 ...
 [3 1 3 ... 1 3 3]
 [1 1 3 ... 1 3 3]
 [1 1 3 ... 1 3 3]]
L_ind
[[0. 1. 0. ... 1. 0. 0.]
 [1. 0. 0. ... 1. 0. 0.]
 [1. 0. 0. ... 1. 0. 0.]
 ...
 [0. 0. 1. ... 0. 0. 1.]
 [1. 0. 0. ... 0. 0. 1.]
 [1. 0. 0. ... 0. 0. 1.]]
nodes = range(self.m)
range(0, 8)
Graph with 8 nodes and 0 edges
3 2470 8
L
[[2 1 1 ... 1 1 1]
 [1 1 1 ... 1 1 1]
 [1 1 1 ... 1 1 1]
 ...
 [3 1 3 ... 1 3 3]
 [1 1 3 ... 1 3 3]
 [1 1 3 ... 1 3 3]]
L_ind
[[0. 1. 0. ... 1. 0. 0.]
 [1. 0. 0. ... 1. 0. 0.]
 [1. 0. 0. ... 1. 0. 0.]
 ...
 [0. 0. 1. ... 0. 0. 1.]
 [1. 0. 0. ... 0. 0. 1.]
 [1. 0. 0. ... 0. 0. 1.]]
3 617 8
L
[[1 1 1 ... 1 1 1]
 [1 1 1 ... 1 1 1]
 [1 1 1 ... 1 1 1]
 ...
 [1 1 2 ... 1 2 1]
 [1 1 1 ... 1 1 1]
 [2 3 2 ... 1 2 2]]
L_ind
[[1. 0. 0. ... 1. 0. 0.]
 [1. 0. 0. ... 1. 0. 0.]
 [1. 0. 0. ... 1. 0. 0.]
 ...
 [1. 0. 0. ... 1. 0. 0.]
 [1. 0. 0. ... 1. 0. 0.]
 [0. 1. 0. ... 0. 1. 0.]]
1599 64.7
585 23.7
286 11.6
399 64.7
147 23.8
71 11.5
(3087, 57) (3087,) (775, 57) (775,)

 SNO Accuracy: 0.789
[[337  37  25]
 [ 45  96   6]
 [ 16   1  54]]

 rate=80 and ii =8
Accuracy: 0.877
Macro Precision: 0.894
Macro Recall: 0.801
Macro F1-score: 0.836

[[502   7   8]
 [ 61 109   1]
 [ 17   1  69]]
              precision    recall  f1-score   support

           0       0.87      0.97      0.92       517
           1       0.93      0.64      0.76       171
           2       0.88      0.79      0.84        87

    accuracy                           0.88       775
   macro avg       0.89      0.80      0.84       775
weighted avg       0.88      0.88      0.87       775

1599 64.7
585 23.7
286 11.6
399 64.7
147 23.8
71 11.5
(3087, 57) (3087,) (775, 57) (775,)

semi-SelfTrain Label Accuracy: 0.848
[[382  10   7]
 [ 54  91   2]
 [ 20   1  50]]
0.8476499189627229 [0.95739348 0.61904762 0.70422535]

 rate=80 and ii =8
Accuracy: 0.885
Macro Precision: 0.912
Macro Recall: 0.800
Macro F1-score: 0.843

[[509   3   6]
 [ 59 111   1]
 [ 19   1  66]]
              precision    recall  f1-score   support

         0.0       0.87      0.98      0.92       518
         1.0       0.97      0.65      0.78       171
         2.0       0.90      0.77      0.83        86

    accuracy                           0.89       775
   macro avg       0.91      0.80      0.84       775
weighted avg       0.89      0.89      0.88       775

1599 64.7
585 23.7
286 11.6
399 64.7
147 23.8
71 11.5
(3087, 57) (3087,) (775, 57) (775,)

semi-LabelSpread Label Accuracy: 0.780
[[399   0   0]
 [ 71  76   0]
 [ 65   0   6]]
0.779578606158833 [1.         0.5170068  0.08450704]

 rate=80 and ii =8
Accuracy: 0.872
Macro Precision: 0.920
Macro Recall: 0.750
Macro F1-score: 0.810

[[517   0   4]
 [ 64 106   1]
 [ 30   0  53]]
              precision    recall  f1-score   support

         0.0       0.85      0.99      0.91       521
         1.0       1.00      0.62      0.77       171
         2.0       0.91      0.64      0.75        83

    accuracy                           0.87       775
   macro avg       0.92      0.75      0.81       775
weighted avg       0.89      0.87      0.86       775

1599 64.7
585 23.7
286 11.6
399 64.7
147 23.8
71 11.5
(3087, 57) (3087,) (775, 57) (617,) (617,)

2 order Label Accuracy: 0.851
[[384   8   7]
 [ 53  92   2]
 [ 20   2  49]]
0.8508914100486223 [0.96240602 0.62585034 0.69014085]

 rate=80 and ii =8
Accuracy: 0.883
Macro Precision: 0.906
Macro Recall: 0.797
Macro F1-score: 0.839

[[510   5   5]
 [ 60 109   2]
 [ 18   1  65]]
              precision    recall  f1-score   support

           0       0.87      0.98      0.92       520
           1       0.95      0.64      0.76       171
           2       0.90      0.77      0.83        84

    accuracy                           0.88       775
   macro avg       0.91      0.80      0.84       775
weighted avg       0.89      0.88      0.88       775

1599 64.7
585 23.7
286 11.6
399 64.7
147 23.8
71 11.5
(3087, 57) (3087,) (775, 57) (617,) (617,)

3 order Label Accuracy: 0.851
[[385   8   6]
 [ 53  91   3]
 [ 20   2  49]]
0.8508914100486223 [0.96491228 0.61904762 0.69014085]

 rate=80 and ii =8
Accuracy: 0.880
Macro Precision: 0.902
Macro Recall: 0.793
Macro F1-score: 0.833

[[509   2   8]
 [ 61 107   2]
 [ 19   1  66]]
              precision    recall  f1-score   support

           0       0.86      0.98      0.92       519
           1       0.97      0.63      0.76       170
           2       0.87      0.77      0.81        86

    accuracy                           0.88       775
   macro avg       0.90      0.79      0.83       775
weighted avg       0.89      0.88      0.87       775

1599 64.7
585 23.7
286 11.6
399 64.7
147 23.8
71 11.5
(3087, 57) (3087,) (775, 57) (617,) (617,)

4 order Label Accuracy: 0.831
[[375   8  16]
 [ 51  91   5]
 [ 23   1  47]]
0.8314424635332253 [0.93984962 0.61904762 0.66197183]

 rate=80 and ii =8
Accuracy: 0.884
Macro Precision: 0.906
Macro Recall: 0.799
Macro F1-score: 0.841

[[508   6   4]
 [ 58 112   2]
 [ 18   2  65]]
              precision    recall  f1-score   support

           0       0.87      0.98      0.92       518
           1       0.93      0.65      0.77       172
           2       0.92      0.76      0.83        85

    accuracy                           0.88       775
   macro avg       0.91      0.80      0.84       775
weighted avg       0.89      0.88      0.88       775

Time(sec):  7.7212972
nodes = range(self.m)
range(0, 8)
Graph with 8 nodes and 0 edges
3 2471 8
L
[[1 1 1 ... 1 1 1]
 [1 1 1 ... 1 1 1]
 [1 1 1 ... 1 1 1]
 ...
 [3 1 3 ... 1 3 3]
 [3 1 3 ... 1 3 3]
 [2 1 3 ... 1 3 3]]
L_ind
[[1. 0. 0. ... 1. 0. 0.]
 [1. 0. 0. ... 1. 0. 0.]
 [1. 0. 0. ... 1. 0. 0.]
 ...
 [0. 0. 1. ... 0. 0. 1.]
 [0. 0. 1. ... 0. 0. 1.]
 [0. 1. 0. ... 0. 0. 1.]]
3 616 8
L
[[1 1 1 ... 1 1 1]
 [1 1 1 ... 1 1 2]
 [2 1 2 ... 1 1 1]
 ...
 [1 1 1 ... 1 1 1]
 [1 1 2 ... 1 2 1]
 [2 1 2 ... 1 1 1]]
L_ind
[[1. 0. 0. ... 1. 0. 0.]
 [1. 0. 0. ... 0. 1. 0.]
 [0. 1. 0. ... 1. 0. 0.]
 ...
 [1. 0. 0. ... 1. 0. 0.]
 [1. 0. 0. ... 1. 0. 0.]
 [0. 1. 0. ... 1. 0. 0.]]
1599 64.7
587 23.8
285 11.5
399 64.8
145 23.5
72 11.7
(3087, 57) (3087,) (775, 57) (775,)

 SNO Accuracy: 0.799
[[342  25  32]
 [ 53  88   4]
 [  9   1  62]]

 rate=80 and ii =9
Accuracy: 0.880
Macro Precision: 0.901
Macro Recall: 0.804
Macro F1-score: 0.838

[[504   3   8]
 [ 63 106   3]
 [ 16   0  72]]
              precision    recall  f1-score   support

           0       0.86      0.98      0.92       515
           1       0.97      0.62      0.75       172
           2       0.87      0.82      0.84        88

    accuracy                           0.88       775
   macro avg       0.90      0.80      0.84       775
weighted avg       0.89      0.88      0.87       775

1599 64.7
587 23.8
285 11.5
399 64.8
145 23.5
72 11.7
(3087, 57) (3087,) (775, 57) (775,)

semi-SelfTrain Label Accuracy: 0.851
[[391   0   8]
 [ 61  81   3]
 [ 18   2  52]]
0.8506493506493507 [0.97994987 0.55862069 0.72222222]

 rate=80 and ii =9
Accuracy: 0.876
Macro Precision: 0.903
Macro Recall: 0.793
Macro F1-score: 0.833

[[507   5   6]
 [ 65 104   2]
 [ 18   0  68]]
              precision    recall  f1-score   support

         0.0       0.86      0.98      0.92       518
         1.0       0.95      0.61      0.74       171
         2.0       0.89      0.79      0.84        86

    accuracy                           0.88       775
   macro avg       0.90      0.79      0.83       775
weighted avg       0.88      0.88      0.87       775

1599 64.7
587 23.8
285 11.5
399 64.8
145 23.5
72 11.7
(3087, 57) (3087,) (775, 57) (775,)

semi-LabelSpread Label Accuracy: 0.773
[[399   0   0]
 [ 77  68   0]
 [ 63   0   9]]
0.7727272727272727 [1.         0.46896552 0.125     ]

 rate=80 and ii =9
Accuracy: 0.865
Macro Precision: 0.907
Macro Recall: 0.746
Macro F1-score: 0.802

[[517   3   3]
 [ 70  97   2]
 [ 26   1  56]]
              precision    recall  f1-score   support

         0.0       0.84      0.99      0.91       523
         1.0       0.96      0.57      0.72       169
         2.0       0.92      0.67      0.78        83

    accuracy                           0.86       775
   macro avg       0.91      0.75      0.80       775
weighted avg       0.88      0.86      0.85       775

1599 64.7
587 23.8
285 11.5
399 64.8
145 23.5
72 11.7
(3087, 57) (3087,) (775, 57) (616,) (616,)

2 order Label Accuracy: 0.825
[[390   2   7]
 [ 75  68   2]
 [ 22   0  50]]
0.8246753246753247 [0.97744361 0.46896552 0.69444444]

 rate=80 and ii =9
Accuracy: 0.874
Macro Precision: 0.905
Macro Recall: 0.783
Macro F1-score: 0.825

[[510   2   7]
 [ 68 100   2]
 [ 19   0  67]]
              precision    recall  f1-score   support

           0       0.85      0.98      0.91       519
           1       0.98      0.59      0.74       170
           2       0.88      0.78      0.83        86

    accuracy                           0.87       775
   macro avg       0.91      0.78      0.83       775
weighted avg       0.88      0.87      0.87       775

1599 64.7
587 23.8
285 11.5
399 64.8
145 23.5
72 11.7
(3087, 57) (3087,) (775, 57) (616,) (616,)

3 order Label Accuracy: 0.846
[[389   2   8]
 [ 61  80   4]
 [ 20   0  52]]
0.8457792207792207 [0.97493734 0.55172414 0.72222222]

 rate=80 and ii =9
Accuracy: 0.876
Macro Precision: 0.906
Macro Recall: 0.787
Macro F1-score: 0.829

[[510   2   7]
 [ 66 102   2]
 [ 19   0  67]]
              precision    recall  f1-score   support

           0       0.86      0.98      0.92       519
           1       0.98      0.60      0.74       170
           2       0.88      0.78      0.83        86

    accuracy                           0.88       775
   macro avg       0.91      0.79      0.83       775
weighted avg       0.89      0.88      0.87       775

1599 64.7
587 23.8
285 11.5
399 64.8
145 23.5
72 11.7
(3087, 57) (3087,) (775, 57) (616,) (616,)

4 order Label Accuracy: 0.849
[[388   3   8]
 [ 60  81   4]
 [ 18   0  54]]
0.849025974025974 [0.97243108 0.55862069 0.75      ]

 rate=80 and ii =9
Accuracy: 0.879
Macro Precision: 0.906
Macro Recall: 0.799
Macro F1-score: 0.835

[[506   1   9]
 [ 65 104   2]
 [ 17   0  71]]
              precision    recall  f1-score   support

           0       0.86      0.98      0.92       516
           1       0.99      0.61      0.75       171
           2       0.87      0.81      0.84        88

    accuracy                           0.88       775
   macro avg       0.91      0.80      0.84       775
weighted avg       0.89      0.88      0.87       775

Time(sec):  7.8465188
nodes = range(self.m)
range(0, 8)
Graph with 8 nodes and 0 edges
3 2468 8
L
[[2 1 1 ... 1 1 1]
 [1 1 1 ... 1 1 1]
 [1 1 1 ... 1 1 1]
 ...
 [3 1 3 ... 1 3 3]
 [1 1 3 ... 1 3 3]
 [2 1 3 ... 1 3 3]]
L_ind
[[0. 1. 0. ... 1. 0. 0.]
 [1. 0. 0. ... 1. 0. 0.]
 [1. 0. 0. ... 1. 0. 0.]
 ...
 [0. 0. 1. ... 0. 0. 1.]
 [1. 0. 0. ... 0. 0. 1.]
 [0. 1. 0. ... 0. 0. 1.]]
3 619 8
L
[[2 1 2 ... 1 2 1]
 [2 1 1 ... 1 1 1]
 [1 1 1 ... 1 1 1]
 ...
 [1 1 1 ... 1 1 1]
 [2 1 2 ... 1 2 1]
 [1 1 2 ... 1 2 2]]
L_ind
[[0. 1. 0. ... 1. 0. 0.]
 [0. 1. 0. ... 1. 0. 0.]
 [1. 0. 0. ... 1. 0. 0.]
 ...
 [1. 0. 0. ... 1. 0. 0.]
 [0. 1. 0. ... 1. 0. 0.]
 [1. 0. 0. ... 0. 1. 0.]]
1598 64.7
585 23.7
285 11.5
400 64.6
147 23.7
72 11.6
(3087, 57) (3087,) (775, 57) (775,)

 SNO Accuracy: 0.787
[[326  39  35]
 [ 42  99   6]
 [  6   4  62]]

 rate=80 and ii =10
Accuracy: 0.877
Macro Precision: 0.893
Macro Recall: 0.803
Macro F1-score: 0.835

[[501   5   9]
 [ 62 108   2]
 [ 16   1  71]]
              precision    recall  f1-score   support

           0       0.87      0.97      0.92       515
           1       0.95      0.63      0.76       172
           2       0.87      0.81      0.84        88

    accuracy                           0.88       775
   macro avg       0.89      0.80      0.84       775
weighted avg       0.88      0.88      0.87       775

1598 64.7
585 23.7
285 11.5
400 64.6
147 23.7
72 11.6
(3087, 57) (3087,) (775, 57) (775,)

semi-SelfTrain Label Accuracy: 0.869
[[392   3   5]
 [ 55  91   1]
 [ 16   1  55]]
0.8691437802907916 [0.98       0.61904762 0.76388889]

 rate=80 and ii =10
Accuracy: 0.877
Macro Precision: 0.904
Macro Recall: 0.800
Macro F1-score: 0.836

[[505   3   8]
 [ 67 104   1]
 [ 15   1  71]]
              precision    recall  f1-score   support

         0.0       0.86      0.98      0.92       516
         1.0       0.96      0.60      0.74       172
         2.0       0.89      0.82      0.85        87

    accuracy                           0.88       775
   macro avg       0.90      0.80      0.84       775
weighted avg       0.89      0.88      0.87       775

1598 64.7
585 23.7
285 11.5
400 64.6
147 23.7
72 11.6
(3087, 57) (3087,) (775, 57) (775,)

semi-LabelSpread Label Accuracy: 0.780
[[400   0   0]
 [ 71  76   0]
 [ 65   0   7]]
0.7802907915993538 [1.         0.5170068  0.09722222]

 rate=80 and ii =10
Accuracy: 0.865
Macro Precision: 0.906
Macro Recall: 0.752
Macro F1-score: 0.806

[[515   2   5]
 [ 72  97   1]
 [ 24   1  58]]
              precision    recall  f1-score   support

         0.0       0.84      0.99      0.91       522
         1.0       0.97      0.57      0.72       170
         2.0       0.91      0.70      0.79        83

    accuracy                           0.86       775
   macro avg       0.91      0.75      0.81       775
weighted avg       0.88      0.86      0.85       775

1598 64.7
585 23.7
285 11.5
400 64.6
147 23.7
72 11.6
(3087, 57) (3087,) (775, 57) (619,) (619,)

2 order Label Accuracy: 0.877
[[392   1   7]
 [ 52  92   3]
 [ 12   1  59]]
0.877221324717286 [0.98       0.62585034 0.81944444]

 rate=80 and ii =10
Accuracy: 0.881
Macro Precision: 0.913
Macro Recall: 0.800
Macro F1-score: 0.842

[[506   4   5]
 [ 64 106   1]
 [ 17   1  71]]
              precision    recall  f1-score   support

           0       0.86      0.98      0.92       515
           1       0.95      0.62      0.75       171
           2       0.92      0.80      0.86        89

    accuracy                           0.88       775
   macro avg       0.91      0.80      0.84       775
weighted avg       0.89      0.88      0.87       775

1598 64.7
585 23.7
285 11.5
400 64.6
147 23.7
72 11.6
(3087, 57) (3087,) (775, 57) (619,) (619,)

3 order Label Accuracy: 0.855
[[394   0   6]
 [ 68  77   2]
 [ 13   1  58]]
0.8546042003231018 [0.985      0.52380952 0.80555556]

 rate=80 and ii =10
Accuracy: 0.875
Macro Precision: 0.914
Macro Recall: 0.789
Macro F1-score: 0.831

[[509   1   7]
 [ 71  98   1]
 [ 17   0  71]]
              precision    recall  f1-score   support

           0       0.85      0.98      0.91       517
           1       0.99      0.58      0.73       170
           2       0.90      0.81      0.85        88

    accuracy                           0.87       775
   macro avg       0.91      0.79      0.83       775
weighted avg       0.89      0.87      0.87       775

1598 64.7
585 23.7
285 11.5
400 64.6
147 23.7
72 11.6
(3087, 57) (3087,) (775, 57) (619,) (619,)

4 order Label Accuracy: 0.877
[[394   1   5]
 [ 52  92   3]
 [ 14   1  57]]
0.877221324717286 [0.985      0.62585034 0.79166667]

 rate=80 and ii =10
Accuracy: 0.883
Macro Precision: 0.911
Macro Recall: 0.801
Macro F1-score: 0.841

[[510   2   7]
 [ 64 106   1]
 [ 16   1  68]]
              precision    recall  f1-score   support

           0       0.86      0.98      0.92       519
           1       0.97      0.62      0.76       171
           2       0.89      0.80      0.84        85

    accuracy                           0.88       775
   macro avg       0.91      0.80      0.84       775
weighted avg       0.89      0.88      0.88       775

Time(sec):  7.7970048
