nodes = range(self.m)
range(0, 8)
Graph with 8 nodes and 0 edges
3 244 8
L
[[1 1 1 ... 1 1 1]
 [1 1 1 ... 1 1 1]
 [1 1 1 ... 2 1 1]
 ...
 [3 1 3 ... 1 3 3]
 [1 1 1 ... 1 1 1]
 [1 1 1 ... 1 1 1]]
L_ind
[[1. 0. 0. ... 1. 0. 0.]
 [1. 0. 0. ... 1. 0. 0.]
 [1. 0. 0. ... 1. 0. 0.]
 ...
 [0. 0. 1. ... 0. 0. 1.]
 [1. 0. 0. ... 1. 0. 0.]
 [1. 0. 0. ... 1. 0. 0.]]
3 2843 8
L
[[2 1 1 ... 1 1 1]
 [1 1 1 ... 1 1 1]
 [1 1 2 ... 1 1 1]
 ...
 [1 1 3 ... 3 3 3]
 [1 1 1 ... 3 3 3]
 [2 1 1 ... 3 3 3]]
L_ind
[[0. 1. 0. ... 1. 0. 0.]
 [1. 0. 0. ... 1. 0. 0.]
 [1. 0. 0. ... 1. 0. 0.]
 ...
 [1. 0. 0. ... 0. 0. 1.]
 [1. 0. 0. ... 0. 0. 1.]
 [0. 1. 0. ... 0. 0. 1.]]
159 65.2
57 23.4
28 11.5
1839 64.7
675 23.7
329 11.6
(3087, 57) (3087,) (775, 57) (775,)

 SNO Accuracy: 0.577
[[1095  435  309]
 [ 302  271  102]
 [  24   31  274]]

 rate=8 and ii =1
Accuracy: 0.737
Macro Precision: 0.681
Macro Recall: 0.718
Macro F1-score: 0.686

[[395  49  41]
 [ 89  79  15]
 [  7   3  97]]
              precision    recall  f1-score   support

           0       0.80      0.81      0.81       485
           1       0.60      0.43      0.50       183
           2       0.63      0.91      0.75       107

    accuracy                           0.74       775
   macro avg       0.68      0.72      0.69       775
weighted avg       0.73      0.74      0.73       775

159 65.2
57 23.4
28 11.5
1839 64.7
675 23.7
329 11.6
(3087, 57) (3087,) (775, 57) (775,)

semi-SelfTrain Label Accuracy: 0.682
[[1611  106  122]
 [ 544   85   46]
 [  81    5  243]]
0.6820260288427717 [0.87601958 0.12592593 0.73860182]

 rate=8 and ii =1
Accuracy: 0.738
Macro Precision: 0.654
Macro Recall: 0.612
Macro F1-score: 0.594

[[477  20  24]
 [130  22   9]
 [ 19   1  73]]
              precision    recall  f1-score   support

         0.0       0.76      0.92      0.83       521
         1.0       0.51      0.14      0.22       161
         2.0       0.69      0.78      0.73        93

    accuracy                           0.74       775
   macro avg       0.65      0.61      0.59       775
weighted avg       0.70      0.74      0.69       775

159 65.2
57 23.4
28 11.5
1839 64.7
675 23.7
329 11.6
(3087, 57) (3087,) (775, 57) (775,)

semi-LabelSpread Label Accuracy: 0.663
[[1839    0    0]
 [ 636   39    0]
 [ 322    0    7]]
0.6630320084417869 [1.         0.05777778 0.0212766 ]

 rate=8 and ii =1
Accuracy: 0.717
Macro Precision: 0.905
Macro Recall: 0.355
Macro F1-score: 0.319

[[547   0   0]
 [148   8   0]
 [ 71   0   1]]
              precision    recall  f1-score   support

         0.0       0.71      1.00      0.83       547
         1.0       1.00      0.05      0.10       156
         2.0       1.00      0.01      0.03        72

    accuracy                           0.72       775
   macro avg       0.90      0.36      0.32       775
weighted avg       0.80      0.72      0.61       775

159 65.2
57 23.4
28 11.5
1839 64.7
675 23.7
329 11.6
(3087, 57) (3087,) (775, 57) (2843,) (2843,)

2 order Label Accuracy: 0.704
[[1666  107   66]
 [ 545   96   34]
 [  76   13  240]]
0.7041857193105874 [0.90592713 0.14222222 0.72948328]

 rate=8 and ii =1
Accuracy: 0.770
Macro Precision: 0.772
Macro Recall: 0.610
Macro F1-score: 0.602

[[516   5   9]
 [139  13   5]
 [ 20   0  68]]
              precision    recall  f1-score   support

           0       0.76      0.97      0.86       530
           1       0.72      0.08      0.15       157
           2       0.83      0.77      0.80        88

    accuracy                           0.77       775
   macro avg       0.77      0.61      0.60       775
weighted avg       0.76      0.77      0.71       775

159 65.2
57 23.4
28 11.5
1839 64.7
675 23.7
329 11.6
(3087, 57) (3087,) (775, 57) (2843,) (2843,)

3 order Label Accuracy: 0.675
[[1611  142   86]
 [ 541  108   26]
 [  79   50  200]]
0.6749912064720366 [0.87601958 0.16       0.60790274]

 rate=8 and ii =1
Accuracy: 0.755
Macro Precision: 0.691
Macro Recall: 0.591
Macro F1-score: 0.596

[[506  13   9]
 [138  18   4]
 [ 20   6  61]]
              precision    recall  f1-score   support

           0       0.76      0.96      0.85       528
           1       0.49      0.11      0.18       160
           2       0.82      0.70      0.76        87

    accuracy                           0.75       775
   macro avg       0.69      0.59      0.60       775
weighted avg       0.71      0.75      0.70       775

159 65.2
57 23.4
28 11.5
1839 64.7
675 23.7
329 11.6
(3087, 57) (3087,) (775, 57) (2843,) (2843,)

4 order Label Accuracy: 0.689
[[1675   94   70]
 [ 559   92   24]
 [ 107   30  192]]
0.6890608512135069 [0.9108211  0.1362963  0.58358663]

 rate=8 and ii =1
Accuracy: 0.759
Macro Precision: 0.752
Macro Recall: 0.573
Macro F1-score: 0.593

[[513   7   7]
 [136  21   3]
 [ 30   4  54]]
              precision    recall  f1-score   support

           0       0.76      0.97      0.85       527
           1       0.66      0.13      0.22       160
           2       0.84      0.61      0.71        88

    accuracy                           0.76       775
   macro avg       0.75      0.57      0.59       775
weighted avg       0.75      0.76      0.70       775

Time(sec):  9.967972999999999
nodes = range(self.m)
range(0, 8)
Graph with 8 nodes and 0 edges
3 244 8
L
[[1 1 1 ... 1 1 1]
 [1 1 1 ... 1 1 1]
 [1 1 2 ... 1 2 2]
 ...
 [1 1 1 ... 1 1 1]
 [1 1 1 ... 1 1 1]
 [1 1 3 ... 1 3 3]]
L_ind
[[1. 0. 0. ... 1. 0. 0.]
 [1. 0. 0. ... 1. 0. 0.]
 [1. 0. 0. ... 0. 1. 0.]
 ...
 [1. 0. 0. ... 1. 0. 0.]
 [1. 0. 0. ... 1. 0. 0.]
 [1. 0. 0. ... 0. 0. 1.]]
3 2843 8
L
[[2 1 3 ... 1 1 1]
 [2 1 1 ... 1 1 3]
 [1 1 1 ... 1 1 1]
 ...
 [3 1 3 ... 1 1 1]
 [1 1 1 ... 1 3 3]
 [1 1 3 ... 3 3 3]]
L_ind
[[0. 1. 0. ... 1. 0. 0.]
 [0. 1. 0. ... 0. 0. 1.]
 [1. 0. 0. ... 1. 0. 0.]
 ...
 [0. 0. 1. ... 1. 0. 0.]
 [1. 0. 0. ... 0. 0. 1.]
 [1. 0. 0. ... 0. 0. 1.]]
158 64.8
58 23.8
28 11.5
1840 64.7
674 23.7
329 11.6
(3087, 57) (3087,) (775, 57) (775,)

 SNO Accuracy: 0.568
[[1057  505  278]
 [ 282  298   94]
 [  34   35  260]]

 rate=8 and ii =2
Accuracy: 0.755
Macro Precision: 0.694
Macro Recall: 0.716
Macro F1-score: 0.696

[[420  47  28]
 [ 83  83  17]
 [ 11   4  82]]
              precision    recall  f1-score   support

           0       0.82      0.85      0.83       495
           1       0.62      0.45      0.52       183
           2       0.65      0.85      0.73        97

    accuracy                           0.75       775
   macro avg       0.69      0.72      0.70       775
weighted avg       0.75      0.75      0.75       775

158 64.8
58 23.8
28 11.5
1840 64.7
674 23.7
329 11.6
(3087, 57) (3087,) (775, 57) (775,)

semi-SelfTrain Label Accuracy: 0.722
[[1769   25   46]
 [ 584   68   22]
 [ 108    4  217]]
0.7224762574744987 [0.96141304 0.10089021 0.65957447]

 rate=8 and ii =2
Accuracy: 0.759
Macro Precision: 0.772
Macro Recall: 0.587
Macro F1-score: 0.589

[[512   5  12]
 [139  17   4]
 [ 27   0  59]]
              precision    recall  f1-score   support

         0.0       0.76      0.97      0.85       529
         1.0       0.77      0.11      0.19       160
         2.0       0.79      0.69      0.73        86

    accuracy                           0.76       775
   macro avg       0.77      0.59      0.59       775
weighted avg       0.76      0.76      0.70       775

158 64.8
58 23.8
28 11.5
1840 64.7
674 23.7
329 11.6
(3087, 57) (3087,) (775, 57) (775,)

semi-LabelSpread Label Accuracy: 0.668
[[1840    0    0]
 [ 621   53    0]
 [ 323    0    6]]
0.6679563841013014 [1.         0.07863501 0.01823708]

 rate=8 and ii =2
Accuracy: 0.724
Macro Precision: 0.906
Macro Recall: 0.379
Macro F1-score: 0.364

[[544   0   0]
 [146  13   0]
 [ 68   0   4]]
              precision    recall  f1-score   support

         0.0       0.72      1.00      0.84       544
         1.0       1.00      0.08      0.15       159
         2.0       1.00      0.06      0.11        72

    accuracy                           0.72       775
   macro avg       0.91      0.38      0.36       775
weighted avg       0.80      0.72      0.63       775

158 64.8
58 23.8
28 11.5
1840 64.7
674 23.7
329 11.6
(3087, 57) (3087,) (775, 57) (2843,) (2843,)

2 order Label Accuracy: 0.704
[[1671  130   39]
 [ 530  117   27]
 [ 106    9  214]]
0.7041857193105874 [0.90815217 0.1735905  0.65045593]

 rate=8 and ii =2
Accuracy: 0.765
Macro Precision: 0.773
Macro Recall: 0.600
Macro F1-score: 0.616

[[511   8  10]
 [132  27   5]
 [ 27   0  55]]
              precision    recall  f1-score   support

           0       0.76      0.97      0.85       529
           1       0.77      0.16      0.27       164
           2       0.79      0.67      0.72        82

    accuracy                           0.77       775
   macro avg       0.77      0.60      0.62       775
weighted avg       0.77      0.77      0.72       775

158 64.8
58 23.8
28 11.5
1840 64.7
674 23.7
329 11.6
(3087, 57) (3087,) (775, 57) (2843,) (2843,)

3 order Label Accuracy: 0.681
[[1670   47  123]
 [ 543   82   49]
 [ 121   25  183]]
0.6806190643686247 [0.9076087  0.12166172 0.556231  ]

 rate=8 and ii =2
Accuracy: 0.747
Macro Precision: 0.716
Macro Recall: 0.548
Macro F1-score: 0.551

[[516   6  10]
 [134  17  11]
 [ 34   1  46]]
              precision    recall  f1-score   support

           0       0.75      0.97      0.85       532
           1       0.71      0.10      0.18       162
           2       0.69      0.57      0.62        81

    accuracy                           0.75       775
   macro avg       0.72      0.55      0.55       775
weighted avg       0.74      0.75      0.69       775

158 64.8
58 23.8
28 11.5
1840 64.7
674 23.7
329 11.6
(3087, 57) (3087,) (775, 57) (2843,) (2843,)

4 order Label Accuracy: 0.701
[[1734   29   77]
 [ 569   72   33]
 [ 135    6  188]]
0.7013717903622934 [0.9423913  0.10682493 0.57142857]

 rate=8 and ii =2
Accuracy: 0.756
Macro Precision: 0.799
Macro Recall: 0.559
Macro F1-score: 0.566

[[521   2   9]
 [138  16   7]
 [ 33   0  49]]
              precision    recall  f1-score   support

           0       0.75      0.98      0.85       532
           1       0.89      0.10      0.18       161
           2       0.75      0.60      0.67        82

    accuracy                           0.76       775
   macro avg       0.80      0.56      0.57       775
weighted avg       0.78      0.76      0.69       775

Time(sec):  7.972062800000001
nodes = range(self.m)
range(0, 8)
Graph with 8 nodes and 0 edges
3 244 8
L
[[1 1 1 ... 1 1 1]
 [1 1 1 ... 2 1 1]
 [2 1 3 ... 2 3 3]
 ...
 [1 1 1 ... 2 1 1]
 [1 1 3 ... 3 3 3]
 [2 3 2 ... 1 2 2]]
L_ind
[[1. 0. 0. ... 1. 0. 0.]
 [1. 0. 0. ... 1. 0. 0.]
 [0. 1. 0. ... 0. 0. 1.]
 ...
 [1. 0. 0. ... 1. 0. 0.]
 [1. 0. 0. ... 0. 0. 1.]
 [0. 1. 0. ... 0. 1. 0.]]
3 2843 8
L
[[2 1 1 ... 2 1 1]
 [2 1 1 ... 2 2 2]
 [2 1 1 ... 1 1 1]
 ...
 [1 3 3 ... 2 1 2]
 [3 1 3 ... 1 1 1]
 [1 1 1 ... 3 3 3]]
L_ind
[[0. 1. 0. ... 1. 0. 0.]
 [0. 1. 0. ... 0. 1. 0.]
 [0. 1. 0. ... 1. 0. 0.]
 ...
 [1. 0. 0. ... 0. 1. 0.]
 [0. 0. 1. ... 1. 0. 0.]
 [1. 0. 0. ... 0. 0. 1.]]
159 65.2
57 23.4
28 11.5
1839 64.7
675 23.7
329 11.6
(3087, 57) (3087,) (775, 57) (775,)

 SNO Accuracy: 0.575
[[1079  504  256]
 [ 306  300   69]
 [  34   40  255]]

 rate=8 and ii =3
Accuracy: 0.677
Macro Precision: 0.635
Macro Recall: 0.697
Macro F1-score: 0.658

[[329 106  41]
 [ 74 115  12]
 [ 11   6  81]]
              precision    recall  f1-score   support

           0       0.79      0.69      0.74       476
           1       0.51      0.57      0.54       201
           2       0.60      0.83      0.70        98

    accuracy                           0.68       775
   macro avg       0.64      0.70      0.66       775
weighted avg       0.70      0.68      0.68       775

159 65.2
57 23.4
28 11.5
1839 64.7
675 23.7
329 11.6
(3087, 57) (3087,) (775, 57) (775,)

semi-SelfTrain Label Accuracy: 0.718
[[1772   26   41]
 [ 575   84   16]
 [ 130   15  184]]
0.7175518818149842 [0.96356716 0.12444444 0.55927052]

 rate=8 and ii =3
Accuracy: 0.759
Macro Precision: 0.760
Macro Recall: 0.569
Macro F1-score: 0.595

[[518   9   5]
 [140  21   1]
 [ 29   3  49]]
              precision    recall  f1-score   support

         0.0       0.75      0.97      0.85       532
         1.0       0.64      0.13      0.22       162
         2.0       0.89      0.60      0.72        81

    accuracy                           0.76       775
   macro avg       0.76      0.57      0.60       775
weighted avg       0.74      0.76      0.70       775

159 65.2
57 23.4
28 11.5
1839 64.7
675 23.7
329 11.6
(3087, 57) (3087,) (775, 57) (775,)

semi-LabelSpread Label Accuracy: 0.665
[[1839    0    0]
 [ 628   47    0]
 [ 324    0    5]]
0.6651424551530074 [1.         0.06962963 0.01519757]

 rate=8 and ii =3
Accuracy: 0.717
Macro Precision: 0.904
Macro Recall: 0.363
Macro F1-score: 0.333

[[543   0   0]
 [148  12   0]
 [ 71   0   1]]
              precision    recall  f1-score   support

         0.0       0.71      1.00      0.83       543
         1.0       1.00      0.07      0.14       160
         2.0       1.00      0.01      0.03        72

    accuracy                           0.72       775
   macro avg       0.90      0.36      0.33       775
weighted avg       0.80      0.72      0.61       775

159 65.2
57 23.4
28 11.5
1839 64.7
675 23.7
329 11.6
(3087, 57) (3087,) (775, 57) (2843,) (2843,)

2 order Label Accuracy: 0.711
[[1640  149   50]
 [ 488  169   18]
 [  87   29  213]]
0.7112205416813225 [0.89178902 0.25037037 0.64741641]

 rate=8 and ii =3
Accuracy: 0.783
Macro Precision: 0.781
Macro Recall: 0.648
Macro F1-score: 0.681

[[500  15   5]
 [120  48   3]
 [ 17   8  59]]
              precision    recall  f1-score   support

           0       0.78      0.96      0.86       520
           1       0.68      0.28      0.40       171
           2       0.88      0.70      0.78        84

    accuracy                           0.78       775
   macro avg       0.78      0.65      0.68       775
weighted avg       0.77      0.78      0.75       775

159 65.2
57 23.4
28 11.5
1839 64.7
675 23.7
329 11.6
(3087, 57) (3087,) (775, 57) (2843,) (2843,)

3 order Label Accuracy: 0.670
[[1606  112  121]
 [ 530  108   37]
 [  95   42  192]]
0.6704185719310587 [0.87330071 0.16       0.58358663]

 rate=8 and ii =3
Accuracy: 0.764
Macro Precision: 0.743
Macro Recall: 0.598
Macro F1-score: 0.628

[[503  11   8]
 [128  36   3]
 [ 23  10  53]]
              precision    recall  f1-score   support

           0       0.77      0.96      0.86       522
           1       0.63      0.22      0.32       167
           2       0.83      0.62      0.71        86

    accuracy                           0.76       775
   macro avg       0.74      0.60      0.63       775
weighted avg       0.75      0.76      0.72       775

159 65.2
57 23.4
28 11.5
1839 64.7
675 23.7
329 11.6
(3087, 57) (3087,) (775, 57) (2843,) (2843,)

4 order Label Accuracy: 0.700
[[1610  174   55]
 [ 484  176   15]
 [  86   40  203]]
0.6996130847696096 [0.8754758  0.26074074 0.61702128]

 rate=8 and ii =3
Accuracy: 0.773
Macro Precision: 0.783
Macro Recall: 0.630
Macro F1-score: 0.668

[[496  16   4]
 [125  48   2]
 [ 22   7  55]]
              precision    recall  f1-score   support

           0       0.77      0.96      0.86       516
           1       0.68      0.27      0.39       175
           2       0.90      0.65      0.76        84

    accuracy                           0.77       775
   macro avg       0.78      0.63      0.67       775
weighted avg       0.76      0.77      0.74       775

Time(sec):  6.9888233
nodes = range(self.m)
range(0, 8)
Graph with 8 nodes and 0 edges
3 245 8
L
[[2 1 2 ... 1 2 2]
 [2 1 2 ... 1 2 2]
 [1 3 3 ... 1 3 3]
 ...
 [1 1 3 ... 1 3 3]
 [1 1 2 ... 1 2 2]
 [1 1 1 ... 1 1 1]]
L_ind
[[0. 1. 0. ... 0. 1. 0.]
 [0. 1. 0. ... 0. 1. 0.]
 [1. 0. 0. ... 0. 0. 1.]
 ...
 [1. 0. 0. ... 0. 0. 1.]
 [1. 0. 0. ... 0. 1. 0.]
 [1. 0. 0. ... 1. 0. 0.]]
3 2842 8
L
[[2 1 3 ... 1 1 1]
 [1 1 1 ... 1 2 1]
 [1 1 1 ... 1 1 3]
 ...
 [1 1 2 ... 1 2 2]
 [1 1 3 ... 1 3 3]
 [1 1 1 ... 3 3 3]]
L_ind
[[0. 1. 0. ... 1. 0. 0.]
 [1. 0. 0. ... 1. 0. 0.]
 [1. 0. 0. ... 0. 0. 1.]
 ...
 [1. 0. 0. ... 0. 1. 0.]
 [1. 0. 0. ... 0. 0. 1.]
 [1. 0. 0. ... 0. 0. 1.]]
159 64.9
58 23.7
28 11.4
1839 64.7
674 23.7
329 11.6
(3087, 57) (3087,) (775, 57) (775,)

 SNO Accuracy: 0.550
[[1043  453  343]
 [ 278  289  107]
 [  37   61  231]]

 rate=8 and ii =4
Accuracy: 0.703
Macro Precision: 0.631
Macro Recall: 0.674
Macro F1-score: 0.643

[[382  58  47]
 [ 85  86  19]
 [  9  12  77]]
              precision    recall  f1-score   support

           0       0.80      0.78      0.79       487
           1       0.55      0.45      0.50       190
           2       0.54      0.79      0.64        98

    accuracy                           0.70       775
   macro avg       0.63      0.67      0.64       775
weighted avg       0.71      0.70      0.70       775

159 64.9
58 23.7
28 11.4
1839 64.7
674 23.7
329 11.6
(3087, 57) (3087,) (775, 57) (775,)

semi-SelfTrain Label Accuracy: 0.702
[[1700   67   72]
 [ 562   84   28]
 [  95   23  211]]
0.7019704433497537 [0.92441544 0.12462908 0.64133739]

 rate=8 and ii =4
Accuracy: 0.735
Macro Precision: 0.636
Macro Recall: 0.568
Macro F1-score: 0.566

[[499  16  13]
 [142  16   6]
 [ 21   7  55]]
              precision    recall  f1-score   support

         0.0       0.75      0.95      0.84       528
         1.0       0.41      0.10      0.16       164
         2.0       0.74      0.66      0.70        83

    accuracy                           0.74       775
   macro avg       0.64      0.57      0.57       775
weighted avg       0.68      0.74      0.68       775

159 64.9
58 23.7
28 11.4
1839 64.7
674 23.7
329 11.6
(3087, 57) (3087,) (775, 57) (775,)

semi-LabelSpread Label Accuracy: 0.669
[[1839    0    0]
 [ 619   55    0]
 [ 322    0    7]]
0.6688951442646024 [1.         0.08160237 0.0212766 ]

 rate=8 and ii =4
Accuracy: 0.715
Macro Precision: 0.570
Macro Recall: 0.354
Macro F1-score: 0.317

[[544   0   0]
 [149  10   0]
 [ 72   0   0]]
              precision    recall  f1-score   support

         0.0       0.71      1.00      0.83       544
         1.0       1.00      0.06      0.12       159
         2.0       0.00      0.00      0.00        72

    accuracy                           0.71       775
   macro avg       0.57      0.35      0.32       775
weighted avg       0.70      0.71      0.61       775

159 64.9
58 23.7
28 11.4
1839 64.7
674 23.7
329 11.6
(3087, 57) (3087,) (775, 57) (2842,) (2842,)

2 order Label Accuracy: 0.711
[[1664  128   47]
 [ 499  157   18]
 [  92   37  200]]
0.711118930330753 [0.90483959 0.23293769 0.60790274]

 rate=8 and ii =4
Accuracy: 0.770
Macro Precision: 0.748
Macro Recall: 0.605
Macro F1-score: 0.631

[[508   9   7]
 [125  36   6]
 [ 22   9  53]]
              precision    recall  f1-score   support

           0       0.78      0.97      0.86       524
           1       0.67      0.22      0.33       167
           2       0.80      0.63      0.71        84

    accuracy                           0.77       775
   macro avg       0.75      0.61      0.63       775
weighted avg       0.76      0.77      0.73       775

159 64.9
58 23.7
28 11.4
1839 64.7
674 23.7
329 11.6
(3087, 57) (3087,) (775, 57) (2842,) (2842,)

3 order Label Accuracy: 0.698
[[1666  123   50]
 [ 525  124   25]
 [  90   44  195]]
0.6984517945109078 [0.90592713 0.18397626 0.59270517]

 rate=8 and ii =4
Accuracy: 0.757
Macro Precision: 0.707
Macro Recall: 0.586
Macro F1-score: 0.596

[[509   9   8]
 [132  25   9]
 [ 22   8  53]]
              precision    recall  f1-score   support

           0       0.77      0.97      0.86       526
           1       0.60      0.15      0.24       166
           2       0.76      0.64      0.69        83

    accuracy                           0.76       775
   macro avg       0.71      0.59      0.60       775
weighted avg       0.73      0.76      0.71       775

159 64.9
58 23.7
28 11.4
1839 64.7
674 23.7
329 11.6
(3087, 57) (3087,) (775, 57) (2842,) (2842,)

4 order Label Accuracy: 0.711
[[1683   93   63]
 [ 510  140   24]
 [  91   41  197]]
0.7107670654468684 [0.91517129 0.20771513 0.59878419]

 rate=8 and ii =4
Accuracy: 0.768
Macro Precision: 0.745
Macro Recall: 0.580
Macro F1-score: 0.604

[[517   1  10]
 [129  31   5]
 [ 23  12  47]]
              precision    recall  f1-score   support

           0       0.77      0.98      0.86       528
           1       0.70      0.19      0.30       165
           2       0.76      0.57      0.65        82

    accuracy                           0.77       775
   macro avg       0.75      0.58      0.60       775
weighted avg       0.76      0.77      0.72       775

Time(sec):  7.736094
nodes = range(self.m)
range(0, 8)
Graph with 8 nodes and 0 edges
3 245 8
L
[[2 1 2 ... 1 2 2]
 [2 1 2 ... 1 2 2]
 [1 3 3 ... 1 3 3]
 ...
 [1 1 3 ... 1 3 3]
 [1 1 2 ... 1 2 2]
 [1 1 1 ... 1 1 1]]
L_ind
[[0. 1. 0. ... 0. 1. 0.]
 [0. 1. 0. ... 0. 1. 0.]
 [1. 0. 0. ... 0. 0. 1.]
 ...
 [1. 0. 0. ... 0. 0. 1.]
 [1. 0. 0. ... 0. 1. 0.]
 [1. 0. 0. ... 1. 0. 0.]]
3 2842 8
L
[[2 1 3 ... 1 1 1]
 [1 1 1 ... 1 2 1]
 [1 1 1 ... 1 1 3]
 ...
 [1 1 2 ... 1 2 2]
 [1 1 3 ... 1 3 3]
 [1 1 1 ... 3 3 3]]
L_ind
[[0. 1. 0. ... 1. 0. 0.]
 [1. 0. 0. ... 1. 0. 0.]
 [1. 0. 0. ... 0. 0. 1.]
 ...
 [1. 0. 0. ... 0. 1. 0.]
 [1. 0. 0. ... 0. 0. 1.]
 [1. 0. 0. ... 0. 0. 1.]]
159 64.9
58 23.7
28 11.4
1839 64.7
674 23.7
329 11.6
(3087, 57) (3087,) (775, 57) (775,)

 SNO Accuracy: 0.550
[[1043  453  343]
 [ 278  289  107]
 [  37   61  231]]

 rate=8 and ii =4
Accuracy: 0.703
Macro Precision: 0.631
Macro Recall: 0.674
Macro F1-score: 0.643

[[382  58  47]
 [ 85  86  19]
 [  9  12  77]]
              precision    recall  f1-score   support

           0       0.80      0.78      0.79       487
           1       0.55      0.45      0.50       190
           2       0.54      0.79      0.64        98

    accuracy                           0.70       775
   macro avg       0.63      0.67      0.64       775
weighted avg       0.71      0.70      0.70       775

159 64.9
58 23.7
28 11.4
1839 64.7
674 23.7
329 11.6
(3087, 57) (3087,) (775, 57) (775,)

semi-SelfTrain Label Accuracy: 0.702
[[1700   67   72]
 [ 562   84   28]
 [  95   23  211]]
0.7019704433497537 [0.92441544 0.12462908 0.64133739]

 rate=8 and ii =4
Accuracy: 0.735
Macro Precision: 0.636
Macro Recall: 0.568
Macro F1-score: 0.566

[[499  16  13]
 [142  16   6]
 [ 21   7  55]]
              precision    recall  f1-score   support

         0.0       0.75      0.95      0.84       528
         1.0       0.41      0.10      0.16       164
         2.0       0.74      0.66      0.70        83

    accuracy                           0.74       775
   macro avg       0.64      0.57      0.57       775
weighted avg       0.68      0.74      0.68       775

159 64.9
58 23.7
28 11.4
1839 64.7
674 23.7
329 11.6
(3087, 57) (3087,) (775, 57) (775,)

semi-LabelSpread Label Accuracy: 0.669
[[1839    0    0]
 [ 619   55    0]
 [ 322    0    7]]
0.6688951442646024 [1.         0.08160237 0.0212766 ]

 rate=8 and ii =4
Accuracy: 0.715
Macro Precision: 0.570
Macro Recall: 0.354
Macro F1-score: 0.317

[[544   0   0]
 [149  10   0]
 [ 72   0   0]]
              precision    recall  f1-score   support

         0.0       0.71      1.00      0.83       544
         1.0       1.00      0.06      0.12       159
         2.0       0.00      0.00      0.00        72

    accuracy                           0.71       775
   macro avg       0.57      0.35      0.32       775
weighted avg       0.70      0.71      0.61       775

159 64.9
58 23.7
28 11.4
1839 64.7
674 23.7
329 11.6
(3087, 57) (3087,) (775, 57) (2842,) (2842,)

2 order Label Accuracy: 0.711
[[1664  128   47]
 [ 499  157   18]
 [  92   37  200]]
0.711118930330753 [0.90483959 0.23293769 0.60790274]

 rate=8 and ii =4
Accuracy: 0.770
Macro Precision: 0.748
Macro Recall: 0.605
Macro F1-score: 0.631

[[508   9   7]
 [125  36   6]
 [ 22   9  53]]
              precision    recall  f1-score   support

           0       0.78      0.97      0.86       524
           1       0.67      0.22      0.33       167
           2       0.80      0.63      0.71        84

    accuracy                           0.77       775
   macro avg       0.75      0.61      0.63       775
weighted avg       0.76      0.77      0.73       775

159 64.9
58 23.7
28 11.4
1839 64.7
674 23.7
329 11.6
(3087, 57) (3087,) (775, 57) (2842,) (2842,)

3 order Label Accuracy: 0.698
[[1666  123   50]
 [ 525  124   25]
 [  90   44  195]]
0.6984517945109078 [0.90592713 0.18397626 0.59270517]

 rate=8 and ii =4
Accuracy: 0.757
Macro Precision: 0.707
Macro Recall: 0.586
Macro F1-score: 0.596

[[509   9   8]
 [132  25   9]
 [ 22   8  53]]
              precision    recall  f1-score   support

           0       0.77      0.97      0.86       526
           1       0.60      0.15      0.24       166
           2       0.76      0.64      0.69        83

    accuracy                           0.76       775
   macro avg       0.71      0.59      0.60       775
weighted avg       0.73      0.76      0.71       775

159 64.9
58 23.7
28 11.4
1839 64.7
674 23.7
329 11.6
(3087, 57) (3087,) (775, 57) (2842,) (2842,)

4 order Label Accuracy: 0.711
[[1683   93   63]
 [ 510  140   24]
 [  91   41  197]]
0.7107670654468684 [0.91517129 0.20771513 0.59878419]

 rate=8 and ii =4
Accuracy: 0.768
Macro Precision: 0.745
Macro Recall: 0.580
Macro F1-score: 0.604

[[517   1  10]
 [129  31   5]
 [ 23  12  47]]
              precision    recall  f1-score   support

           0       0.77      0.98      0.86       528
           1       0.70      0.19      0.30       165
           2       0.76      0.57      0.65        82

    accuracy                           0.77       775
   macro avg       0.75      0.58      0.60       775
weighted avg       0.76      0.77      0.72       775

Time(sec):  7.8975878
nodes = range(self.m)
range(0, 8)
Graph with 8 nodes and 0 edges
3 244 8
L
[[3 3 3 ... 2 3 3]
 [1 1 1 ... 1 1 1]
 [1 1 1 ... 1 1 1]
 ...
 [1 1 2 ... 1 2 2]
 [1 1 1 ... 1 1 1]
 [1 1 1 ... 1 1 1]]
L_ind
[[0. 0. 1. ... 0. 0. 1.]
 [1. 0. 0. ... 1. 0. 0.]
 [1. 0. 0. ... 1. 0. 0.]
 ...
 [1. 0. 0. ... 0. 1. 0.]
 [1. 0. 0. ... 1. 0. 0.]
 [1. 0. 0. ... 1. 0. 0.]]
3 2843 8
L
[[1 1 1 ... 1 1 1]
 [1 1 1 ... 1 1 1]
 [3 1 1 ... 1 1 1]
 ...
 [3 1 3 ... 3 3 3]
 [1 1 1 ... 3 3 3]
 [1 1 1 ... 3 3 3]]
L_ind
[[1. 0. 0. ... 1. 0. 0.]
 [1. 0. 0. ... 1. 0. 0.]
 [0. 0. 1. ... 1. 0. 0.]
 ...
 [0. 0. 1. ... 0. 0. 1.]
 [1. 0. 0. ... 0. 0. 1.]
 [1. 0. 0. ... 0. 0. 1.]]
159 65.2
57 23.4
28 11.5
1839 64.7
675 23.7
329 11.6
(3087, 57) (3087,) (775, 57) (775,)

 SNO Accuracy: 0.590
[[1135  482  222]
 [ 314  293   68]
 [  33   47  249]]

 rate=8 and ii =5
Accuracy: 0.712
Macro Precision: 0.652
Macro Recall: 0.668
Macro F1-score: 0.658

[[398  68  27]
 [ 95  81  10]
 [ 11  12  73]]
              precision    recall  f1-score   support

           0       0.79      0.81      0.80       493
           1       0.50      0.44      0.47       186
           2       0.66      0.76      0.71        96

    accuracy                           0.71       775
   macro avg       0.65      0.67      0.66       775
weighted avg       0.71      0.71      0.71       775

159 65.2
57 23.4
28 11.5
1839 64.7
675 23.7
329 11.6
(3087, 57) (3087,) (775, 57) (775,)

semi-SelfTrain Label Accuracy: 0.715
[[1798   28   13]
 [ 600   73    2]
 [ 167    1  161]]
0.7147379528666901 [0.97770527 0.10814815 0.4893617 ]

 rate=8 and ii =5
Accuracy: 0.768
Macro Precision: 0.862
Macro Recall: 0.561
Macro F1-score: 0.594

[[527   2   2]
 [137  21   2]
 [ 37   0  47]]
              precision    recall  f1-score   support

         0.0       0.75      0.99      0.86       531
         1.0       0.91      0.13      0.23       160
         2.0       0.92      0.56      0.70        84

    accuracy                           0.77       775
   macro avg       0.86      0.56      0.59       775
weighted avg       0.80      0.77      0.71       775

159 65.2
57 23.4
28 11.5
1839 64.7
675 23.7
329 11.6
(3087, 57) (3087,) (775, 57) (775,)

semi-LabelSpread Label Accuracy: 0.663
[[1839    0    0]
 [ 640   35    0]
 [ 319    0   10]]
0.6626802673232501 [1.         0.05185185 0.03039514]

 rate=8 and ii =5
Accuracy: 0.717
Macro Precision: 0.904
Macro Recall: 0.363
Macro F1-score: 0.333

[[543   0   0]
 [147  12   0]
 [ 72   0   1]]
              precision    recall  f1-score   support

         0.0       0.71      1.00      0.83       543
         1.0       1.00      0.08      0.14       159
         2.0       1.00      0.01      0.03        73

    accuracy                           0.72       775
   macro avg       0.90      0.36      0.33       775
weighted avg       0.80      0.72      0.61       775

159 65.2
57 23.4
28 11.5
1839 64.7
675 23.7
329 11.6
(3087, 57) (3087,) (775, 57) (2843,) (2843,)

2 order Label Accuracy: 0.670
[[1603  190   46]
 [ 557   99   19]
 [ 104   23  202]]
0.6697150896939852 [0.87166939 0.14666667 0.61398176]

 rate=8 and ii =5
Accuracy: 0.739
Macro Precision: 0.699
Macro Recall: 0.567
Macro F1-score: 0.595

[[494  22   7]
 [134  31   3]
 [ 29   7  48]]
              precision    recall  f1-score   support

           0       0.75      0.94      0.84       523
           1       0.52      0.18      0.27       168
           2       0.83      0.57      0.68        84

    accuracy                           0.74       775
   macro avg       0.70      0.57      0.60       775
weighted avg       0.71      0.74      0.70       775

159 65.2
57 23.4
28 11.5
1839 64.7
675 23.7
329 11.6
(3087, 57) (3087,) (775, 57) (2843,) (2843,)

3 order Label Accuracy: 0.655
[[1588  172   79]
 [ 554  101   20]
 [ 118   39  172]]
0.6545902215969047 [0.86351278 0.14962963 0.52279635]

 rate=8 and ii =5
Accuracy: 0.739
Macro Precision: 0.696
Macro Recall: 0.566
Macro F1-score: 0.593

[[495  21   5]
 [137  27   3]
 [ 27   9  51]]
              precision    recall  f1-score   support

           0       0.75      0.95      0.84       521
           1       0.47      0.16      0.24       167
           2       0.86      0.59      0.70        87

    accuracy                           0.74       775
   macro avg       0.70      0.57      0.59       775
weighted avg       0.70      0.74      0.69       775

159 65.2
57 23.4
28 11.5
1839 64.7
675 23.7
329 11.6
(3087, 57) (3087,) (775, 57) (2843,) (2843,)

4 order Label Accuracy: 0.696
[[1687   92   60]
 [ 543  102   30]
 [ 103   35  191]]
0.6964474147027787 [0.91734638 0.15111111 0.58054711]

 rate=8 and ii =5
Accuracy: 0.760
Macro Precision: 0.751
Macro Recall: 0.577
Macro F1-score: 0.594

[[513   6   9]
 [134  22   4]
 [ 29   4  54]]
              precision    recall  f1-score   support

           0       0.76      0.97      0.85       528
           1       0.69      0.14      0.23       160
           2       0.81      0.62      0.70        87

    accuracy                           0.76       775
   macro avg       0.75      0.58      0.59       775
weighted avg       0.75      0.76      0.71       775

Time(sec):  7.3474894
nodes = range(self.m)
range(0, 8)
Graph with 8 nodes and 0 edges
3 246 8
L
[[1 1 1 ... 1 1 1]
 [1 1 2 ... 1 2 2]
 [1 1 1 ... 1 1 1]
 ...
 [1 1 1 ... 1 1 1]
 [1 1 3 ... 3 3 3]
 [1 1 1 ... 1 1 1]]
L_ind
[[1. 0. 0. ... 1. 0. 0.]
 [1. 0. 0. ... 0. 1. 0.]
 [1. 0. 0. ... 1. 0. 0.]
 ...
 [1. 0. 0. ... 1. 0. 0.]
 [1. 0. 0. ... 0. 0. 1.]
 [1. 0. 0. ... 1. 0. 0.]]
3 2841 8
L
[[2 1 1 ... 1 1 1]
 [1 1 1 ... 1 2 2]
 [1 1 1 ... 1 1 1]
 ...
 [1 1 3 ... 1 3 3]
 [1 1 1 ... 3 3 3]
 [1 1 1 ... 3 3 3]]
L_ind
[[0. 1. 0. ... 1. 0. 0.]
 [1. 0. 0. ... 0. 1. 0.]
 [1. 0. 0. ... 1. 0. 0.]
 ...
 [1. 0. 0. ... 0. 0. 1.]
 [1. 0. 0. ... 0. 0. 1.]
 [1. 0. 0. ... 0. 0. 1.]]
160 65.0
58 23.6
28 11.4
1838 64.7
674 23.7
329 11.6
(3087, 57) (3087,) (775, 57) (775,)

 SNO Accuracy: 0.570
[[1066  407  365]
 [ 280  283  111]
 [  30   28  271]]

 rate=8 and ii =6
Accuracy: 0.710
Macro Precision: 0.637
Macro Recall: 0.693
Macro F1-score: 0.649

[[382  58  52]
 [ 76  76  26]
 [  9   4  92]]
              precision    recall  f1-score   support

           0       0.82      0.78      0.80       492
           1       0.55      0.43      0.48       178
           2       0.54      0.88      0.67       105

    accuracy                           0.71       775
   macro avg       0.64      0.69      0.65       775
weighted avg       0.72      0.71      0.71       775

160 65.0
58 23.6
28 11.4
1838 64.7
674 23.7
329 11.6
(3087, 57) (3087,) (775, 57) (775,)

semi-SelfTrain Label Accuracy: 0.706
[[1736   36   66]
 [ 586   56   32]
 [ 116    0  213]]
0.7057374164026751 [0.9445049  0.08308605 0.64741641]

 rate=8 and ii =6
Accuracy: 0.774
Macro Precision: 0.811
Macro Recall: 0.610
Macro F1-score: 0.609

[[518   3   9]
 [136  16   5]
 [ 22   0  66]]
              precision    recall  f1-score   support

         0.0       0.77      0.98      0.86       530
         1.0       0.84      0.10      0.18       157
         2.0       0.82      0.75      0.79        88

    accuracy                           0.77       775
   macro avg       0.81      0.61      0.61       775
weighted avg       0.79      0.77      0.71       775

160 65.0
58 23.6
28 11.4
1838 64.7
674 23.7
329 11.6
(3087, 57) (3087,) (775, 57) (775,)

semi-LabelSpread Label Accuracy: 0.662
[[1838    0    0]
 [ 636   38    0]
 [ 325    0    4]]
0.6617388243576205 [1.         0.05637982 0.01215805]

 rate=8 and ii =6
Accuracy: 0.720
Macro Precision: 0.572
Macro Recall: 0.357
Macro F1-score: 0.322

[[547   0   0]
 [145  11   0]
 [ 72   0   0]]
              precision    recall  f1-score   support

         0.0       0.72      1.00      0.83       547
         1.0       1.00      0.07      0.13       156
         2.0       0.00      0.00      0.00        72

    accuracy                           0.72       775
   macro avg       0.57      0.36      0.32       775
weighted avg       0.71      0.72      0.62       775

160 65.0
58 23.6
28 11.4
1838 64.7
674 23.7
329 11.6
(3087, 57) (3087,) (775, 57) (2841,) (2841,)

2 order Label Accuracy: 0.691
[[1647  129   62]
 [ 544   97   33]
 [  95   16  218]]
0.6906019007391764 [0.8960827  0.14391691 0.66261398]

 rate=8 and ii =6
Accuracy: 0.769
Macro Precision: 0.739
Macro Recall: 0.612
Macro F1-score: 0.617

[[512   9   7]
 [137  19   4]
 [ 18   4  65]]
              precision    recall  f1-score   support

           0       0.77      0.97      0.86       528
           1       0.59      0.12      0.20       160
           2       0.86      0.75      0.80        87

    accuracy                           0.77       775
   macro avg       0.74      0.61      0.62       775
weighted avg       0.74      0.77      0.71       775

160 65.0
58 23.6
28 11.4
1838 64.7
674 23.7
329 11.6
(3087, 57) (3087,) (775, 57) (2841,) (2841,)

3 order Label Accuracy: 0.691
[[1691  112   35]
 [ 567   93   14]
 [ 122   28  179]]
0.6909538894755368 [0.92002176 0.1379822  0.54407295]

 rate=8 and ii =6
Accuracy: 0.754
Macro Precision: 0.721
Macro Recall: 0.562
Macro F1-score: 0.581

[[516  10   6]
 [140  18   2]
 [ 28   5  50]]
              precision    recall  f1-score   support

           0       0.75      0.97      0.85       532
           1       0.55      0.11      0.19       160
           2       0.86      0.60      0.71        83

    accuracy                           0.75       775
   macro avg       0.72      0.56      0.58       775
weighted avg       0.72      0.75      0.70       775

160 65.0
58 23.6
28 11.4
1838 64.7
674 23.7
329 11.6
(3087, 57) (3087,) (775, 57) (2841,) (2841,)

4 order Label Accuracy: 0.680
[[1628  134   76]
 [ 541  102   31]
 [ 108   20  201]]
0.6796902499120028 [0.88574538 0.15133531 0.61094225]

 rate=8 and ii =6
Accuracy: 0.765
Macro Precision: 0.751
Macro Recall: 0.596
Macro F1-score: 0.608

[[514   8   7]
 [138  19   3]
 [ 23   3  60]]
              precision    recall  f1-score   support

           0       0.76      0.97      0.85       529
           1       0.63      0.12      0.20       160
           2       0.86      0.70      0.77        86

    accuracy                           0.77       775
   macro avg       0.75      0.60      0.61       775
weighted avg       0.75      0.77      0.71       775

Time(sec):  7.7891844
nodes = range(self.m)
range(0, 8)
Graph with 8 nodes and 0 edges
3 245 8
L
[[1 1 1 ... 1 1 1]
 [1 1 3 ... 1 3 3]
 [1 1 3 ... 1 3 3]
 ...
 [1 1 2 ... 1 2 2]
 [1 1 2 ... 1 2 2]
 [1 1 1 ... 1 1 1]]
L_ind
[[1. 0. 0. ... 1. 0. 0.]
 [1. 0. 0. ... 0. 0. 1.]
 [1. 0. 0. ... 0. 0. 1.]
 ...
 [1. 0. 0. ... 0. 1. 0.]
 [1. 0. 0. ... 0. 1. 0.]
 [1. 0. 0. ... 1. 0. 0.]]
3 2842 8
L
[[1 1 1 ... 2 1 1]
 [1 1 1 ... 1 1 1]
 [2 1 3 ... 1 1 3]
 ...
 [1 1 1 ... 1 1 1]
 [1 1 1 ... 1 3 3]
 [1 1 1 ... 3 3 3]]
L_ind
[[1. 0. 0. ... 1. 0. 0.]
 [1. 0. 0. ... 1. 0. 0.]
 [0. 1. 0. ... 0. 0. 1.]
 ...
 [1. 0. 0. ... 1. 0. 0.]
 [1. 0. 0. ... 0. 0. 1.]
 [1. 0. 0. ... 0. 0. 1.]]
159 64.9
58 23.7
28 11.4
1839 64.7
674 23.7
329 11.6
(3087, 57) (3087,) (775, 57) (775,)

 SNO Accuracy: 0.564
[[1089  523  227]
 [ 317  286   71]
 [  44   56  229]]

 rate=8 and ii =7
Accuracy: 0.716
Macro Precision: 0.656
Macro Recall: 0.701
Macro F1-score: 0.674

[[375  73  38]
 [ 76  96  14]
 [  9  10  84]]
              precision    recall  f1-score   support

           0       0.82      0.77      0.79       486
           1       0.54      0.52      0.53       186
           2       0.62      0.82      0.70       103

    accuracy                           0.72       775
   macro avg       0.66      0.70      0.67       775
weighted avg       0.72      0.72      0.72       775

159 64.9
58 23.7
28 11.4
1839 64.7
674 23.7
329 11.6
(3087, 57) (3087,) (775, 57) (775,)

semi-SelfTrain Label Accuracy: 0.676
[[1708  121   10]
 [ 567  103    4]
 [ 191   29  109]]
0.6755805770584096 [0.92876563 0.15281899 0.33130699]

 rate=8 and ii =7
Accuracy: 0.720
Macro Precision: 0.717
Macro Recall: 0.482
Macro F1-score: 0.523

[[501  29   1]
 [132  33   0]
 [ 44  11  24]]
              precision    recall  f1-score   support

         0.0       0.74      0.94      0.83       531
         1.0       0.45      0.20      0.28       165
         2.0       0.96      0.30      0.46        79

    accuracy                           0.72       775
   macro avg       0.72      0.48      0.52       775
weighted avg       0.70      0.72      0.67       775

159 64.9
58 23.7
28 11.4
1839 64.7
674 23.7
329 11.6
(3087, 57) (3087,) (775, 57) (775,)

semi-LabelSpread Label Accuracy: 0.663
[[1839    0    0]
 [ 630   44    0]
 [ 328    0    1]]
0.6629134412385644 [1.         0.0652819  0.00303951]

 rate=8 and ii =7
Accuracy: 0.719
Macro Precision: 0.572
Macro Recall: 0.355
Macro F1-score: 0.318

[[547   0   0]
 [146  10   0]
 [ 72   0   0]]
              precision    recall  f1-score   support

         0.0       0.72      1.00      0.83       547
         1.0       1.00      0.06      0.12       156
         2.0       0.00      0.00      0.00        72

    accuracy                           0.72       775
   macro avg       0.57      0.35      0.32       775
weighted avg       0.71      0.72      0.61       775

159 64.9
58 23.7
28 11.4
1839 64.7
674 23.7
329 11.6
(3087, 57) (3087,) (775, 57) (2842,) (2842,)

2 order Label Accuracy: 0.690
[[1626  150   63]
 [ 492  150   32]
 [ 120   23  186]]
0.6903589021815623 [0.88417618 0.22255193 0.56534954]

 rate=8 and ii =7
Accuracy: 0.774
Macro Precision: 0.779
Macro Recall: 0.611
Macro F1-score: 0.648

[[505  12   8]
 [119  42   3]
 [ 30   3  53]]
              precision    recall  f1-score   support

           0       0.77      0.96      0.86       525
           1       0.74      0.26      0.38       164
           2       0.83      0.62      0.71        86

    accuracy                           0.77       775
   macro avg       0.78      0.61      0.65       775
weighted avg       0.77      0.77      0.74       775

159 64.9
58 23.7
28 11.4
1839 64.7
674 23.7
329 11.6
(3087, 57) (3087,) (775, 57) (2842,) (2842,)

3 order Label Accuracy: 0.663
[[1615  152   72]
 [ 529  112   33]
 [ 145   27  157]]
0.6629134412385644 [0.87819467 0.16617211 0.47720365]

 rate=8 and ii =7
Accuracy: 0.750
Macro Precision: 0.743
Macro Recall: 0.552
Macro F1-score: 0.580

[[510  10   8]
 [132  27   4]
 [ 38   2  44]]
              precision    recall  f1-score   support

           0       0.75      0.97      0.84       528
           1       0.69      0.17      0.27       163
           2       0.79      0.52      0.63        84

    accuracy                           0.75       775
   macro avg       0.74      0.55      0.58       775
weighted avg       0.74      0.75      0.70       775

159 64.9
58 23.7
28 11.4
1839 64.7
674 23.7
329 11.6
(3087, 57) (3087,) (775, 57) (2842,) (2842,)

4 order Label Accuracy: 0.665
[[1613  178   48]
 [ 530  116   28]
 [ 117   52  160]]
0.6646727656579874 [0.87710712 0.17210682 0.48632219]

 rate=8 and ii =7
Accuracy: 0.751
Macro Precision: 0.755
Macro Recall: 0.559
Macro F1-score: 0.601

[[507  18   3]
 [132  33   1]
 [ 35   4  42]]
              precision    recall  f1-score   support

           0       0.75      0.96      0.84       528
           1       0.60      0.20      0.30       166
           2       0.91      0.52      0.66        81

    accuracy                           0.75       775
   macro avg       0.76      0.56      0.60       775
weighted avg       0.74      0.75      0.71       775

Time(sec):  8.364550999999999
nodes = range(self.m)
range(0, 8)
Graph with 8 nodes and 0 edges
3 245 8
L
[[2 1 1 ... 1 1 1]
 [1 1 1 ... 1 1 1]
 [2 1 2 ... 1 2 2]
 ...
 [1 1 1 ... 1 1 1]
 [1 1 1 ... 1 1 1]
 [2 1 3 ... 1 3 3]]
L_ind
[[0. 1. 0. ... 1. 0. 0.]
 [1. 0. 0. ... 1. 0. 0.]
 [0. 1. 0. ... 0. 1. 0.]
 ...
 [1. 0. 0. ... 1. 0. 0.]
 [1. 0. 0. ... 1. 0. 0.]
 [0. 1. 0. ... 0. 0. 1.]]
3 2842 8
L
[[1 1 1 ... 1 1 2]
 [1 1 1 ... 1 1 1]
 [1 1 1 ... 3 1 1]
 ...
 [3 1 3 ... 1 3 3]
 [1 1 1 ... 3 3 3]
 [2 1 1 ... 3 3 3]]
L_ind
[[1. 0. 0. ... 0. 1. 0.]
 [1. 0. 0. ... 1. 0. 0.]
 [1. 0. 0. ... 1. 0. 0.]
 ...
 [0. 0. 1. ... 0. 0. 1.]
 [1. 0. 0. ... 0. 0. 1.]
 [0. 1. 0. ... 0. 0. 1.]]
159 64.9
58 23.7
28 11.4
1839 64.7
674 23.7
329 11.6
(3087, 57) (3087,) (775, 57) (775,)

 SNO Accuracy: 0.584
[[1154  386  299]
 [ 348  243   83]
 [  37   30  262]]

 rate=8 and ii =8
Accuracy: 0.742
Macro Precision: 0.666
Macro Recall: 0.692
Macro F1-score: 0.666

[[425  41  38]
 [ 89  67  17]
 [  8   7  83]]
              precision    recall  f1-score   support

           0       0.81      0.84      0.83       504
           1       0.58      0.39      0.47       173
           2       0.60      0.85      0.70        98

    accuracy                           0.74       775
   macro avg       0.67      0.69      0.67       775
weighted avg       0.74      0.74      0.73       775

159 64.9
58 23.7
28 11.4
1839 64.7
674 23.7
329 11.6
(3087, 57) (3087,) (775, 57) (775,)

semi-SelfTrain Label Accuracy: 0.729
[[1784    1   54]
 [ 569   79   26]
 [ 120    0  209]]
0.729064039408867 [0.97009244 0.11721068 0.63525836]

 rate=8 and ii =8
Accuracy: 0.775
Macro Precision: 0.850
Macro Recall: 0.601
Macro F1-score: 0.611

[[521   0  10]
 [131  22   6]
 [ 27   0  58]]
              precision    recall  f1-score   support

         0.0       0.77      0.98      0.86       531
         1.0       1.00      0.14      0.24       159
         2.0       0.78      0.68      0.73        85

    accuracy                           0.78       775
   macro avg       0.85      0.60      0.61       775
weighted avg       0.82      0.78      0.72       775

159 64.9
58 23.7
28 11.4
1839 64.7
674 23.7
329 11.6
(3087, 57) (3087,) (775, 57) (775,)

semi-LabelSpread Label Accuracy: 0.664
[[1839    0    0]
 [ 637   37    0]
 [ 318    0   11]]
0.6639690358902182 [1.         0.05489614 0.03343465]

 rate=8 and ii =8
Accuracy: 0.717
Macro Precision: 0.571
Macro Recall: 0.357
Macro F1-score: 0.321

[[545   0   0]
 [147  11   0]
 [ 72   0   0]]
              precision    recall  f1-score   support

         0.0       0.71      1.00      0.83       545
         1.0       1.00      0.07      0.13       158
         2.0       0.00      0.00      0.00        72

    accuracy                           0.72       775
   macro avg       0.57      0.36      0.32       775
weighted avg       0.71      0.72      0.61       775

159 64.9
58 23.7
28 11.4
1839 64.7
674 23.7
329 11.6
(3087, 57) (3087,) (775, 57) (2842,) (2842,)

2 order Label Accuracy: 0.701
[[1623  140   76]
 [ 502  147   25]
 [  85   21  223]]
0.7012667135819846 [0.88254486 0.21810089 0.67781155]

 rate=8 and ii =8
Accuracy: 0.777
Macro Precision: 0.756
Macro Recall: 0.636
Macro F1-score: 0.654

[[502  11  12]
 [122  38   4]
 [ 18   6  62]]
              precision    recall  f1-score   support

           0       0.78      0.96      0.86       525
           1       0.69      0.23      0.35       164
           2       0.79      0.72      0.76        86

    accuracy                           0.78       775
   macro avg       0.76      0.64      0.65       775
weighted avg       0.76      0.78      0.74       775

159 64.9
58 23.7
28 11.4
1839 64.7
674 23.7
329 11.6
(3087, 57) (3087,) (775, 57) (2842,) (2842,)

3 order Label Accuracy: 0.681
[[1632   54  153]
 [ 546   81   47]
 [  87   21  221]]
0.6805066854327938 [0.88743883 0.12017804 0.67173252]

 rate=8 and ii =8
Accuracy: 0.764
Macro Precision: 0.792
Macro Recall: 0.609
Macro F1-score: 0.590

[[508   1  17]
 [135  15   9]
 [ 20   1  69]]
              precision    recall  f1-score   support

           0       0.77      0.97      0.85       526
           1       0.88      0.09      0.17       159
           2       0.73      0.77      0.75        90

    accuracy                           0.76       775
   macro avg       0.79      0.61      0.59       775
weighted avg       0.79      0.76      0.70       775

159 64.9
58 23.7
28 11.4
1839 64.7
674 23.7
329 11.6
(3087, 57) (3087,) (775, 57) (2842,) (2842,)

4 order Label Accuracy: 0.717
[[1766   38   35]
 [ 578   80   16]
 [ 128    9  192]]
0.717100633356791 [0.96030451 0.11869436 0.58358663]

 rate=8 and ii =8
Accuracy: 0.766
Macro Precision: 0.840
Macro Recall: 0.562
Macro F1-score: 0.588

[[527   1   6]
 [137  20   2]
 [ 34   1  47]]
              precision    recall  f1-score   support

           0       0.76      0.99      0.86       534
           1       0.91      0.13      0.22       159
           2       0.85      0.57      0.69        82

    accuracy                           0.77       775
   macro avg       0.84      0.56      0.59       775
weighted avg       0.80      0.77      0.71       775

Time(sec):  8.0053584
nodes = range(self.m)
range(0, 8)
Graph with 8 nodes and 0 edges
3 244 8
L
[[1 1 3 ... 1 3 3]
 [1 1 1 ... 1 1 1]
 [1 1 1 ... 1 1 1]
 ...
 [1 1 1 ... 1 1 1]
 [1 1 1 ... 1 1 1]
 [1 1 1 ... 1 1 1]]
L_ind
[[1. 0. 0. ... 0. 0. 1.]
 [1. 0. 0. ... 1. 0. 0.]
 [1. 0. 0. ... 1. 0. 0.]
 ...
 [1. 0. 0. ... 1. 0. 0.]
 [1. 0. 0. ... 1. 0. 0.]
 [1. 0. 0. ... 1. 0. 0.]]
3 2843 8
L
[[1 1 3 ... 1 1 1]
 [1 1 1 ... 1 1 1]
 [1 1 1 ... 1 2 2]
 ...
 [3 1 3 ... 3 3 3]
 [1 1 1 ... 3 3 3]
 [1 1 1 ... 3 3 3]]
L_ind
[[1. 0. 0. ... 1. 0. 0.]
 [1. 0. 0. ... 1. 0. 0.]
 [1. 0. 0. ... 0. 1. 0.]
 ...
 [0. 0. 1. ... 0. 0. 1.]
 [1. 0. 0. ... 0. 0. 1.]
 [1. 0. 0. ... 0. 0. 1.]]
159 65.2
57 23.4
28 11.5
1839 64.7
675 23.7
329 11.6
(3087, 57) (3087,) (775, 57) (775,)

 SNO Accuracy: 0.569
[[1086  381  372]
 [ 315  262   98]
 [  35   25  269]]

 rate=8 and ii =9
Accuracy: 0.726
Macro Precision: 0.656
Macro Recall: 0.696
Macro F1-score: 0.657

[[405  43  51]
 [ 87  70  19]
 [  9   3  88]]
              precision    recall  f1-score   support

           0       0.81      0.81      0.81       499
           1       0.60      0.40      0.48       176
           2       0.56      0.88      0.68       100

    accuracy                           0.73       775
   macro avg       0.66      0.70      0.66       775
weighted avg       0.73      0.73      0.72       775

159 65.2
57 23.4
28 11.5
1839 64.7
675 23.7
329 11.6
(3087, 57) (3087,) (775, 57) (775,)

semi-SelfTrain Label Accuracy: 0.719
[[1766    3   70]
 [ 599   47   29]
 [  99    0  230]]
0.7186071051705945 [0.96030451 0.06962963 0.69908815]

 rate=8 and ii =9
Accuracy: 0.766
Macro Precision: 0.847
Macro Recall: 0.601
Macro F1-score: 0.587

[[515   0  13]
 [140  12   6]
 [ 22   0  67]]
              precision    recall  f1-score   support

         0.0       0.76      0.98      0.85       528
         1.0       1.00      0.08      0.14       158
         2.0       0.78      0.75      0.77        89

    accuracy                           0.77       775
   macro avg       0.85      0.60      0.59       775
weighted avg       0.81      0.77      0.70       775

159 65.2
57 23.4
28 11.5
1839 64.7
675 23.7
329 11.6
(3087, 57) (3087,) (775, 57) (775,)

semi-LabelSpread Label Accuracy: 0.664
[[1839    0    0]
 [ 630   45    0]
 [ 326    0    3]]
0.6637354906788604 [1.         0.06666667 0.00911854]

 rate=8 and ii =9
Accuracy: 0.719
Macro Precision: 0.571
Macro Recall: 0.359
Macro F1-score: 0.325

[[545   0   0]
 [146  12   0]
 [ 72   0   0]]
              precision    recall  f1-score   support

         0.0       0.71      1.00      0.83       545
         1.0       1.00      0.08      0.14       158
         2.0       0.00      0.00      0.00        72

    accuracy                           0.72       775
   macro avg       0.57      0.36      0.32       775
weighted avg       0.71      0.72      0.61       775

159 65.2
57 23.4
28 11.5
1839 64.7
675 23.7
329 11.6
(3087, 57) (3087,) (775, 57) (2843,) (2843,)

2 order Label Accuracy: 0.705
[[1684   94   61]
 [ 555  101   19]
 [  88   22  219]]
0.7048892015476609 [0.91571506 0.14962963 0.6656535 ]

 rate=8 and ii =9
Accuracy: 0.772
Macro Precision: 0.780
Macro Recall: 0.618
Macro F1-score: 0.623

[[510   6  11]
 [134  22   4]
 [ 21   1  66]]
              precision    recall  f1-score   support

           0       0.77      0.97      0.86       527
           1       0.76      0.14      0.23       160
           2       0.81      0.75      0.78        88

    accuracy                           0.77       775
   macro avg       0.78      0.62      0.62       775
weighted avg       0.77      0.77      0.72       775

159 65.2
57 23.4
28 11.5
1839 64.7
675 23.7
329 11.6
(3087, 57) (3087,) (775, 57) (2843,) (2843,)

3 order Label Accuracy: 0.685
[[1661   90   88]
 [ 557   78   40]
 [ 100   21  208]]
0.6848399577910658 [0.90320827 0.11555556 0.63221884]

 rate=8 and ii =9
Accuracy: 0.760
Macro Precision: 0.731
Macro Recall: 0.589
Macro F1-score: 0.586

[[510   5  12]
 [131  18  10]
 [ 25   3  61]]
              precision    recall  f1-score   support

           0       0.77      0.97      0.85       527
           1       0.69      0.11      0.19       159
           2       0.73      0.69      0.71        89

    accuracy                           0.76       775
   macro avg       0.73      0.59      0.59       775
weighted avg       0.75      0.76      0.70       775

159 65.2
57 23.4
28 11.5
1839 64.7
675 23.7
329 11.6
(3087, 57) (3087,) (775, 57) (2843,) (2843,)

4 order Label Accuracy: 0.668
[[1633  158   48]
 [ 553  106   16]
 [ 131   37  161]]
0.6683081252198382 [0.8879826  0.15703704 0.4893617 ]

 rate=8 and ii =9
Accuracy: 0.754
Macro Precision: 0.749
Macro Recall: 0.565
Macro F1-score: 0.595

[[508  11   8]
 [130  31   4]
 [ 36   2  45]]
              precision    recall  f1-score   support

           0       0.75      0.96      0.85       527
           1       0.70      0.19      0.30       165
           2       0.79      0.54      0.64        83

    accuracy                           0.75       775
   macro avg       0.75      0.56      0.60       775
weighted avg       0.75      0.75      0.71       775

Time(sec):  7.3265052
nodes = range(self.m)
range(0, 8)
Graph with 8 nodes and 0 edges
3 242 8
L
[[1 1 1 ... 1 1 1]
 [1 1 2 ... 1 2 2]
 [1 1 1 ... 1 1 1]
 ...
 [2 1 1 ... 1 1 1]
 [3 2 3 ... 1 3 3]
 [1 1 1 ... 1 1 1]]
L_ind
[[1. 0. 0. ... 1. 0. 0.]
 [1. 0. 0. ... 0. 1. 0.]
 [1. 0. 0. ... 1. 0. 0.]
 ...
 [0. 1. 0. ... 1. 0. 0.]
 [0. 0. 1. ... 0. 0. 1.]
 [1. 0. 0. ... 1. 0. 0.]]
3 2845 8
L
[[1 1 3 ... 1 1 1]
 [1 1 1 ... 1 1 1]
 [2 1 2 ... 1 1 3]
 ...
 [1 1 3 ... 3 3 3]
 [1 1 1 ... 3 3 3]
 [1 1 1 ... 3 3 3]]
L_ind
[[1. 0. 0. ... 1. 0. 0.]
 [1. 0. 0. ... 1. 0. 0.]
 [0. 1. 0. ... 0. 0. 1.]
 ...
 [1. 0. 0. ... 0. 0. 1.]
 [1. 0. 0. ... 0. 0. 1.]
 [1. 0. 0. ... 0. 0. 1.]]
157 64.9
57 23.6
28 11.6
1841 64.7
675 23.7
329 11.6
(3087, 57) (3087,) (775, 57) (775,)

 SNO Accuracy: 0.609
[[1180  360  301]
 [ 318  280   77]
 [  27   29  273]]

 rate=8 and ii =10
Accuracy: 0.721
Macro Precision: 0.660
Macro Recall: 0.713
Macro F1-score: 0.672

[[375  55  56]
 [ 72  87  20]
 [  9   4  97]]
              precision    recall  f1-score   support

           0       0.82      0.77      0.80       486
           1       0.60      0.49      0.54       179
           2       0.56      0.88      0.69       110

    accuracy                           0.72       775
   macro avg       0.66      0.71      0.67       775
weighted avg       0.73      0.72      0.72       775

157 64.9
57 23.6
28 11.6
1841 64.7
675 23.7
329 11.6
(3087, 57) (3087,) (775, 57) (775,)

semi-SelfTrain Label Accuracy: 0.715
[[1728   48   65]
 [ 569   71   35]
 [  89    5  235]]
0.7149384885764499 [0.93862032 0.10518519 0.71428571]

 rate=8 and ii =10
Accuracy: 0.752
Macro Precision: 0.742
Macro Recall: 0.596
Macro F1-score: 0.590

[[501   7  14]
 [139  18   7]
 [ 25   0  64]]
              precision    recall  f1-score   support

         0.0       0.75      0.96      0.84       522
         1.0       0.72      0.11      0.19       164
         2.0       0.75      0.72      0.74        89

    accuracy                           0.75       775
   macro avg       0.74      0.60      0.59       775
weighted avg       0.75      0.75      0.69       775

157 64.9
57 23.6
28 11.6
1841 64.7
675 23.7
329 11.6
(3087, 57) (3087,) (775, 57) (775,)

semi-LabelSpread Label Accuracy: 0.665
[[1841    0    0]
 [ 628   47    0]
 [ 324    0    5]]
0.665377855887522 [1.         0.06962963 0.01519757]

 rate=8 and ii =10
Accuracy: 0.717
Macro Precision: 0.571
Macro Recall: 0.355
Macro F1-score: 0.318

[[546   0   0]
 [147  10   0]
 [ 72   0   0]]
              precision    recall  f1-score   support

         0.0       0.71      1.00      0.83       546
         1.0       1.00      0.06      0.12       157
         2.0       0.00      0.00      0.00        72

    accuracy                           0.72       775
   macro avg       0.57      0.35      0.32       775
weighted avg       0.71      0.72      0.61       775

157 64.9
57 23.6
28 11.6
1841 64.7
675 23.7
329 11.6
(3087, 57) (3087,) (775, 57) (2845,) (2845,)

2 order Label Accuracy: 0.685
[[1572  171   98]
 [ 498  137   40]
 [  70   19  240]]
0.6850615114235501 [0.85388376 0.20296296 0.72948328]

 rate=8 and ii =10
Accuracy: 0.757
Macro Precision: 0.715
Macro Recall: 0.622
Macro F1-score: 0.632

[[485  18  16]
 [118  37   9]
 [ 25   2  65]]
              precision    recall  f1-score   support

           0       0.77      0.93      0.85       519
           1       0.65      0.23      0.33       164
           2       0.72      0.71      0.71        92

    accuracy                           0.76       775
   macro avg       0.71      0.62      0.63       775
weighted avg       0.74      0.76      0.72       775

157 64.9
57 23.6
28 11.6
1841 64.7
675 23.7
329 11.6
(3087, 57) (3087,) (775, 57) (2845,) (2845,)

3 order Label Accuracy: 0.664
[[1562  179  100]
 [ 526  114   35]
 [  70   47  212]]
0.6636203866432338 [0.84845193 0.16888889 0.6443769 ]

 rate=8 and ii =10
Accuracy: 0.741
Macro Precision: 0.672
Macro Recall: 0.608
Macro F1-score: 0.609

[[477  20  22]
 [123  35   9]
 [ 22   5  62]]
              precision    recall  f1-score   support

           0       0.77      0.92      0.84       519
           1       0.58      0.21      0.31       167
           2       0.67      0.70      0.68        89

    accuracy                           0.74       775
   macro avg       0.67      0.61      0.61       775
weighted avg       0.72      0.74      0.70       775

157 64.9
57 23.6
28 11.6
1841 64.7
675 23.7
329 11.6
(3087, 57) (3087,) (775, 57) (2845,) (2845,)

4 order Label Accuracy: 0.670
[[1573  184   84]
 [ 519  113   43]
 [  67   43  219]]
0.6695957820738138 [0.85442694 0.16740741 0.6656535 ]

 rate=8 and ii =10
Accuracy: 0.752
Macro Precision: 0.708
Macro Recall: 0.627
Macro F1-score: 0.638

[[479  24  16]
 [122  39   5]
 [ 23   2  65]]
              precision    recall  f1-score   support

           0       0.77      0.92      0.84       519
           1       0.60      0.23      0.34       166
           2       0.76      0.72      0.74        90

    accuracy                           0.75       775
   macro avg       0.71      0.63      0.64       775
weighted avg       0.73      0.75      0.72       775

Time(sec):  7.5806792000000005
