nodes = range(self.m)
range(0, 8)
Graph with 8 nodes and 0 edges
3 215 8
L
[[1 1 3 ... 1 3 3]
 [1 1 1 ... 1 1 1]
 [1 1 2 ... 3 2 2]
 ...
 [1 1 1 ... 1 1 1]
 [1 1 1 ... 1 1 1]
 [1 1 1 ... 1 1 1]]
L_ind
[[1. 0. 0. ... 0. 0. 1.]
 [1. 0. 0. ... 1. 0. 0.]
 [1. 0. 0. ... 0. 1. 0.]
 ...
 [1. 0. 0. ... 1. 0. 0.]
 [1. 0. 0. ... 1. 0. 0.]
 [1. 0. 0. ... 1. 0. 0.]]
3 2872 8
L
[[1 1 3 ... 1 1 1]
 [1 1 1 ... 1 1 1]
 [1 1 1 ... 1 1 1]
 ...
 [1 1 3 ... 1 1 1]
 [1 1 1 ... 3 3 3]
 [1 1 1 ... 3 3 3]]
L_ind
[[1. 0. 0. ... 1. 0. 0.]
 [1. 0. 0. ... 1. 0. 0.]
 [1. 0. 0. ... 1. 0. 0.]
 ...
 [1. 0. 0. ... 1. 0. 0.]
 [1. 0. 0. ... 0. 0. 1.]
 [1. 0. 0. ... 0. 0. 1.]]
139 64.7
51 23.7
25 11.6
1859 64.7
681 23.7
332 11.6
(3087, 57) (3087,) (775, 57) (775,)

 SNO Accuracy: 0.551
[[1034  500  325]
 [ 311  281   89]
 [  28   37  267]]

 rate=7 and ii =1
Accuracy: 0.695
Macro Precision: 0.640
Macro Recall: 0.707
Macro F1-score: 0.663

[[351  82  44]
 [ 79  99  19]
 [  7   5  89]]
              precision    recall  f1-score   support

           0       0.80      0.74      0.77       477
           1       0.53      0.50      0.52       197
           2       0.59      0.88      0.70       101

    accuracy                           0.70       775
   macro avg       0.64      0.71      0.66       775
weighted avg       0.71      0.70      0.70       775

139 64.7
51 23.7
25 11.6
1859 64.7
681 23.7
332 11.6
(3087, 57) (3087,) (775, 57) (775,)

semi-SelfTrain Label Accuracy: 0.698
[[1727    8  124]
 [ 600   33   48]
 [  88    0  244]]
0.6977715877437326 [0.92899408 0.04845815 0.73493976]

 rate=7 and ii =1
Accuracy: 0.759
Macro Precision: 0.811
Macro Recall: 0.601
Macro F1-score: 0.577

[[507   0  22]
 [132  15  11]
 [ 22   0  66]]
              precision    recall  f1-score   support

         0.0       0.77      0.96      0.85       529
         1.0       1.00      0.09      0.17       158
         2.0       0.67      0.75      0.71        88

    accuracy                           0.76       775
   macro avg       0.81      0.60      0.58       775
weighted avg       0.80      0.76      0.70       775

139 64.7
51 23.7
25 11.6
1859 64.7
681 23.7
332 11.6
(3087, 57) (3087,) (775, 57) (775,)

semi-LabelSpread Label Accuracy: 0.661
[[1859    0    0]
 [ 648   33    0]
 [ 326    0    6]]
0.6608635097493036 [1.         0.04845815 0.01807229]

 rate=7 and ii =1
Accuracy: 0.723
Macro Precision: 0.572
Macro Recall: 0.365
Macro F1-score: 0.336

[[545   0   0]
 [143  15   0]
 [ 72   0   0]]
              precision    recall  f1-score   support

         0.0       0.72      1.00      0.84       545
         1.0       1.00      0.09      0.17       158
         2.0       0.00      0.00      0.00        72

    accuracy                           0.72       775
   macro avg       0.57      0.36      0.34       775
weighted avg       0.71      0.72      0.62       775

139 64.7
51 23.7
25 11.6
1859 64.7
681 23.7
332 11.6
(3087, 57) (3087,) (775, 57) (2872,) (2872,)

2 order Label Accuracy: 0.690
[[1670  118   71]
 [ 572   78   31]
 [  85   12  235]]
0.6904596100278552 [0.89833244 0.11453744 0.70783133]

 rate=7 and ii =1
Accuracy: 0.768
Macro Precision: 0.770
Macro Recall: 0.626
Macro F1-score: 0.633

[[502   9  12]
 [131  29   6]
 [ 22   0  64]]
              precision    recall  f1-score   support

           0       0.77      0.96      0.85       523
           1       0.76      0.17      0.28       166
           2       0.78      0.74      0.76        86

    accuracy                           0.77       775
   macro avg       0.77      0.63      0.63       775
weighted avg       0.77      0.77      0.72       775

139 64.7
51 23.7
25 11.6
1859 64.7
681 23.7
332 11.6
(3087, 57) (3087,) (775, 57) (2872,) (2872,)

3 order Label Accuracy: 0.674
[[1640  153   66]
 [ 570   99   12]
 [ 114   21  197]]
0.6740947075208914 [0.88219473 0.14537445 0.59337349]

 rate=7 and ii =1
Accuracy: 0.756
Macro Precision: 0.754
Macro Recall: 0.592
Macro F1-score: 0.622

[[500  16   8]
 [131  34   2]
 [ 31   1  52]]
              precision    recall  f1-score   support

           0       0.76      0.95      0.84       524
           1       0.67      0.20      0.31       167
           2       0.84      0.62      0.71        84

    accuracy                           0.76       775
   macro avg       0.75      0.59      0.62       775
weighted avg       0.75      0.76      0.71       775

139 64.7
51 23.7
25 11.6
1859 64.7
681 23.7
332 11.6
(3087, 57) (3087,) (775, 57) (2872,) (2872,)

4 order Label Accuracy: 0.656
[[1591  168  100]
 [ 552   96   33]
 [  74   62  196]]
0.6556406685236769 [0.85583647 0.14096916 0.59036145]

 rate=7 and ii =1
Accuracy: 0.754
Macro Precision: 0.722
Macro Recall: 0.600
Macro F1-score: 0.625

[[493  16  11]
 [131  37   2]
 [ 22   9  54]]
              precision    recall  f1-score   support

           0       0.76      0.95      0.85       520
           1       0.60      0.22      0.32       170
           2       0.81      0.64      0.71        85

    accuracy                           0.75       775
   macro avg       0.72      0.60      0.63       775
weighted avg       0.73      0.75      0.72       775

Time(sec):  7.095500600000001
nodes = range(self.m)
range(0, 8)
Graph with 8 nodes and 0 edges
3 216 8
L
[[1 1 1 ... 1 1 1]
 [2 1 3 ... 1 3 3]
 [1 1 1 ... 1 1 1]
 ...
 [1 1 1 ... 1 1 1]
 [1 1 1 ... 1 1 1]
 [1 1 1 ... 1 1 1]]
L_ind
[[1. 0. 0. ... 1. 0. 0.]
 [0. 1. 0. ... 0. 0. 1.]
 [1. 0. 0. ... 1. 0. 0.]
 ...
 [1. 0. 0. ... 1. 0. 0.]
 [1. 0. 0. ... 1. 0. 0.]
 [1. 0. 0. ... 1. 0. 0.]]
3 2871 8
L
[[1 1 3 ... 2 1 3]
 [1 1 2 ... 1 1 1]
 [2 1 2 ... 1 3 3]
 ...
 [3 1 3 ... 1 3 3]
 [1 1 1 ... 3 3 3]
 [1 1 1 ... 3 3 3]]
L_ind
[[1. 0. 0. ... 0. 0. 1.]
 [1. 0. 0. ... 1. 0. 0.]
 [0. 1. 0. ... 0. 0. 1.]
 ...
 [0. 0. 1. ... 0. 0. 1.]
 [1. 0. 0. ... 0. 0. 1.]
 [1. 0. 0. ... 0. 0. 1.]]
140 64.8
51 23.6
25 11.6
1858 64.7
681 23.7
332 11.6
(3087, 57) (3087,) (775, 57) (775,)

 SNO Accuracy: 0.588
[[1180  441  237]
 [ 367  259   55]
 [  34   49  249]]

 rate=7 and ii =2
Accuracy: 0.724
Macro Precision: 0.657
Macro Recall: 0.678
Macro F1-score: 0.660

[[408  53  33]
 [ 98  69  12]
 [  9   9  84]]
              precision    recall  f1-score   support

           0       0.79      0.83      0.81       494
           1       0.53      0.39      0.45       179
           2       0.65      0.82      0.73       102

    accuracy                           0.72       775
   macro avg       0.66      0.68      0.66       775
weighted avg       0.71      0.72      0.71       775

140 64.8
51 23.6
25 11.6
1858 64.7
681 23.7
332 11.6
(3087, 57) (3087,) (775, 57) (775,)

semi-SelfTrain Label Accuracy: 0.712
[[1743    1  114]
 [ 600   39   42]
 [  69    0  263]]
0.7122953674677812 [0.93810549 0.05726872 0.79216867]

 rate=7 and ii =2
Accuracy: 0.750
Macro Precision: 0.818
Macro Recall: 0.599
Macro F1-score: 0.552

[[502   0  25]
 [145   5   7]
 [ 17   0  74]]
              precision    recall  f1-score   support

         0.0       0.76      0.95      0.84       527
         1.0       1.00      0.03      0.06       157
         2.0       0.70      0.81      0.75        91

    accuracy                           0.75       775
   macro avg       0.82      0.60      0.55       775
weighted avg       0.80      0.75      0.67       775

140 64.8
51 23.6
25 11.6
1858 64.7
681 23.7
332 11.6
(3087, 57) (3087,) (775, 57) (775,)

semi-LabelSpread Label Accuracy: 0.664
[[1858    0    0]
 [ 642   39    0]
 [ 323    0    9]]
0.6638801811215604 [1.         0.05726872 0.02710843]

 rate=7 and ii =2
Accuracy: 0.712
Macro Precision: 0.903
Macro Recall: 0.349
Macro F1-score: 0.307

[[546   0   0]
 [152   5   0]
 [ 71   0   1]]
              precision    recall  f1-score   support

         0.0       0.71      1.00      0.83       546
         1.0       1.00      0.03      0.06       157
         2.0       1.00      0.01      0.03        72

    accuracy                           0.71       775
   macro avg       0.90      0.35      0.31       775
weighted avg       0.80      0.71      0.60       775

140 64.8
51 23.6
25 11.6
1858 64.7
681 23.7
332 11.6
(3087, 57) (3087,) (775, 57) (2871,) (2871,)

2 order Label Accuracy: 0.712
[[1743   63   52]
 [ 573   86   22]
 [  94   22  216]]
0.7122953674677812 [0.93810549 0.12628488 0.65060241]

 rate=7 and ii =2
Accuracy: 0.757
Macro Precision: 0.700
Macro Recall: 0.575
Macro F1-score: 0.575

[[519   6   9]
 [141  13   5]
 [ 22   5  55]]
              precision    recall  f1-score   support

           0       0.76      0.97      0.85       534
           1       0.54      0.08      0.14       159
           2       0.80      0.67      0.73        82

    accuracy                           0.76       775
   macro avg       0.70      0.57      0.57       775
weighted avg       0.72      0.76      0.69       775

140 64.8
51 23.6
25 11.6
1858 64.7
681 23.7
332 11.6
(3087, 57) (3087,) (775, 57) (2871,) (2871,)

3 order Label Accuracy: 0.695
[[1705   65   88]
 [ 547   73   61]
 [  75   39  218]]
0.6952281435040055 [0.91765339 0.1071953  0.65662651]

 rate=7 and ii =2
Accuracy: 0.751
Macro Precision: 0.633
Macro Recall: 0.577
Macro F1-score: 0.561

[[511   8  12]
 [136  11  11]
 [ 18   8  60]]
              precision    recall  f1-score   support

           0       0.77      0.96      0.85       531
           1       0.41      0.07      0.12       158
           2       0.72      0.70      0.71        86

    accuracy                           0.75       775
   macro avg       0.63      0.58      0.56       775
weighted avg       0.69      0.75      0.69       775

140 64.8
51 23.6
25 11.6
1858 64.7
681 23.7
332 11.6
(3087, 57) (3087,) (775, 57) (2871,) (2871,)

4 order Label Accuracy: 0.714
[[1759   58   41]
 [ 557   84   40]
 [  99   26  207]]
0.7140369209334727 [0.9467169  0.12334802 0.62349398]

 rate=7 and ii =2
Accuracy: 0.747
Macro Precision: 0.637
Macro Recall: 0.542
Macro F1-score: 0.544

[[521   7   6]
 [141  11   8]
 [ 23  11  47]]
              precision    recall  f1-score   support

           0       0.76      0.98      0.85       534
           1       0.38      0.07      0.12       160
           2       0.77      0.58      0.66        81

    accuracy                           0.75       775
   macro avg       0.64      0.54      0.54       775
weighted avg       0.68      0.75      0.68       775

Time(sec):  7.8814679000000005
nodes = range(self.m)
range(0, 8)
Graph with 8 nodes and 0 edges
3 214 8
L
[[1 1 2 ... 1 2 2]
 [1 1 1 ... 1 1 1]
 [1 1 1 ... 1 1 1]
 ...
 [1 1 2 ... 1 2 2]
 [1 1 1 ... 1 1 1]
 [2 1 2 ... 1 2 2]]
L_ind
[[1. 0. 0. ... 0. 1. 0.]
 [1. 0. 0. ... 1. 0. 0.]
 [1. 0. 0. ... 1. 0. 0.]
 ...
 [1. 0. 0. ... 0. 1. 0.]
 [1. 0. 0. ... 1. 0. 0.]
 [0. 1. 0. ... 0. 1. 0.]]
3 2873 8
L
[[1 1 2 ... 1 2 2]
 [1 1 1 ... 1 1 1]
 [2 1 1 ... 1 3 3]
 ...
 [2 1 1 ... 1 3 3]
 [1 1 1 ... 3 3 3]
 [1 1 1 ... 3 3 3]]
L_ind
[[1. 0. 0. ... 0. 1. 0.]
 [1. 0. 0. ... 1. 0. 0.]
 [0. 1. 0. ... 0. 0. 1.]
 ...
 [0. 1. 0. ... 0. 0. 1.]
 [1. 0. 0. ... 0. 0. 1.]
 [1. 0. 0. ... 0. 0. 1.]]
138 64.5
51 23.8
25 11.7
1860 64.7
681 23.7
332 11.6
(3087, 57) (3087,) (775, 57) (775,)

 SNO Accuracy: 0.602
[[1231  462  167]
 [ 368  267   46]
 [  24   77  231]]

 rate=7 and ii =3
Accuracy: 0.720
Macro Precision: 0.668
Macro Recall: 0.672
Macro F1-score: 0.670

[[400  70  21]
 [ 93  93   8]
 [  7  18  65]]
              precision    recall  f1-score   support

           0       0.80      0.81      0.81       491
           1       0.51      0.48      0.50       194
           2       0.69      0.72      0.71        90

    accuracy                           0.72       775
   macro avg       0.67      0.67      0.67       775
weighted avg       0.72      0.72      0.72       775

138 64.5
51 23.8
25 11.7
1860 64.7
681 23.7
332 11.6
(3087, 57) (3087,) (775, 57) (775,)

semi-SelfTrain Label Accuracy: 0.705
[[1751   50   59]
 [ 599   68   14]
 [  76   49  207]]
0.7051862164984337 [0.94139785 0.09985316 0.62349398]

 rate=7 and ii =3
Accuracy: 0.748
Macro Precision: 0.669
Macro Recall: 0.582
Macro F1-score: 0.591

[[500  12  13]
 [137  22   3]
 [ 16  14  58]]
              precision    recall  f1-score   support

         0.0       0.77      0.95      0.85       525
         1.0       0.46      0.14      0.21       162
         2.0       0.78      0.66      0.72        88

    accuracy                           0.75       775
   macro avg       0.67      0.58      0.59       775
weighted avg       0.70      0.75      0.70       775

138 64.5
51 23.8
25 11.7
1860 64.7
681 23.7
332 11.6
(3087, 57) (3087,) (775, 57) (775,)

semi-LabelSpread Label Accuracy: 0.660
[[1860    0    0]
 [ 650   31    0]
 [ 327    0    5]]
0.6599373477201531 [1.         0.04552129 0.01506024]

 rate=7 and ii =3
Accuracy: 0.723
Macro Precision: 0.905
Macro Recall: 0.379
Macro F1-score: 0.363

[[543   0   0]
 [146  13   0]
 [ 69   0   4]]
              precision    recall  f1-score   support

         0.0       0.72      1.00      0.83       543
         1.0       1.00      0.08      0.15       159
         2.0       1.00      0.05      0.10        73

    accuracy                           0.72       775
   macro avg       0.91      0.38      0.36       775
weighted avg       0.80      0.72      0.63       775

138 64.5
51 23.8
25 11.7
1860 64.7
681 23.7
332 11.6
(3087, 57) (3087,) (775, 57) (2873,) (2873,)

2 order Label Accuracy: 0.681
[[1607  208   45]
 [ 525  141   15]
 [  66   58  208]]
0.6808214410024365 [0.86397849 0.20704846 0.62650602]

 rate=7 and ii =3
Accuracy: 0.763
Macro Precision: 0.731
Macro Recall: 0.635
Macro F1-score: 0.659

[[485  21  10]
 [125  48   2]
 [ 13  13  58]]
              precision    recall  f1-score   support

           0       0.78      0.94      0.85       516
           1       0.59      0.27      0.37       175
           2       0.83      0.69      0.75        84

    accuracy                           0.76       775
   macro avg       0.73      0.63      0.66       775
weighted avg       0.74      0.76      0.73       775

138 64.5
51 23.8
25 11.7
1860 64.7
681 23.7
332 11.6
(3087, 57) (3087,) (775, 57) (2873,) (2873,)

3 order Label Accuracy: 0.664
[[1599  207   54]
 [ 544  111   26]
 [  65   70  197]]
0.6637660981552385 [0.85967742 0.16299559 0.59337349]

 rate=7 and ii =3
Accuracy: 0.750
Macro Precision: 0.696
Macro Recall: 0.598
Macro F1-score: 0.622

[[490  21  10]
 [129  38   3]
 [ 16  15  53]]
              precision    recall  f1-score   support

           0       0.77      0.94      0.85       521
           1       0.51      0.22      0.31       170
           2       0.80      0.63      0.71        84

    accuracy                           0.75       775
   macro avg       0.70      0.60      0.62       775
weighted avg       0.72      0.75      0.71       775

138 64.5
51 23.8
25 11.7
1860 64.7
681 23.7
332 11.6
(3087, 57) (3087,) (775, 57) (2873,) (2873,)

4 order Label Accuracy: 0.672
[[1619  195   46]
 [ 546  111   24]
 [  66   66  200]]
0.6717716672467804 [0.87043011 0.16299559 0.60240964]

 rate=7 and ii =3
Accuracy: 0.757
Macro Precision: 0.722
Macro Recall: 0.615
Macro F1-score: 0.643

[[491  22   7]
 [129  41   2]
 [ 14  14  55]]
              precision    recall  f1-score   support

           0       0.77      0.94      0.85       520
           1       0.53      0.24      0.33       172
           2       0.86      0.66      0.75        83

    accuracy                           0.76       775
   macro avg       0.72      0.62      0.64       775
weighted avg       0.73      0.76      0.72       775

Time(sec):  7.883066800000001
nodes = range(self.m)
range(0, 8)
Graph with 8 nodes and 0 edges
3 216 8
L
[[1 1 1 ... 3 1 1]
 [1 1 1 ... 1 1 1]
 [1 1 2 ... 1 2 2]
 ...
 [1 1 1 ... 3 1 1]
 [1 1 1 ... 1 1 1]
 [1 1 1 ... 1 1 1]]
L_ind
[[1. 0. 0. ... 1. 0. 0.]
 [1. 0. 0. ... 1. 0. 0.]
 [1. 0. 0. ... 0. 1. 0.]
 ...
 [1. 0. 0. ... 1. 0. 0.]
 [1. 0. 0. ... 1. 0. 0.]
 [1. 0. 0. ... 1. 0. 0.]]
3 2871 8
L
[[1 1 3 ... 2 1 2]
 [1 1 1 ... 1 1 2]
 [2 1 1 ... 1 2 2]
 ...
 [1 1 3 ... 3 1 1]
 [1 1 1 ... 3 3 3]
 [1 1 1 ... 3 3 3]]
L_ind
[[1. 0. 0. ... 0. 1. 0.]
 [1. 0. 0. ... 0. 1. 0.]
 [0. 1. 0. ... 0. 1. 0.]
 ...
 [1. 0. 0. ... 1. 0. 0.]
 [1. 0. 0. ... 0. 0. 1.]
 [1. 0. 0. ... 0. 0. 1.]]
140 64.8
51 23.6
25 11.6
1858 64.7
681 23.7
332 11.6
(3087, 57) (3087,) (775, 57) (775,)

 SNO Accuracy: 0.593
[[1134  498  226]
 [ 305  307   69]
 [  33   38  261]]

 rate=7 and ii =4
Accuracy: 0.717
Macro Precision: 0.658
Macro Recall: 0.699
Macro F1-score: 0.674

[[391  76  27]
 [ 88  85  14]
 [  9   5  80]]
              precision    recall  f1-score   support

           0       0.80      0.79      0.80       494
           1       0.51      0.45      0.48       187
           2       0.66      0.85      0.74        94

    accuracy                           0.72       775
   macro avg       0.66      0.70      0.67       775
weighted avg       0.71      0.72      0.71       775

140 64.8
51 23.6
25 11.6
1858 64.7
681 23.7
332 11.6
(3087, 57) (3087,) (775, 57) (775,)

semi-SelfTrain Label Accuracy: 0.701
[[1714   59   85]
 [ 585   55   41]
 [  85    4  243]]
0.700801114594218 [0.92249731 0.08076358 0.73192771]

 rate=7 and ii =4
Accuracy: 0.747
Macro Precision: 0.689
Macro Recall: 0.628
Macro F1-score: 0.612

[[483  15  19]
 [138  24   7]
 [ 14   3  72]]
              precision    recall  f1-score   support

         0.0       0.76      0.93      0.84       517
         1.0       0.57      0.14      0.23       169
         2.0       0.73      0.81      0.77        89

    accuracy                           0.75       775
   macro avg       0.69      0.63      0.61       775
weighted avg       0.72      0.75      0.70       775

140 64.8
51 23.6
25 11.6
1858 64.7
681 23.7
332 11.6
(3087, 57) (3087,) (775, 57) (775,)

semi-LabelSpread Label Accuracy: 0.659
[[1858    0    0]
 [ 650   31    0]
 [ 328    0    4]]
0.6593521421107628 [1.         0.04552129 0.01204819]

 rate=7 and ii =4
Accuracy: 0.715
Macro Precision: 0.904
Macro Recall: 0.357
Macro F1-score: 0.322

[[544   0   0]
 [150   9   0]
 [ 71   0   1]]
              precision    recall  f1-score   support

         0.0       0.71      1.00      0.83       544
         1.0       1.00      0.06      0.11       159
         2.0       1.00      0.01      0.03        72

    accuracy                           0.71       775
   macro avg       0.90      0.36      0.32       775
weighted avg       0.80      0.71      0.61       775

140 64.8
51 23.6
25 11.6
1858 64.7
681 23.7
332 11.6
(3087, 57) (3087,) (775, 57) (2871,) (2871,)

2 order Label Accuracy: 0.700
[[1665  141   52]
 [ 527  134   20]
 [  94   27  211]]
0.7001044932079414 [0.89612487 0.19676946 0.63554217]

 rate=7 and ii =4
Accuracy: 0.748
Macro Precision: 0.698
Macro Recall: 0.591
Macro F1-score: 0.611

[[495  21   9]
 [131  31   4]
 [ 23   7  54]]
              precision    recall  f1-score   support

           0       0.76      0.94      0.84       525
           1       0.53      0.19      0.28       166
           2       0.81      0.64      0.72        84

    accuracy                           0.75       775
   macro avg       0.70      0.59      0.61       775
weighted avg       0.72      0.75      0.71       775

140 64.8
51 23.6
25 11.6
1858 64.7
681 23.7
332 11.6
(3087, 57) (3087,) (775, 57) (2871,) (2871,)

3 order Label Accuracy: 0.667
[[1606  147  105]
 [ 537  114   30]
 [  77   60  195]]
0.667014977359805 [0.86437029 0.16740088 0.5873494 ]

 rate=7 and ii =4
Accuracy: 0.738
Macro Precision: 0.665
Macro Recall: 0.576
Macro F1-score: 0.588

[[493  17  12]
 [140  24   3]
 [ 19  12  55]]
              precision    recall  f1-score   support

           0       0.76      0.94      0.84       522
           1       0.45      0.14      0.22       167
           2       0.79      0.64      0.71        86

    accuracy                           0.74       775
   macro avg       0.66      0.58      0.59       775
weighted avg       0.69      0.74      0.69       775

140 64.8
51 23.6
25 11.6
1858 64.7
681 23.7
332 11.6
(3087, 57) (3087,) (775, 57) (2871,) (2871,)

4 order Label Accuracy: 0.696
[[1651  142   65]
 [ 519  139   23]
 [  91   33  208]]
0.6959247648902821 [0.88858988 0.2041116  0.62650602]

 rate=7 and ii =4
Accuracy: 0.756
Macro Precision: 0.724
Macro Recall: 0.612
Macro F1-score: 0.633

[[494  21   7]
 [132  32   3]
 [ 21   5  60]]
              precision    recall  f1-score   support

           0       0.76      0.95      0.85       522
           1       0.55      0.19      0.28       167
           2       0.86      0.70      0.77        86

    accuracy                           0.76       775
   macro avg       0.72      0.61      0.63       775
weighted avg       0.73      0.76      0.72       775

Time(sec):  7.2130555
nodes = range(self.m)
range(0, 8)
Graph with 8 nodes and 0 edges
3 216 8
L
[[1 1 2 ... 1 2 2]
 [1 1 1 ... 1 1 1]
 [1 1 2 ... 1 2 2]
 ...
 [3 3 3 ... 3 3 3]
 [1 1 2 ... 1 2 2]
 [1 1 1 ... 1 1 1]]
L_ind
[[1. 0. 0. ... 0. 1. 0.]
 [1. 0. 0. ... 1. 0. 0.]
 [1. 0. 0. ... 0. 1. 0.]
 ...
 [0. 0. 1. ... 0. 0. 1.]
 [1. 0. 0. ... 0. 1. 0.]
 [1. 0. 0. ... 1. 0. 0.]]
3 2871 8
L
[[2 1 1 ... 1 1 1]
 [1 1 1 ... 1 1 1]
 [1 1 1 ... 1 1 1]
 ...
 [2 1 3 ... 3 3 3]
 [1 1 1 ... 3 3 3]
 [1 1 1 ... 3 3 3]]
L_ind
[[0. 1. 0. ... 1. 0. 0.]
 [1. 0. 0. ... 1. 0. 0.]
 [1. 0. 0. ... 1. 0. 0.]
 ...
 [0. 1. 0. ... 0. 0. 1.]
 [1. 0. 0. ... 0. 0. 1.]
 [1. 0. 0. ... 0. 0. 1.]]
140 64.8
51 23.6
25 11.6
1858 64.7
681 23.7
332 11.6
(3087, 57) (3087,) (775, 57) (775,)

 SNO Accuracy: 0.566
[[1033  576  249]
 [ 280  326   75]
 [  28   39  265]]

 rate=7 and ii =5
Accuracy: 0.667
Macro Precision: 0.633
Macro Recall: 0.691
Macro F1-score: 0.655

[[319 121  32]
 [ 72 119  16]
 [ 11   6  79]]
              precision    recall  f1-score   support

           0       0.79      0.68      0.73       472
           1       0.48      0.57      0.53       207
           2       0.62      0.82      0.71        96

    accuracy                           0.67       775
   macro avg       0.63      0.69      0.65       775
weighted avg       0.69      0.67      0.67       775

140 64.8
51 23.6
25 11.6
1858 64.7
681 23.7
332 11.6
(3087, 57) (3087,) (775, 57) (775,)

semi-SelfTrain Label Accuracy: 0.717
[[1785   21   52]
 [ 602   50   29]
 [ 105    3  224]]
0.7171717171717171 [0.96071044 0.07342144 0.6746988 ]

 rate=7 and ii =5
Accuracy: 0.764
Macro Precision: 0.818
Macro Recall: 0.590
Macro F1-score: 0.580

[[519   0  13]
 [141  12   5]
 [ 23   1  61]]
              precision    recall  f1-score   support

         0.0       0.76      0.98      0.85       532
         1.0       0.92      0.08      0.14       158
         2.0       0.77      0.72      0.74        85

    accuracy                           0.76       775
   macro avg       0.82      0.59      0.58       775
weighted avg       0.79      0.76      0.70       775

140 64.8
51 23.6
25 11.6
1858 64.7
681 23.7
332 11.6
(3087, 57) (3087,) (775, 57) (775,)

semi-LabelSpread Label Accuracy: 0.661
[[1858    0    0]
 [ 643   38    0]
 [ 330    0    2]]
0.6610936955764541 [1.         0.05580029 0.0060241 ]

 rate=7 and ii =5
Accuracy: 0.717
Macro Precision: 0.571
Macro Recall: 0.355
Macro F1-score: 0.318

[[546   0   0]
 [147  10   0]
 [ 72   0   0]]
              precision    recall  f1-score   support

         0.0       0.71      1.00      0.83       546
         1.0       1.00      0.06      0.12       157
         2.0       0.00      0.00      0.00        72

    accuracy                           0.72       775
   macro avg       0.57      0.35      0.32       775
weighted avg       0.71      0.72      0.61       775

140 64.8
51 23.6
25 11.6
1858 64.7
681 23.7
332 11.6
(3087, 57) (3087,) (775, 57) (2871,) (2871,)

2 order Label Accuracy: 0.676
[[1552  265   41]
 [ 485  164   32]
 [  85   23  224]]
0.6757227446882619 [0.83530678 0.24082232 0.6746988 ]

 rate=7 and ii =5
Accuracy: 0.746
Macro Precision: 0.692
Macro Recall: 0.631
Macro F1-score: 0.646

[[475  38   9]
 [123  42   5]
 [ 16   6  61]]
              precision    recall  f1-score   support

           0       0.77      0.91      0.84       522
           1       0.49      0.25      0.33       170
           2       0.81      0.73      0.77        83

    accuracy                           0.75       775
   macro avg       0.69      0.63      0.65       775
weighted avg       0.72      0.75      0.72       775

140 64.8
51 23.6
25 11.6
1858 64.7
681 23.7
332 11.6
(3087, 57) (3087,) (775, 57) (2871,) (2871,)

3 order Label Accuracy: 0.662
[[1601  227   30]
 [ 542  129   10]
 [  73   88  171]]
0.6621386276558691 [0.86167922 0.18942731 0.51506024]

 rate=7 and ii =5
Accuracy: 0.737
Macro Precision: 0.677
Macro Recall: 0.553
Macro F1-score: 0.587

[[497  28   3]
 [132  31   3]
 [ 16  22  43]]
              precision    recall  f1-score   support

           0       0.77      0.94      0.85       528
           1       0.38      0.19      0.25       166
           2       0.88      0.53      0.66        81

    accuracy                           0.74       775
   macro avg       0.68      0.55      0.59       775
weighted avg       0.70      0.74      0.70       775

140 64.8
51 23.6
25 11.6
1858 64.7
681 23.7
332 11.6
(3087, 57) (3087,) (775, 57) (2871,) (2871,)

4 order Label Accuracy: 0.684
[[1620  183   55]
 [ 503  157   21]
 [  85   61  186]]
0.6837338906304423 [0.87190527 0.23054332 0.56024096]

 rate=7 and ii =5
Accuracy: 0.746
Macro Precision: 0.697
Macro Recall: 0.586
Macro F1-score: 0.616

[[490  25   6]
 [128  40   4]
 [ 18  16  48]]
              precision    recall  f1-score   support

           0       0.77      0.94      0.85       521
           1       0.49      0.23      0.32       172
           2       0.83      0.59      0.69        82

    accuracy                           0.75       775
   macro avg       0.70      0.59      0.62       775
weighted avg       0.72      0.75      0.71       775

Time(sec):  7.3435003000000005
nodes = range(self.m)
range(0, 8)
Graph with 8 nodes and 0 edges
3 214 8
L
[[1 1 2 ... 2 2 2]
 [1 1 1 ... 1 1 1]
 [1 1 3 ... 1 3 3]
 ...
 [1 1 1 ... 1 1 1]
 [1 1 3 ... 3 3 3]
 [1 1 1 ... 1 1 1]]
L_ind
[[1. 0. 0. ... 0. 1. 0.]
 [1. 0. 0. ... 1. 0. 0.]
 [1. 0. 0. ... 0. 0. 1.]
 ...
 [1. 0. 0. ... 1. 0. 0.]
 [1. 0. 0. ... 0. 0. 1.]
 [1. 0. 0. ... 1. 0. 0.]]
3 2873 8
L
[[1 1 3 ... 1 1 1]
 [1 1 1 ... 1 1 1]
 [1 1 1 ... 1 3 3]
 ...
 [3 1 3 ... 1 2 3]
 [1 1 1 ... 3 3 3]
 [1 1 1 ... 3 3 3]]
L_ind
[[1. 0. 0. ... 1. 0. 0.]
 [1. 0. 0. ... 1. 0. 0.]
 [1. 0. 0. ... 0. 0. 1.]
 ...
 [0. 0. 1. ... 0. 0. 1.]
 [1. 0. 0. ... 0. 0. 1.]
 [1. 0. 0. ... 0. 0. 1.]]
138 64.5
51 23.8
25 11.7
1860 64.7
681 23.7
332 11.6
(3087, 57) (3087,) (775, 57) (775,)

 SNO Accuracy: 0.583
[[1168  416  276]
 [ 354  239   88]
 [  32   32  268]]

 rate=7 and ii =6
Accuracy: 0.739
Macro Precision: 0.684
Macro Recall: 0.725
Macro F1-score: 0.693

[[398  52  39]
 [ 91  84  11]
 [  5   4  91]]
              precision    recall  f1-score   support

           0       0.81      0.81      0.81       489
           1       0.60      0.45      0.52       186
           2       0.65      0.91      0.76       100

    accuracy                           0.74       775
   macro avg       0.68      0.73      0.69       775
weighted avg       0.74      0.74      0.73       775

138 64.5
51 23.8
25 11.7
1860 64.7
681 23.7
332 11.6
(3087, 57) (3087,) (775, 57) (775,)

semi-SelfTrain Label Accuracy: 0.682
[[1646  150   64]
 [ 547  100   34]
 [  99   20  213]]
0.6818656456665506 [0.88494624 0.14684288 0.64156627]

 rate=7 and ii =6
Accuracy: 0.745
Macro Precision: 0.690
Macro Recall: 0.631
Macro F1-score: 0.641

[[473  32  12]
 [126  42   6]
 [ 16   6  62]]
              precision    recall  f1-score   support

         0.0       0.77      0.91      0.84       517
         1.0       0.53      0.24      0.33       174
         2.0       0.78      0.74      0.76        84

    accuracy                           0.74       775
   macro avg       0.69      0.63      0.64       775
weighted avg       0.71      0.74      0.71       775

138 64.5
51 23.8
25 11.7
1860 64.7
681 23.7
332 11.6
(3087, 57) (3087,) (775, 57) (775,)

semi-LabelSpread Label Accuracy: 0.661
[[1860    0    0]
 [ 650   31    0]
 [ 324    0    8]]
0.6609815523842674 [1.         0.04552129 0.02409639]

 rate=7 and ii =6
Accuracy: 0.723
Macro Precision: 0.906
Macro Recall: 0.367
Macro F1-score: 0.342

[[545   0   0]
 [144  14   0]
 [ 71   0   1]]
              precision    recall  f1-score   support

         0.0       0.72      1.00      0.84       545
         1.0       1.00      0.09      0.16       158
         2.0       1.00      0.01      0.03        72

    accuracy                           0.72       775
   macro avg       0.91      0.37      0.34       775
weighted avg       0.80      0.72      0.62       775

138 64.5
51 23.8
25 11.7
1860 64.7
681 23.7
332 11.6
(3087, 57) (3087,) (775, 57) (2873,) (2873,)

2 order Label Accuracy: 0.682
[[1623  178   59]
 [ 554   96   31]
 [  79   14  239]]
0.6815175774451793 [0.87258065 0.14096916 0.71987952]

 rate=7 and ii =6
Accuracy: 0.755
Macro Precision: 0.713
Macro Recall: 0.632
Macro F1-score: 0.638

[[487  23  10]
 [134  30   4]
 [ 17   2  68]]
              precision    recall  f1-score   support

           0       0.76      0.94      0.84       520
           1       0.55      0.18      0.27       168
           2       0.83      0.78      0.80        87

    accuracy                           0.75       775
   macro avg       0.71      0.63      0.64       775
weighted avg       0.72      0.75      0.71       775

138 64.5
51 23.8
25 11.7
1860 64.7
681 23.7
332 11.6
(3087, 57) (3087,) (775, 57) (2873,) (2873,)

3 order Label Accuracy: 0.657
[[1569  236   55]
 [ 543  114   24]
 [  92   36  204]]
0.6568047337278107 [0.84354839 0.16740088 0.61445783]

 rate=7 and ii =6
Accuracy: 0.750
Macro Precision: 0.717
Macro Recall: 0.614
Macro F1-score: 0.638

[[483  28   8]
 [125  42   5]
 [ 25   3  56]]
              precision    recall  f1-score   support

           0       0.76      0.93      0.84       519
           1       0.58      0.24      0.34       172
           2       0.81      0.67      0.73        84

    accuracy                           0.75       775
   macro avg       0.72      0.61      0.64       775
weighted avg       0.73      0.75      0.72       775

138 64.5
51 23.8
25 11.7
1860 64.7
681 23.7
332 11.6
(3087, 57) (3087,) (775, 57) (2873,) (2873,)

4 order Label Accuracy: 0.659
[[1592  221   47]
 [ 546  111   24]
 [ 103   40  189]]
0.6585450748346676 [0.85591398 0.16299559 0.56927711]

 rate=7 and ii =6
Accuracy: 0.748
Macro Precision: 0.724
Macro Recall: 0.604
Macro F1-score: 0.636

[[487  30   5]
 [129  39   2]
 [ 24   5  54]]
              precision    recall  f1-score   support

           0       0.76      0.93      0.84       522
           1       0.53      0.23      0.32       170
           2       0.89      0.65      0.75        83

    accuracy                           0.75       775
   macro avg       0.72      0.60      0.64       775
weighted avg       0.72      0.75      0.72       775

Time(sec):  8.0982175
nodes = range(self.m)
range(0, 8)
Graph with 8 nodes and 0 edges
3 216 8
L
[[1 1 1 ... 1 1 1]
 [1 1 1 ... 3 1 1]
 [1 1 1 ... 1 1 1]
 ...
 [1 1 1 ... 3 1 1]
 [1 1 2 ... 1 2 2]
 [1 3 2 ... 1 2 2]]
L_ind
[[1. 0. 0. ... 1. 0. 0.]
 [1. 0. 0. ... 1. 0. 0.]
 [1. 0. 0. ... 1. 0. 0.]
 ...
 [1. 0. 0. ... 1. 0. 0.]
 [1. 0. 0. ... 0. 1. 0.]
 [1. 0. 0. ... 0. 1. 0.]]
3 2871 8
L
[[1 1 1 ... 1 1 1]
 [2 1 1 ... 1 2 2]
 [1 1 1 ... 1 1 1]
 ...
 [1 1 3 ... 3 3 3]
 [1 1 1 ... 3 3 3]
 [1 1 1 ... 3 3 3]]
L_ind
[[1. 0. 0. ... 1. 0. 0.]
 [0. 1. 0. ... 0. 1. 0.]
 [1. 0. 0. ... 1. 0. 0.]
 ...
 [1. 0. 0. ... 0. 0. 1.]
 [1. 0. 0. ... 0. 0. 1.]
 [1. 0. 0. ... 0. 0. 1.]]
140 64.8
51 23.6
25 11.6
1858 64.7
681 23.7
332 11.6
(3087, 57) (3087,) (775, 57) (775,)

 SNO Accuracy: 0.637
[[1325  431  102]
 [ 372  263   46]
 [  51   39  242]]

 rate=7 and ii =7
Accuracy: 0.742
Macro Precision: 0.683
Macro Recall: 0.658
Macro F1-score: 0.663

[[449  48  12]
 [109  57  10]
 [ 13   8  69]]
              precision    recall  f1-score   support

           0       0.79      0.88      0.83       509
           1       0.50      0.32      0.39       176
           2       0.76      0.77      0.76        90

    accuracy                           0.74       775
   macro avg       0.68      0.66      0.66       775
weighted avg       0.72      0.74      0.72       775

140 64.8
51 23.6
25 11.6
1858 64.7
681 23.7
332 11.6
(3087, 57) (3087,) (775, 57) (775,)

semi-SelfTrain Label Accuracy: 0.709
[[1751   59   48]
 [ 583   77   21]
 [ 118    6  208]]
0.7091605712295368 [0.94241119 0.11306902 0.62650602]

 rate=7 and ii =7
Accuracy: 0.755
Macro Precision: 0.704
Macro Recall: 0.587
Macro F1-score: 0.582

[[513   9   7]
 [148  10   3]
 [ 22   1  62]]
              precision    recall  f1-score   support

         0.0       0.75      0.97      0.85       529
         1.0       0.50      0.06      0.11       161
         2.0       0.86      0.73      0.79        85

    accuracy                           0.75       775
   macro avg       0.70      0.59      0.58       775
weighted avg       0.71      0.75      0.69       775

140 64.8
51 23.6
25 11.6
1858 64.7
681 23.7
332 11.6
(3087, 57) (3087,) (775, 57) (775,)

semi-LabelSpread Label Accuracy: 0.665
[[1858    0    0]
 [ 630   51    0]
 [ 331    0    1]]
0.6652734238941136 [1.         0.07488987 0.00301205]

 rate=7 and ii =7
Accuracy: 0.711
Macro Precision: 0.903
Macro Recall: 0.349
Macro F1-score: 0.306

[[545   0   0]
 [153   5   0]
 [ 71   0   1]]
              precision    recall  f1-score   support

         0.0       0.71      1.00      0.83       545
         1.0       1.00      0.03      0.06       158
         2.0       1.00      0.01      0.03        72

    accuracy                           0.71       775
   macro avg       0.90      0.35      0.31       775
weighted avg       0.80      0.71      0.60       775

140 64.8
51 23.6
25 11.6
1858 64.7
681 23.7
332 11.6
(3087, 57) (3087,) (775, 57) (2871,) (2871,)

2 order Label Accuracy: 0.701
[[1676  153   29]
 [ 540  123   18]
 [  90   28  214]]
0.7011494252873564 [0.90204521 0.18061674 0.64457831]

 rate=7 and ii =7
Accuracy: 0.747
Macro Precision: 0.679
Macro Recall: 0.595
Macro F1-score: 0.607

[[499  23   6]
 [139  22   4]
 [ 17   7  58]]
              precision    recall  f1-score   support

           0       0.76      0.95      0.84       528
           1       0.42      0.13      0.20       165
           2       0.85      0.71      0.77        82

    accuracy                           0.75       775
   macro avg       0.68      0.60      0.61       775
weighted avg       0.70      0.75      0.70       775

140 64.8
51 23.6
25 11.6
1858 64.7
681 23.7
332 11.6
(3087, 57) (3087,) (775, 57) (2871,) (2871,)

3 order Label Accuracy: 0.683
[[1641  171   46]
 [ 535  138    8]
 [  80   69  183]]
0.6833855799373041 [0.88320775 0.20264317 0.55120482]

 rate=7 and ii =7
Accuracy: 0.737
Macro Precision: 0.658
Macro Recall: 0.569
Macro F1-score: 0.587

[[494  21   9]
 [138  26   3]
 [ 15  18  51]]
              precision    recall  f1-score   support

           0       0.76      0.94      0.84       524
           1       0.40      0.16      0.22       167
           2       0.81      0.61      0.69        84

    accuracy                           0.74       775
   macro avg       0.66      0.57      0.59       775
weighted avg       0.69      0.74      0.69       775

140 64.8
51 23.6
25 11.6
1858 64.7
681 23.7
332 11.6
(3087, 57) (3087,) (775, 57) (2871,) (2871,)

4 order Label Accuracy: 0.691
[[1725   56   77]
 [ 577   80   24]
 [ 130   22  180]]
0.6913967258794845 [0.92841765 0.1174743  0.54216867]

 rate=7 and ii =7
Accuracy: 0.747
Macro Precision: 0.720
Macro Recall: 0.543
Macro F1-score: 0.545

[[519   3   9]
 [143  11   6]
 [ 32   3  49]]
              precision    recall  f1-score   support

           0       0.75      0.98      0.85       531
           1       0.65      0.07      0.12       160
           2       0.77      0.58      0.66        84

    accuracy                           0.75       775
   macro avg       0.72      0.54      0.54       775
weighted avg       0.73      0.75      0.68       775

Time(sec):  8.056434099999999
nodes = range(self.m)
range(0, 8)
Graph with 8 nodes and 0 edges
3 216 8
L
[[1 1 1 ... 1 1 1]
 [2 1 2 ... 1 2 2]
 [2 1 2 ... 1 2 2]
 ...
 [1 1 2 ... 1 2 2]
 [1 1 1 ... 2 1 1]
 [1 1 3 ... 3 3 3]]
L_ind
[[1. 0. 0. ... 1. 0. 0.]
 [0. 1. 0. ... 0. 1. 0.]
 [0. 1. 0. ... 0. 1. 0.]
 ...
 [1. 0. 0. ... 0. 1. 0.]
 [1. 0. 0. ... 1. 0. 0.]
 [1. 0. 0. ... 0. 0. 1.]]
3 2871 8
L
[[2 1 1 ... 1 1 1]
 [1 1 3 ... 1 1 1]
 [2 1 1 ... 1 2 2]
 ...
 [3 1 3 ... 3 3 3]
 [1 1 1 ... 3 3 3]
 [1 1 1 ... 3 3 3]]
L_ind
[[0. 1. 0. ... 1. 0. 0.]
 [1. 0. 0. ... 1. 0. 0.]
 [0. 1. 0. ... 0. 1. 0.]
 ...
 [0. 0. 1. ... 0. 0. 1.]
 [1. 0. 0. ... 0. 0. 1.]
 [1. 0. 0. ... 0. 0. 1.]]
140 64.8
51 23.6
25 11.6
1858 64.7
681 23.7
332 11.6
(3087, 57) (3087,) (775, 57) (775,)

 SNO Accuracy: 0.614
[[1233  399  226]
 [ 346  278   57]
 [  38   42  252]]

 rate=7 and ii =8
Accuracy: 0.717
Macro Precision: 0.656
Macro Recall: 0.686
Macro F1-score: 0.667

[[395  69  28]
 [ 91  81  13]
 [  9   9  80]]
              precision    recall  f1-score   support

           0       0.80      0.80      0.80       492
           1       0.51      0.44      0.47       185
           2       0.66      0.82      0.73        98

    accuracy                           0.72       775
   macro avg       0.66      0.69      0.67       775
weighted avg       0.71      0.72      0.71       775

140 64.8
51 23.6
25 11.6
1858 64.7
681 23.7
332 11.6
(3087, 57) (3087,) (775, 57) (775,)

semi-SelfTrain Label Accuracy: 0.706
[[1788   27   43]
 [ 609   64    8]
 [ 145   12  175]]
0.7060257749912923 [0.96232508 0.09397944 0.52710843]

 rate=7 and ii =8
Accuracy: 0.746
Macro Precision: 0.689
Macro Recall: 0.543
Macro F1-score: 0.554

[[516   8   7]
 [142  13   4]
 [ 31   5  49]]
              precision    recall  f1-score   support

         0.0       0.75      0.97      0.85       531
         1.0       0.50      0.08      0.14       159
         2.0       0.82      0.58      0.68        85

    accuracy                           0.75       775
   macro avg       0.69      0.54      0.55       775
weighted avg       0.71      0.75      0.68       775

140 64.8
51 23.6
25 11.6
1858 64.7
681 23.7
332 11.6
(3087, 57) (3087,) (775, 57) (775,)

semi-LabelSpread Label Accuracy: 0.664
[[1858    0    0]
 [ 638   43    0]
 [ 326    0    6]]
0.6642284918146987 [1.         0.06314244 0.01807229]

 rate=7 and ii =8
Accuracy: 0.714
Macro Precision: 0.903
Macro Recall: 0.357
Macro F1-score: 0.321

[[543   0   0]
 [150   9   0]
 [ 72   0   1]]
              precision    recall  f1-score   support

         0.0       0.71      1.00      0.83       543
         1.0       1.00      0.06      0.11       159
         2.0       1.00      0.01      0.03        73

    accuracy                           0.71       775
   macro avg       0.90      0.36      0.32       775
weighted avg       0.80      0.71      0.61       775

140 64.8
51 23.6
25 11.6
1858 64.7
681 23.7
332 11.6
(3087, 57) (3087,) (775, 57) (2871,) (2871,)

2 order Label Accuracy: 0.704
[[1722   91   45]
 [ 579   95    7]
 [ 108   20  204]]
0.7039359108324625 [0.92680301 0.13950073 0.61445783]

 rate=7 and ii =8
Accuracy: 0.738
Macro Precision: 0.690
Macro Recall: 0.558
Macro F1-score: 0.576

[[500  16   9]
 [142  20   1]
 [ 30   5  52]]
              precision    recall  f1-score   support

           0       0.74      0.95      0.84       525
           1       0.49      0.12      0.20       163
           2       0.84      0.60      0.70        87

    accuracy                           0.74       775
   macro avg       0.69      0.56      0.58       775
weighted avg       0.70      0.74      0.69       775

140 64.8
51 23.6
25 11.6
1858 64.7
681 23.7
332 11.6
(3087, 57) (3087,) (775, 57) (2871,) (2871,)

3 order Label Accuracy: 0.688
[[1671  120   67]
 [ 569  104    8]
 [ 105   26  201]]
0.68826192964124 [0.89935414 0.15271659 0.60542169]

 rate=7 and ii =8
Accuracy: 0.742
Macro Precision: 0.695
Macro Recall: 0.569
Macro F1-score: 0.589

[[498  16   9]
 [138  25   3]
 [ 27   7  52]]
              precision    recall  f1-score   support

           0       0.75      0.95      0.84       523
           1       0.52      0.15      0.23       166
           2       0.81      0.60      0.69        86

    accuracy                           0.74       775
   macro avg       0.69      0.57      0.59       775
weighted avg       0.71      0.74      0.69       775

140 64.8
51 23.6
25 11.6
1858 64.7
681 23.7
332 11.6
(3087, 57) (3087,) (775, 57) (2871,) (2871,)

4 order Label Accuracy: 0.713
[[1702   81   75]
 [ 524  146   11]
 [ 109   24  199]]
0.7129919888540578 [0.91603875 0.2143906  0.59939759]

 rate=7 and ii =8
Accuracy: 0.773
Macro Precision: 0.786
Macro Recall: 0.601
Macro F1-score: 0.634

[[510   5   7]
 [127  35   3]
 [ 27   7  54]]
              precision    recall  f1-score   support

           0       0.77      0.98      0.86       522
           1       0.74      0.21      0.33       165
           2       0.84      0.61      0.71        88

    accuracy                           0.77       775
   macro avg       0.79      0.60      0.63       775
weighted avg       0.77      0.77      0.73       775

Time(sec):  7.396365499999999
nodes = range(self.m)
range(0, 8)
Graph with 8 nodes and 0 edges
3 215 8
L
[[1 1 1 ... 1 1 1]
 [1 1 1 ... 1 1 1]
 [1 1 1 ... 1 1 1]
 ...
 [3 3 3 ... 1 3 3]
 [2 1 2 ... 1 2 2]
 [1 1 1 ... 1 1 1]]
L_ind
[[1. 0. 0. ... 1. 0. 0.]
 [1. 0. 0. ... 1. 0. 0.]
 [1. 0. 0. ... 1. 0. 0.]
 ...
 [0. 0. 1. ... 0. 0. 1.]
 [0. 1. 0. ... 0. 1. 0.]
 [1. 0. 0. ... 1. 0. 0.]]
3 2872 8
L
[[1 1 1 ... 1 1 1]
 [1 1 1 ... 1 2 2]
 [2 1 1 ... 1 2 2]
 ...
 [1 1 3 ... 1 1 1]
 [1 1 3 ... 3 3 3]
 [1 1 1 ... 3 3 3]]
L_ind
[[1. 0. 0. ... 1. 0. 0.]
 [1. 0. 0. ... 0. 1. 0.]
 [0. 1. 0. ... 0. 1. 0.]
 ...
 [1. 0. 0. ... 1. 0. 0.]
 [1. 0. 0. ... 0. 0. 1.]
 [1. 0. 0. ... 0. 0. 1.]]
140 65.1
50 23.3
25 11.6
1858 64.7
682 23.7
332 11.6
(3087, 57) (3087,) (775, 57) (775,)

 SNO Accuracy: 0.590
[[1225  481  152]
 [ 390  232   60]
 [  40   54  238]]

 rate=7 and ii =9
Accuracy: 0.737
Macro Precision: 0.684
Macro Recall: 0.690
Macro F1-score: 0.684

[[418  64  17]
 [ 93  78  12]
 [ 14   4  75]]
              precision    recall  f1-score   support

           0       0.80      0.84      0.82       499
           1       0.53      0.43      0.47       183
           2       0.72      0.81      0.76        93

    accuracy                           0.74       775
   macro avg       0.68      0.69      0.68       775
weighted avg       0.73      0.74      0.73       775

140 65.1
50 23.3
25 11.6
1858 64.7
682 23.7
332 11.6
(3087, 57) (3087,) (775, 57) (775,)

semi-SelfTrain Label Accuracy: 0.705
[[1740   69   49]
 [ 589   74   19]
 [ 104   16  212]]
0.7054317548746518 [0.93649085 0.1085044  0.63855422]

 rate=7 and ii =9
Accuracy: 0.739
Macro Precision: 0.671
Macro Recall: 0.580
Macro F1-score: 0.587

[[498  20   9]
 [144  18   3]
 [ 23   3  57]]
              precision    recall  f1-score   support

         0.0       0.75      0.94      0.84       527
         1.0       0.44      0.11      0.17       165
         2.0       0.83      0.69      0.75        83

    accuracy                           0.74       775
   macro avg       0.67      0.58      0.59       775
weighted avg       0.69      0.74      0.69       775

140 65.1
50 23.3
25 11.6
1858 64.7
682 23.7
332 11.6
(3087, 57) (3087,) (775, 57) (775,)

semi-LabelSpread Label Accuracy: 0.665
[[1858    0    0]
 [ 635   47    0]
 [ 326    0    6]]
0.6653899721448467 [1.         0.06891496 0.01807229]

 rate=7 and ii =9
Accuracy: 0.715
Macro Precision: 0.570
Macro Recall: 0.352
Macro F1-score: 0.313

[[545   0   0]
 [149   9   0]
 [ 72   0   0]]
              precision    recall  f1-score   support

         0.0       0.71      1.00      0.83       545
         1.0       1.00      0.06      0.11       158
         2.0       0.00      0.00      0.00        72

    accuracy                           0.71       775
   macro avg       0.57      0.35      0.31       775
weighted avg       0.70      0.71      0.61       775

140 65.1
50 23.3
25 11.6
1858 64.7
682 23.7
332 11.6
(3087, 57) (3087,) (775, 57) (2872,) (2872,)

2 order Label Accuracy: 0.698
[[1711  113   34]
 [ 582   91    9]
 [ 101   27  204]]
0.6984679665738162 [0.92088267 0.13343109 0.61445783]

 rate=7 and ii =9
Accuracy: 0.764
Macro Precision: 0.776
Macro Recall: 0.587
Macro F1-score: 0.599

[[518   6   7]
 [141  17   2]
 [ 26   1  57]]
              precision    recall  f1-score   support

           0       0.76      0.98      0.85       531
           1       0.71      0.11      0.18       160
           2       0.86      0.68      0.76        84

    accuracy                           0.76       775
   macro avg       0.78      0.59      0.60       775
weighted avg       0.76      0.76      0.70       775

140 65.1
50 23.3
25 11.6
1858 64.7
682 23.7
332 11.6
(3087, 57) (3087,) (775, 57) (2872,) (2872,)

3 order Label Accuracy: 0.685
[[1700   93   65]
 [ 583   82   17]
 [ 101   46  185]]
0.6848885793871866 [0.91496233 0.1202346  0.55722892]

 rate=7 and ii =9
Accuracy: 0.746
Macro Precision: 0.678
Macro Recall: 0.549
Macro F1-score: 0.554

[[515   5  11]
 [144  13   3]
 [ 26   8  50]]
              precision    recall  f1-score   support

           0       0.75      0.97      0.85       531
           1       0.50      0.08      0.14       160
           2       0.78      0.60      0.68        84

    accuracy                           0.75       775
   macro avg       0.68      0.55      0.55       775
weighted avg       0.70      0.75      0.68       775

140 65.1
50 23.3
25 11.6
1858 64.7
682 23.7
332 11.6
(3087, 57) (3087,) (775, 57) (2872,) (2872,)

4 order Label Accuracy: 0.694
[[1729   64   65]
 [ 594   72   16]
 [ 117   24  191]]
0.6935933147632312 [0.93057051 0.10557185 0.5753012 ]

 rate=7 and ii =9
Accuracy: 0.745
Macro Precision: 0.692
Macro Recall: 0.539
Macro F1-score: 0.547

[[517   7   7]
 [145  10   3]
 [ 33   3  50]]
              precision    recall  f1-score   support

           0       0.74      0.97      0.84       531
           1       0.50      0.06      0.11       158
           2       0.83      0.58      0.68        86

    accuracy                           0.74       775
   macro avg       0.69      0.54      0.55       775
weighted avg       0.70      0.74      0.68       775

Time(sec):  8.3044251
nodes = range(self.m)
range(0, 8)
Graph with 8 nodes and 0 edges
3 216 8
L
[[1 1 1 ... 1 1 1]
 [1 1 3 ... 1 3 3]
 [3 3 3 ... 1 3 3]
 ...
 [1 1 1 ... 1 1 1]
 [1 1 2 ... 1 2 2]
 [1 1 1 ... 1 1 1]]
L_ind
[[1. 0. 0. ... 1. 0. 0.]
 [1. 0. 0. ... 0. 0. 1.]
 [0. 0. 1. ... 0. 0. 1.]
 ...
 [1. 0. 0. ... 1. 0. 0.]
 [1. 0. 0. ... 0. 1. 0.]
 [1. 0. 0. ... 1. 0. 0.]]
3 2871 8
L
[[1 1 2 ... 1 1 1]
 [2 1 1 ... 1 1 1]
 [1 1 1 ... 1 1 1]
 ...
 [3 1 3 ... 1 1 3]
 [1 1 1 ... 3 3 3]
 [1 1 1 ... 3 3 3]]
L_ind
[[1. 0. 0. ... 1. 0. 0.]
 [0. 1. 0. ... 1. 0. 0.]
 [1. 0. 0. ... 1. 0. 0.]
 ...
 [0. 0. 1. ... 0. 0. 1.]
 [1. 0. 0. ... 0. 0. 1.]
 [1. 0. 0. ... 0. 0. 1.]]
140 64.8
51 23.6
25 11.6
1858 64.7
681 23.7
332 11.6
(3087, 57) (3087,) (775, 57) (775,)

 SNO Accuracy: 0.614
[[1245  457  156]
 [ 348  292   41]
 [  54   53  225]]

 rate=7 and ii =10
Accuracy: 0.752
Macro Precision: 0.704
Macro Recall: 0.702
Macro F1-score: 0.702

[[426  61  16]
 [ 88  83   8]
 [ 11   8  74]]
              precision    recall  f1-score   support

           0       0.81      0.85      0.83       503
           1       0.55      0.46      0.50       179
           2       0.76      0.80      0.77        93

    accuracy                           0.75       775
   macro avg       0.70      0.70      0.70       775
weighted avg       0.74      0.75      0.75       775

140 64.8
51 23.6
25 11.6
1858 64.7
681 23.7
332 11.6
(3087, 57) (3087,) (775, 57) (775,)

semi-SelfTrain Label Accuracy: 0.704
[[1792   20   46]
 [ 604   65   12]
 [ 139   30  163]]
0.7035876001393243 [0.96447793 0.09544787 0.49096386]

 rate=7 and ii =10
Accuracy: 0.755
Macro Precision: 0.740
Macro Recall: 0.547
Macro F1-score: 0.559

[[523   2   8]
 [140  14   4]
 [ 31   5  48]]
              precision    recall  f1-score   support

         0.0       0.75      0.98      0.85       533
         1.0       0.67      0.09      0.16       158
         2.0       0.80      0.57      0.67        84

    accuracy                           0.75       775
   macro avg       0.74      0.55      0.56       775
weighted avg       0.74      0.75      0.69       775

140 64.8
51 23.6
25 11.6
1858 64.7
681 23.7
332 11.6
(3087, 57) (3087,) (775, 57) (775,)

semi-LabelSpread Label Accuracy: 0.661
[[1858    0    0]
 [ 641   40    0]
 [ 331    0    1]]
0.6614420062695925 [1.         0.05873715 0.00301205]

 rate=7 and ii =10
Accuracy: 0.719
Macro Precision: 0.905
Macro Recall: 0.359
Macro F1-score: 0.327

[[546   0   0]
 [147  10   0]
 [ 71   0   1]]
              precision    recall  f1-score   support

         0.0       0.71      1.00      0.83       546
         1.0       1.00      0.06      0.12       157
         2.0       1.00      0.01      0.03        72

    accuracy                           0.72       775
   macro avg       0.90      0.36      0.33       775
weighted avg       0.80      0.72      0.61       775

140 64.8
51 23.6
25 11.6
1858 64.7
681 23.7
332 11.6
(3087, 57) (3088,) (775, 57) (2871,) (2872,)
nodes = range(self.m)
range(0, 8)
Graph with 8 nodes and 0 edges
3 216 8
L
[[1 1 1 ... 1 1 1]
 [1 1 3 ... 1 3 3]
 [3 3 3 ... 1 3 3]
 ...
 [1 1 1 ... 1 1 1]
 [1 1 2 ... 1 2 2]
 [1 1 1 ... 1 1 1]]
L_ind
[[1. 0. 0. ... 1. 0. 0.]
 [1. 0. 0. ... 0. 0. 1.]
 [0. 0. 1. ... 0. 0. 1.]
 ...
 [1. 0. 0. ... 1. 0. 0.]
 [1. 0. 0. ... 0. 1. 0.]
 [1. 0. 0. ... 1. 0. 0.]]
3 2871 8
L
[[1 1 2 ... 1 1 1]
 [2 1 3 ... 1 1 1]
 [1 1 1 ... 1 1 1]
 ...
 [3 1 3 ... 1 3 3]
 [1 1 1 ... 3 3 3]
 [1 1 1 ... 3 3 3]]
L_ind
[[1. 0. 0. ... 1. 0. 0.]
 [0. 1. 0. ... 1. 0. 0.]
 [1. 0. 0. ... 1. 0. 0.]
 ...
 [0. 0. 1. ... 0. 0. 1.]
 [1. 0. 0. ... 0. 0. 1.]
 [1. 0. 0. ... 0. 0. 1.]]
140 64.8
51 23.6
25 11.6
1858 64.7
681 23.7
332 11.6
(3087, 57) (3087,) (775, 57) (775,)

 SNO Accuracy: 0.616
[[1239  441  178]
 [ 336  303   42]
 [  55   51  226]]

 rate=7 and ii =10
Accuracy: 0.751
Macro Precision: 0.694
Macro Recall: 0.695
Macro F1-score: 0.691

[[429  52  22]
 [ 90  81   9]
 [ 12   8  72]]
              precision    recall  f1-score   support

           0       0.81      0.85      0.83       503
           1       0.57      0.45      0.50       180
           2       0.70      0.78      0.74        92

    accuracy                           0.75       775
   macro avg       0.69      0.70      0.69       775
weighted avg       0.74      0.75      0.74       775

140 64.8
51 23.6
25 11.6
1858 64.7
681 23.7
332 11.6
(3087, 57) (3087,) (775, 57) (775,)

semi-SelfTrain Label Accuracy: 0.703
[[1797   13   48]
 [ 616   56    9]
 [ 139   27  166]]
0.703239289446186 [0.967169   0.08223201 0.5       ]

 rate=7 and ii =10
Accuracy: 0.754
Macro Precision: 0.716
Macro Recall: 0.547
Macro F1-score: 0.556

[[522   2   8]
 [141  13   4]
 [ 29   7  49]]
              precision    recall  f1-score   support

         0.0       0.75      0.98      0.85       532
         1.0       0.59      0.08      0.14       158
         2.0       0.80      0.58      0.67        85

    accuracy                           0.75       775
   macro avg       0.72      0.55      0.56       775
weighted avg       0.73      0.75      0.69       775

140 64.8
51 23.6
25 11.6
1858 64.7
681 23.7
332 11.6
(3087, 57) (3087,) (775, 57) (775,)

semi-LabelSpread Label Accuracy: 0.661
[[1858    0    0]
 [ 641   40    0]
 [ 331    0    1]]
0.6614420062695925 [1.         0.05873715 0.00301205]

 rate=7 and ii =10
Accuracy: 0.719
Macro Precision: 0.905
Macro Recall: 0.359
Macro F1-score: 0.327

[[546   0   0]
 [147  10   0]
 [ 71   0   1]]
              precision    recall  f1-score   support

         0.0       0.71      1.00      0.83       546
         1.0       1.00      0.06      0.12       157
         2.0       1.00      0.01      0.03        72

    accuracy                           0.72       775
   macro avg       0.90      0.36      0.33       775
weighted avg       0.80      0.72      0.61       775

140 64.8
51 23.6
25 11.6
1858 64.7
681 23.7
332 11.6
(3087, 57) (3087,) (775, 57) (2871,) (2871,)

2 order Label Accuracy: 0.699
[[1726   64   68]
 [ 590   73   18]
 [ 107   16  209]]
0.699407871821665 [0.92895587 0.1071953  0.62951807]

 rate=7 and ii =10
Accuracy: 0.768
Macro Precision: 0.843
Macro Recall: 0.584
Macro F1-score: 0.588

[[523   0   9]
 [142  13   2]
 [ 26   1  59]]
              precision    recall  f1-score   support

           0       0.76      0.98      0.86       532
           1       0.93      0.08      0.15       157
           2       0.84      0.69      0.76        86

    accuracy                           0.77       775
   macro avg       0.84      0.58      0.59       775
weighted avg       0.80      0.77      0.70       775

140 64.8
51 23.6
25 11.6
1858 64.7
681 23.7
332 11.6
(3087, 57) (3087,) (775, 57) (2871,) (2871,)

3 order Label Accuracy: 0.687
[[1698   86   74]
 [ 591   69   21]
 [ 110   18  204]]
0.6865203761755486 [0.9138859  0.10132159 0.61445783]

 rate=7 and ii =10
Accuracy: 0.766
Macro Precision: 0.795
Macro Recall: 0.588
Macro F1-score: 0.587

[[520   1  11]
 [139  14   4]
 [ 24   2  60]]
              precision    recall  f1-score   support

           0       0.76      0.98      0.86       532
           1       0.82      0.09      0.16       157
           2       0.80      0.70      0.75        86

    accuracy                           0.77       775
   macro avg       0.79      0.59      0.59       775
weighted avg       0.78      0.77      0.70       775

140 64.8
51 23.6
25 11.6
1858 64.7
681 23.7
332 11.6
(3087, 57) (3087,) (775, 57) (2871,) (2871,)

4 order Label Accuracy: 0.698
[[1747   70   41]
 [ 588   81   12]
 [ 123   32  177]]
0.69836293974225 [0.94025834 0.11894273 0.53313253]

 rate=7 and ii =10
Accuracy: 0.761
Macro Precision: 0.761
Macro Recall: 0.562
Macro F1-score: 0.582

[[523   2   6]
 [141  18   2]
 [ 27   7  49]]
              precision    recall  f1-score   support

           0       0.76      0.98      0.86       531
           1       0.67      0.11      0.19       161
           2       0.86      0.59      0.70        83

    accuracy                           0.76       775
   macro avg       0.76      0.56      0.58       775
weighted avg       0.75      0.76      0.70       775

Time(sec):  8.4422101
nodes = range(self.m)
range(0, 8)
Graph with 8 nodes and 0 edges
3 212 8
L
[[1 1 1 ... 1 1 1]
 [1 1 2 ... 1 2 2]
 [3 1 1 ... 1 1 1]
 ...
 [1 1 1 ... 1 1 1]
 [1 1 1 ... 1 1 1]
 [1 1 2 ... 1 2 2]]
L_ind
[[1. 0. 0. ... 1. 0. 0.]
 [1. 0. 0. ... 0. 1. 0.]
 [0. 0. 1. ... 1. 0. 0.]
 ...
 [1. 0. 0. ... 1. 0. 0.]
 [1. 0. 0. ... 1. 0. 0.]
 [1. 0. 0. ... 0. 1. 0.]]
3 2875 8
L
[[1 1 1 ... 1 1 1]
 [1 1 1 ... 1 1 1]
 [2 1 3 ... 1 2 3]
 ...
 [1 1 3 ... 1 3 3]
 [1 1 1 ... 3 3 3]
 [1 1 1 ... 3 3 3]]
L_ind
[[1. 0. 0. ... 1. 0. 0.]
 [1. 0. 0. ... 1. 0. 0.]
 [0. 1. 0. ... 0. 0. 1.]
 ...
 [1. 0. 0. ... 0. 0. 1.]
 [1. 0. 0. ... 0. 0. 1.]
 [1. 0. 0. ... 0. 0. 1.]]
138 65.1
50 23.6
24 11.3
1860 64.7
682 23.7
333 11.6
(3087, 57) (3087,) (775, 57) (775,)

 SNO Accuracy: 0.593
[[1173  432  255]
 [ 342  257   83]
 [  34   24  275]]

 rate=7 and ii =11
Accuracy: 0.734
Macro Precision: 0.668
Macro Recall: 0.696
Macro F1-score: 0.670

[[411  48  39]
 [ 89  73  15]
 [ 12   3  85]]
              precision    recall  f1-score   support

           0       0.80      0.83      0.81       498
           1       0.59      0.41      0.49       177
           2       0.61      0.85      0.71       100

    accuracy                           0.73       775
   macro avg       0.67      0.70      0.67       775
weighted avg       0.73      0.73      0.73       775

138 65.1
50 23.6
24 11.3
1860 64.7
682 23.7
333 11.6
(3087, 57) (3087,) (775, 57) (775,)

semi-SelfTrain Label Accuracy: 0.705
[[1745   50   65]
 [ 597   57   28]
 [ 105    4  224]]
0.7046956521739131 [0.93817204 0.08357771 0.67267267]

 rate=7 and ii =11
Accuracy: 0.757
Macro Precision: 0.749
Macro Recall: 0.599
Macro F1-score: 0.590

[[506   6  14]
 [140  15   5]
 [ 23   0  66]]
              precision    recall  f1-score   support

         0.0       0.76      0.96      0.85       526
         1.0       0.71      0.09      0.17       160
         2.0       0.78      0.74      0.76        89

    accuracy                           0.76       775
   macro avg       0.75      0.60      0.59       775
weighted avg       0.75      0.76      0.70       775

138 65.1
50 23.6
24 11.3
1860 64.7
682 23.7
333 11.6
(3087, 57) (3087,) (775, 57) (775,)

semi-LabelSpread Label Accuracy: 0.661
[[1860    0    0]
 [ 642   40    0]
 [ 332    0    1]]
0.6612173913043479 [1.         0.05865103 0.003003  ]

 rate=7 and ii =11
Accuracy: 0.719
Macro Precision: 0.905
Macro Recall: 0.361
Macro F1-score: 0.330

[[545   0   0]
 [146  11   0]
 [ 72   0   1]]
              precision    recall  f1-score   support

         0.0       0.71      1.00      0.83       545
         1.0       1.00      0.07      0.13       157
         2.0       1.00      0.01      0.03        73

    accuracy                           0.72       775
   macro avg       0.90      0.36      0.33       775
weighted avg       0.80      0.72      0.62       775

138 65.1
50 23.6
24 11.3
1860 64.7
682 23.7
333 11.6
(3087, 57) (3087,) (775, 57) (2875,) (2875,)

2 order Label Accuracy: 0.698
[[1671  139   50]
 [ 551  105   26]
 [  99    4  230]]
0.6977391304347826 [0.8983871  0.15395894 0.69069069]

 rate=7 and ii =11
Accuracy: 0.763
Macro Precision: 0.743
Macro Recall: 0.596
Macro F1-score: 0.611

[[510  12  11]
 [130  25   4]
 [ 27   0  56]]
              precision    recall  f1-score   support

           0       0.76      0.96      0.85       533
           1       0.68      0.16      0.26       159
           2       0.79      0.67      0.73        83

    accuracy                           0.76       775
   macro avg       0.74      0.60      0.61       775
weighted avg       0.75      0.76      0.71       775

138 65.1
50 23.6
24 11.3
1860 64.7
682 23.7
333 11.6
(3087, 57) (3087,) (775, 57) (2875,) (2875,)

3 order Label Accuracy: 0.665
[[1602  215   43]
 [ 547  119   16]
 [ 109   34  190]]
0.664695652173913 [0.86129032 0.1744868  0.57057057]

 rate=7 and ii =11
Accuracy: 0.745
Macro Precision: 0.713
Macro Recall: 0.562
Macro F1-score: 0.591

[[501  20   8]
 [129  31   4]
 [ 36   1  45]]
              precision    recall  f1-score   support

           0       0.75      0.95      0.84       529
           1       0.60      0.19      0.29       164
           2       0.79      0.55      0.65        82

    accuracy                           0.74       775
   macro avg       0.71      0.56      0.59       775
weighted avg       0.72      0.74      0.70       775

138 65.1
50 23.6
24 11.3
1860 64.7
682 23.7
333 11.6
(3087, 57) (3087,) (775, 57) (2875,) (2875,)

4 order Label Accuracy: 0.691
[[1731   91   38]
 [ 591   78   13]
 [ 135   21  177]]
0.6907826086956522 [0.93064516 0.1143695  0.53153153]

 rate=7 and ii =11
Accuracy: 0.748
Macro Precision: 0.745
Macro Recall: 0.535
Macro F1-score: 0.558

[[520   8   6]
 [139  18   3]
 [ 38   1  42]]
              precision    recall  f1-score   support

           0       0.75      0.97      0.84       534
           1       0.67      0.11      0.19       160
           2       0.82      0.52      0.64        81

    accuracy                           0.75       775
   macro avg       0.75      0.53      0.56       775
weighted avg       0.74      0.75      0.69       775

Time(sec):  7.5077543
nodes = range(self.m)
range(0, 8)
Graph with 8 nodes and 0 edges
3 211 8
L
[[1 1 2 ... 1 2 2]
 [2 1 2 ... 1 2 2]
 [1 1 1 ... 1 1 1]
 ...
 [1 1 1 ... 1 1 1]
 [1 1 2 ... 1 2 2]
 [1 1 1 ... 1 1 1]]
L_ind
[[1. 0. 0. ... 0. 1. 0.]
 [0. 1. 0. ... 0. 1. 0.]
 [1. 0. 0. ... 1. 0. 0.]
 ...
 [1. 0. 0. ... 1. 0. 0.]
 [1. 0. 0. ... 0. 1. 0.]
 [1. 0. 0. ... 1. 0. 0.]]
3 2876 8
L
[[1 1 1 ... 1 1 1]
 [1 1 1 ... 1 1 1]
 [2 1 1 ... 1 1 1]
 ...
 [1 1 3 ... 1 3 3]
 [1 1 1 ... 3 3 3]
 [1 1 1 ... 3 3 3]]
L_ind
[[1. 0. 0. ... 1. 0. 0.]
 [1. 0. 0. ... 1. 0. 0.]
 [0. 1. 0. ... 1. 0. 0.]
 ...
 [1. 0. 0. ... 0. 0. 1.]
 [1. 0. 0. ... 0. 0. 1.]
 [1. 0. 0. ... 0. 0. 1.]]
138 65.4
49 23.2
24 11.4
1860 64.7
683 23.7
333 11.6
(3087, 57) (3087,) (775, 57) (775,)

 SNO Accuracy: 0.598
[[1203  459  198]
 [ 371  247   65]
 [  35   29  269]]

 rate=7 and ii =12
Accuracy: 0.743
Macro Precision: 0.687
Macro Recall: 0.704
Macro F1-score: 0.686

[[417  50  26]
 [ 97  72  13]
 [ 10   3  87]]
              precision    recall  f1-score   support

           0       0.80      0.85      0.82       493
           1       0.58      0.40      0.47       182
           2       0.69      0.87      0.77       100

    accuracy                           0.74       775
   macro avg       0.69      0.70      0.69       775
weighted avg       0.73      0.74      0.73       775

138 65.4
49 23.2
24 11.4
1860 64.7
683 23.7
333 11.6
(3087, 57) (3087,) (775, 57) (775,)

semi-SelfTrain Label Accuracy: 0.695
[[1760    1   99]
 [ 632   31   20]
 [ 126    0  207]]
0.6947148817802503 [0.94623656 0.04538799 0.62162162]

 rate=7 and ii =12
Accuracy: 0.748
Macro Precision: 0.829
Macro Recall: 0.566
Macro F1-score: 0.552

[[511   0  17]
 [145   9   4]
 [ 29   0  60]]
              precision    recall  f1-score   support

         0.0       0.75      0.97      0.84       528
         1.0       1.00      0.06      0.11       158
         2.0       0.74      0.67      0.71        89

    accuracy                           0.75       775
   macro avg       0.83      0.57      0.55       775
weighted avg       0.80      0.75      0.68       775

138 65.4
49 23.2
24 11.4
1860 64.7
683 23.7
333 11.6
(3087, 57) (3087,) (775, 57) (775,)

semi-LabelSpread Label Accuracy: 0.659
[[1860    0    0]
 [ 652   31    0]
 [ 329    0    4]]
0.6589012517385258 [1.         0.04538799 0.01201201]

 rate=7 and ii =12
Accuracy: 0.716
Macro Precision: 0.904
Macro Recall: 0.357
Macro F1-score: 0.322

[[545   0   0]
 [149   9   0]
 [ 71   0   1]]
              precision    recall  f1-score   support

         0.0       0.71      1.00      0.83       545
         1.0       1.00      0.06      0.11       158
         2.0       1.00      0.01      0.03        72

    accuracy                           0.72       775
   macro avg       0.90      0.36      0.32       775
weighted avg       0.80      0.72      0.61       775

138 65.4
49 23.2
24 11.4
1860 64.7
683 23.7
333 11.6
(3087, 57) (3087,) (775, 57) (2876,) (2876,)

2 order Label Accuracy: 0.704
[[1717   79   64]
 [ 583   77   23]
 [  90   12  231]]
0.7041029207232267 [0.92311828 0.11273792 0.69369369]

 rate=7 and ii =12
Accuracy: 0.763
Macro Precision: 0.778
Macro Recall: 0.599
Macro F1-score: 0.599

[[512   4  11]
 [141  17   4]
 [ 23   1  62]]
              precision    recall  f1-score   support

           0       0.76      0.97      0.85       527
           1       0.77      0.10      0.18       162
           2       0.81      0.72      0.76        86

    accuracy                           0.76       775
   macro avg       0.78      0.60      0.60       775
weighted avg       0.77      0.76      0.70       775

138 65.4
49 23.2
24 11.4
1860 64.7
683 23.7
333 11.6
(3087, 57) (3087,) (775, 57) (2876,) (2876,)

3 order Label Accuracy: 0.691
[[1705   96   59]
 [ 593   76   14]
 [ 100   28  205]]
0.6905424200278164 [0.91666667 0.11127379 0.61561562]

 rate=7 and ii =12
Accuracy: 0.750
Macro Precision: 0.722
Macro Recall: 0.571
Macro F1-score: 0.576

[[509   6  10]
 [142  17   5]
 [ 27   4  55]]
              precision    recall  f1-score   support

           0       0.75      0.97      0.85       525
           1       0.63      0.10      0.18       164
           2       0.79      0.64      0.71        86

    accuracy                           0.75       775
   macro avg       0.72      0.57      0.58       775
weighted avg       0.73      0.75      0.69       775

138 65.4
49 23.2
24 11.4
1860 64.7
683 23.7
333 11.6
(3087, 57) (3087,) (775, 57) (2876,) (2876,)

4 order Label Accuracy: 0.712
[[1766   28   66]
 [ 605   57   21]
 [  95   13  225]]
0.7121001390820584 [0.94946237 0.08345534 0.67567568]

 rate=7 and ii =12
Accuracy: 0.770
Macro Precision: 0.796
Macro Recall: 0.599
Macro F1-score: 0.601

[[520   2   9]
 [139  16   4]
 [ 22   2  61]]
              precision    recall  f1-score   support

           0       0.76      0.98      0.86       531
           1       0.80      0.10      0.18       159
           2       0.82      0.72      0.77        85

    accuracy                           0.77       775
   macro avg       0.80      0.60      0.60       775
weighted avg       0.78      0.77      0.71       775

Time(sec):  7.802523600000001
nodes = range(self.m)
range(0, 8)
Graph with 8 nodes and 0 edges
3 212 8
L
[[2 1 2 ... 2 2 2]
 [1 1 3 ... 1 3 3]
 [1 1 2 ... 1 2 2]
 ...
 [1 1 1 ... 1 1 1]
 [1 1 1 ... 1 1 1]
 [2 1 2 ... 1 2 2]]
L_ind
[[0. 1. 0. ... 0. 1. 0.]
 [1. 0. 0. ... 0. 0. 1.]
 [1. 0. 0. ... 0. 1. 0.]
 ...
 [1. 0. 0. ... 1. 0. 0.]
 [1. 0. 0. ... 1. 0. 0.]
 [0. 1. 0. ... 0. 1. 0.]]
3 2875 8
L
[[1 1 3 ... 1 1 1]
 [1 1 1 ... 1 1 2]
 [1 1 1 ... 1 1 1]
 ...
 [3 1 3 ... 1 3 3]
 [1 1 1 ... 1 3 3]
 [2 1 1 ... 1 3 3]]
L_ind
[[1. 0. 0. ... 1. 0. 0.]
 [1. 0. 0. ... 0. 1. 0.]
 [1. 0. 0. ... 1. 0. 0.]
 ...
 [0. 0. 1. ... 0. 0. 1.]
 [1. 0. 0. ... 0. 0. 1.]
 [0. 1. 0. ... 0. 0. 1.]]
138 65.1
50 23.6
24 11.3
1860 64.7
682 23.7
333 11.6
(3087, 57) (3087,) (775, 57) (775,)

 SNO Accuracy: 0.576
[[1102  504  254]
 [ 303  285   94]
 [  33   31  269]]

 rate=7 and ii =13
Accuracy: 0.692
Macro Precision: 0.629
Macro Recall: 0.692
Macro F1-score: 0.651

[[359  87  37]
 [ 76  91  25]
 [  8   6  86]]
              precision    recall  f1-score   support

           0       0.81      0.74      0.78       483
           1       0.49      0.47      0.48       192
           2       0.58      0.86      0.69       100

    accuracy                           0.69       775
   macro avg       0.63      0.69      0.65       775
weighted avg       0.70      0.69      0.69       775

138 65.1
50 23.6
24 11.3
1860 64.7
682 23.7
333 11.6
(3087, 57) (3087,) (775, 57) (775,)

semi-SelfTrain Label Accuracy: 0.682
[[1651  108  101]
 [ 557   78   47]
 [  88   12  233]]
0.6824347826086956 [0.88763441 0.1143695  0.6996997 ]

 rate=7 and ii =13
Accuracy: 0.732
Macro Precision: 0.640
Macro Recall: 0.602
Macro F1-score: 0.589

[[480  25  19]
 [136  22   7]
 [ 19   2  65]]
              precision    recall  f1-score   support

         0.0       0.76      0.92      0.83       524
         1.0       0.45      0.13      0.21       165
         2.0       0.71      0.76      0.73        86

    accuracy                           0.73       775
   macro avg       0.64      0.60      0.59       775
weighted avg       0.69      0.73      0.69       775

138 65.1
50 23.6
24 11.3
1860 64.7
682 23.7
333 11.6
(3087, 57) (3087,) (775, 57) (775,)

semi-LabelSpread Label Accuracy: 0.661
[[1860    0    0]
 [ 642   40    0]
 [ 332    0    1]]
0.6612173913043479 [1.         0.05865103 0.003003  ]

 rate=7 and ii =13
Accuracy: 0.717
Macro Precision: 0.571
Macro Recall: 0.357
Macro F1-score: 0.321

[[545   0   0]
 [147  11   0]
 [ 72   0   0]]
              precision    recall  f1-score   support

         0.0       0.71      1.00      0.83       545
         1.0       1.00      0.07      0.13       158
         2.0       0.00      0.00      0.00        72

    accuracy                           0.72       775
   macro avg       0.57      0.36      0.32       775
weighted avg       0.71      0.72      0.61       775

138 65.1
50 23.6
24 11.3
1860 64.7
682 23.7
333 11.6
(3087, 57) (3088,) (775, 57) (2875,) (2876,)
nodes = range(self.m)
range(0, 8)
Graph with 8 nodes and 0 edges
3 212 8
L
[[2 1 2 ... 2 2 2]
 [1 1 3 ... 1 3 3]
 [1 1 2 ... 1 2 2]
 ...
 [1 1 1 ... 1 1 1]
 [1 1 1 ... 1 1 1]
 [2 1 2 ... 1 2 2]]
L_ind
[[0. 1. 0. ... 0. 1. 0.]
 [1. 0. 0. ... 0. 0. 1.]
 [1. 0. 0. ... 0. 1. 0.]
 ...
 [1. 0. 0. ... 1. 0. 0.]
 [1. 0. 0. ... 1. 0. 0.]
 [0. 1. 0. ... 0. 1. 0.]]
3 2875 8
L
[[1 1 3 ... 1 1 1]
 [1 1 1 ... 1 1 1]
 [1 1 1 ... 1 1 1]
 ...
 [3 1 3 ... 1 1 3]
 [1 1 1 ... 1 3 3]
 [2 1 1 ... 1 3 3]]
L_ind
[[1. 0. 0. ... 1. 0. 0.]
 [1. 0. 0. ... 1. 0. 0.]
 [1. 0. 0. ... 1. 0. 0.]
 ...
 [0. 0. 1. ... 0. 0. 1.]
 [1. 0. 0. ... 0. 0. 1.]
 [0. 1. 0. ... 0. 0. 1.]]
138 65.1
50 23.6
24 11.3
1860 64.7
682 23.7
333 11.6
(3087, 57) (3087,) (775, 57) (775,)

 SNO Accuracy: 0.581
[[1103  502  255]
 [ 297  299   86]
 [  34   32  267]]

 rate=7 and ii =13
Accuracy: 0.703
Macro Precision: 0.644
Macro Recall: 0.704
Macro F1-score: 0.666

[[361  83  36]
 [ 74  97  23]
 [  7   7  87]]
              precision    recall  f1-score   support

           0       0.82      0.75      0.78       480
           1       0.52      0.50      0.51       194
           2       0.60      0.86      0.70       101

    accuracy                           0.70       775
   macro avg       0.64      0.70      0.67       775
weighted avg       0.71      0.70      0.70       775

138 65.1
50 23.6
24 11.3
1860 64.7
682 23.7
333 11.6
(3087, 57) (3087,) (775, 57) (775,)

semi-SelfTrain Label Accuracy: 0.678
[[1631  108  121]
 [ 550   77   55]
 [  79   12  242]]
0.6782608695652174 [0.87688172 0.11290323 0.72672673]

 rate=7 and ii =13
Accuracy: 0.732
Macro Precision: 0.635
Macro Recall: 0.612
Macro F1-score: 0.590

[[473  23  22]
 [133  22  11]
 [ 16   3  72]]
              precision    recall  f1-score   support

         0.0       0.76      0.91      0.83       518
         1.0       0.46      0.13      0.21       166
         2.0       0.69      0.79      0.73        91

    accuracy                           0.73       775
   macro avg       0.63      0.61      0.59       775
weighted avg       0.69      0.73      0.68       775

138 65.1
50 23.6
24 11.3
1860 64.7
682 23.7
333 11.6
(3087, 57) (3087,) (775, 57) (775,)

semi-LabelSpread Label Accuracy: 0.661
[[1860    0    0]
 [ 642   40    0]
 [ 332    0    1]]
0.6612173913043479 [1.         0.05865103 0.003003  ]

 rate=7 and ii =13
Accuracy: 0.717
Macro Precision: 0.571
Macro Recall: 0.357
Macro F1-score: 0.321

[[545   0   0]
 [147  11   0]
 [ 72   0   0]]
              precision    recall  f1-score   support

         0.0       0.71      1.00      0.83       545
         1.0       1.00      0.07      0.13       158
         2.0       0.00      0.00      0.00        72

    accuracy                           0.72       775
   macro avg       0.57      0.36      0.32       775
weighted avg       0.71      0.72      0.61       775

138 65.1
50 23.6
24 11.3
1860 64.7
682 23.7
333 11.6
(3087, 57) (3087,) (775, 57) (2875,) (2875,)

2 order Label Accuracy: 0.682
[[1605  183   72]
 [ 526  120   36]
 [  84   12  237]]
0.6824347826086956 [0.86290323 0.17595308 0.71171171]

 rate=7 and ii =13
Accuracy: 0.750
Macro Precision: 0.693
Macro Recall: 0.611
Macro F1-score: 0.616

[[491  23  12]
 [129  28   7]
 [ 23   0  62]]
              precision    recall  f1-score   support

           0       0.76      0.93      0.84       526
           1       0.55      0.17      0.26       164
           2       0.77      0.73      0.75        85

    accuracy                           0.75       775
   macro avg       0.69      0.61      0.62       775
weighted avg       0.72      0.75      0.71       775

138 65.1
50 23.6
24 11.3
1860 64.7
682 23.7
333 11.6
(3087, 57) (3087,) (775, 57) (2875,) (2875,)

3 order Label Accuracy: 0.656
[[1568  195   97]
 [ 513  116   53]
 [  72   60  201]]
0.6556521739130434 [0.84301075 0.17008798 0.6036036 ]

 rate=7 and ii =13
Accuracy: 0.741
Macro Precision: 0.672
Macro Recall: 0.604
Macro F1-score: 0.617

[[481  30  11]
 [126  36   7]
 [ 19   8  57]]
              precision    recall  f1-score   support

           0       0.77      0.92      0.84       522
           1       0.49      0.21      0.30       169
           2       0.76      0.68      0.72        84

    accuracy                           0.74       775
   macro avg       0.67      0.60      0.62       775
weighted avg       0.71      0.74      0.71       775

138 65.1
50 23.6
24 11.3
1860 64.7
682 23.7
333 11.6
(3087, 57) (3087,) (775, 57) (2875,) (2875,)

4 order Label Accuracy: 0.677
[[1604  195   61]
 [ 515  130   37]
 [  86   34  213]]
0.6772173913043478 [0.86236559 0.19061584 0.63963964]

 rate=7 and ii =13
Accuracy: 0.752
Macro Precision: 0.712
Macro Recall: 0.607
Macro F1-score: 0.623

[[492  21  11]
 [128  33   5]
 [ 25   2  58]]
              precision    recall  f1-score   support

           0       0.76      0.94      0.84       524
           1       0.59      0.20      0.30       166
           2       0.78      0.68      0.73        85

    accuracy                           0.75       775
   macro avg       0.71      0.61      0.62       775
weighted avg       0.73      0.75      0.71       775

Time(sec):  8.6538668
nodes = range(self.m)
range(0, 8)
Graph with 8 nodes and 0 edges
3 209 8
L
[[1 1 1 ... 1 1 1]
 [1 1 2 ... 1 2 2]
 [1 1 1 ... 1 1 1]
 ...
 [1 1 1 ... 1 1 1]
 [1 1 2 ... 1 2 2]
 [1 1 1 ... 3 1 1]]
L_ind
[[1. 0. 0. ... 1. 0. 0.]
 [1. 0. 0. ... 0. 1. 0.]
 [1. 0. 0. ... 1. 0. 0.]
 ...
 [1. 0. 0. ... 1. 0. 0.]
 [1. 0. 0. ... 0. 1. 0.]
 [1. 0. 0. ... 1. 0. 0.]]
3 2878 8
L
[[1 1 2 ... 1 1 1]
 [3 1 1 ... 1 1 1]
 [1 1 1 ... 1 1 1]
 ...
 [1 1 3 ... 1 3 1]
 [1 1 1 ... 3 3 3]
 [1 1 1 ... 3 3 3]]
L_ind
[[1. 0. 0. ... 1. 0. 0.]
 [0. 0. 1. ... 1. 0. 0.]
 [1. 0. 0. ... 1. 0. 0.]
 ...
 [1. 0. 0. ... 1. 0. 0.]
 [1. 0. 0. ... 0. 0. 1.]
 [1. 0. 0. ... 0. 0. 1.]]
137 65.6
49 23.4
23 11.0
1861 64.7
683 23.7
334 11.6
(3087, 57) (3087,) (775, 57) (775,)

 SNO Accuracy: 0.561
[[1102  490  269]
 [ 349  241   93]
 [  37   26  271]]

 rate=7 and ii =14
Accuracy: 0.703
Macro Precision: 0.637
Macro Recall: 0.694
Macro F1-score: 0.655

[[377  71  40]
 [ 90  78  18]
 [  6   5  90]]
              precision    recall  f1-score   support

           0       0.80      0.77      0.78       488
           1       0.51      0.42      0.46       186
           2       0.61      0.89      0.72       101

    accuracy                           0.70       775
   macro avg       0.64      0.69      0.66       775
weighted avg       0.70      0.70      0.70       775

137 65.6
49 23.4
23 11.0
1861 64.7
683 23.7
334 11.6
(3087, 57) (3087,) (775, 57) (775,)

semi-SelfTrain Label Accuracy: 0.712
[[1794    2   65]
 [ 623   24   36]
 [ 104    0  230]]
0.7116052814454482 [0.96399785 0.03513909 0.68862275]

 rate=7 and ii =14
Accuracy: 0.772
Macro Precision: 0.850
Macro Recall: 0.611
Macro F1-score: 0.591

[[518   0  11]
 [139  11   8]
 [ 19   0  69]]
              precision    recall  f1-score   support

         0.0       0.77      0.98      0.86       529
         1.0       1.00      0.07      0.13       158
         2.0       0.78      0.78      0.78        88

    accuracy                           0.77       775
   macro avg       0.85      0.61      0.59       775
weighted avg       0.82      0.77      0.70       775

137 65.6
49 23.4
23 11.0
1861 64.7
683 23.7
334 11.6
(3087, 57) (3087,) (775, 57) (775,)

semi-LabelSpread Label Accuracy: 0.657
[[1861    0    0]
 [ 659   24    0]
 [ 329    0    5]]
0.6567060458651841 [1.         0.03513909 0.01497006]

 rate=7 and ii =14
Accuracy: 0.719
Macro Precision: 0.905
Macro Recall: 0.370
Macro F1-score: 0.347

[[543   0   0]
 [147  11   0]
 [ 71   0   3]]
              precision    recall  f1-score   support

         0.0       0.71      1.00      0.83       543
         1.0       1.00      0.07      0.13       158
         2.0       1.00      0.04      0.08        74

    accuracy                           0.72       775
   macro avg       0.90      0.37      0.35       775
weighted avg       0.80      0.72      0.62       775

137 65.6
49 23.4
23 11.0
1861 64.7
683 23.7
334 11.6
(3087, 57) (3087,) (775, 57) (2878,) (2878,)

2 order Label Accuracy: 0.669
[[1569  202   90]
 [ 505  126   52]
 [  94   11  229]]
0.6685198054204309 [0.84309511 0.18448023 0.68562874]

 rate=7 and ii =14
Accuracy: 0.754
Macro Precision: 0.706
Macro Recall: 0.625
Macro F1-score: 0.630

[[484  21  13]
 [126  33   8]
 [ 21   2  67]]
              precision    recall  f1-score   support

           0       0.77      0.93      0.84       518
           1       0.59      0.20      0.30       167
           2       0.76      0.74      0.75        90

    accuracy                           0.75       775
   macro avg       0.71      0.63      0.63       775
weighted avg       0.73      0.75      0.71       775

137 65.6
49 23.4
23 11.0
1861 64.7
683 23.7
334 11.6
(3087, 57) (3087,) (775, 57) (2878,) (2878,)

3 order Label Accuracy: 0.659
[[1642   52  167]
 [ 567   56   60]
 [ 130    6  198]]
0.6587908269631688 [0.88232133 0.08199122 0.59281437]

 rate=7 and ii =14
Accuracy: 0.750
Macro Precision: 0.725
Macro Recall: 0.573
Macro F1-score: 0.571

[[505   4  17]
 [133  18   8]
 [ 29   3  58]]
              precision    recall  f1-score   support

           0       0.76      0.96      0.85       526
           1       0.72      0.11      0.20       159
           2       0.70      0.64      0.67        90

    accuracy                           0.75       775
   macro avg       0.73      0.57      0.57       775
weighted avg       0.74      0.75      0.69       775

137 65.6
49 23.4
23 11.0
1861 64.7
683 23.7
334 11.6
(3087, 57) (3087,) (775, 57) (2878,) (2878,)

4 order Label Accuracy: 0.682
[[1691  100   70]
 [ 573   84   26]
 [ 124   22  188]]
0.6820708825573315 [0.90865126 0.12298682 0.56287425]

 rate=7 and ii =14
Accuracy: 0.759
Macro Precision: 0.742
Macro Recall: 0.576
Macro F1-score: 0.594

[[512  10   6]
 [130  23   8]
 [ 32   1  53]]
              precision    recall  f1-score   support

           0       0.76      0.97      0.85       528
           1       0.68      0.14      0.24       161
           2       0.79      0.62      0.69        86

    accuracy                           0.76       775
   macro avg       0.74      0.58      0.59       775
weighted avg       0.75      0.76      0.71       775

Time(sec):  7.1600533
nodes = range(self.m)
range(0, 8)
Graph with 8 nodes and 0 edges
3 214 8
L
[[1 1 3 ... 3 3 3]
 [2 1 2 ... 1 2 2]
 [1 1 1 ... 1 1 1]
 ...
 [1 1 1 ... 1 1 1]
 [3 1 3 ... 1 3 3]
 [1 1 1 ... 1 1 1]]
L_ind
[[1. 0. 0. ... 0. 0. 1.]
 [0. 1. 0. ... 0. 1. 0.]
 [1. 0. 0. ... 1. 0. 0.]
 ...
 [1. 0. 0. ... 1. 0. 0.]
 [0. 0. 1. ... 0. 0. 1.]
 [1. 0. 0. ... 1. 0. 0.]]
3 2873 8
L
[[1 1 3 ... 1 1 1]
 [1 1 1 ... 1 1 1]
 [1 1 1 ... 1 1 1]
 ...
 [1 1 3 ... 1 3 3]
 [1 1 1 ... 3 3 3]
 [1 1 1 ... 3 3 3]]
L_ind
[[1. 0. 0. ... 1. 0. 0.]
 [1. 0. 0. ... 1. 0. 0.]
 [1. 0. 0. ... 1. 0. 0.]
 ...
 [1. 0. 0. ... 0. 0. 1.]
 [1. 0. 0. ... 0. 0. 1.]
 [1. 0. 0. ... 0. 0. 1.]]
140 65.4
50 23.4
24 11.2
1858 64.7
682 23.7
333 11.6
(3087, 57) (3087,) (775, 57) (775,)

 SNO Accuracy: 0.605
[[1217  388  253]
 [ 357  248   77]
 [  41   20  272]]

 rate=7 and ii =15
Accuracy: 0.765
Macro Precision: 0.710
Macro Recall: 0.726
Macro F1-score: 0.705

[[427  37  34]
 [ 85  81  13]
 [ 10   3  85]]
              precision    recall  f1-score   support

           0       0.82      0.86      0.84       498
           1       0.67      0.45      0.54       179
           2       0.64      0.87      0.74        98

    accuracy                           0.77       775
   macro avg       0.71      0.73      0.71       775
weighted avg       0.76      0.77      0.76       775

140 65.4
50 23.4
24 11.2
1858 64.7
682 23.7
333 11.6
(3087, 57) (3087,) (775, 57) (775,)

semi-SelfTrain Label Accuracy: 0.685
[[1648  118   92]
 [ 554   79   49]
 [  85    8  240]]
0.6846501914375217 [0.88697524 0.11583578 0.72072072]

 rate=7 and ii =15
Accuracy: 0.742
Macro Precision: 0.669
Macro Recall: 0.625
Macro F1-score: 0.616

[[475  24  20]
 [127  31   9]
 [ 17   3  69]]
              precision    recall  f1-score   support

         0.0       0.77      0.92      0.83       519
         1.0       0.53      0.19      0.28       167
         2.0       0.70      0.78      0.74        89

    accuracy                           0.74       775
   macro avg       0.67      0.63      0.62       775
weighted avg       0.71      0.74      0.70       775

140 65.4
50 23.4
24 11.2
1858 64.7
682 23.7
333 11.6
(3087, 57) (3087,) (775, 57) (775,)

semi-LabelSpread Label Accuracy: 0.664
[[1858    0    0]
 [ 640   42    0]
 [ 326    0    7]]
0.6637660981552385 [1.         0.06158358 0.02102102]

 rate=7 and ii =15
Accuracy: 0.721
Macro Precision: 0.906
Macro Recall: 0.363
Macro F1-score: 0.335

[[546   0   0]
 [145  12   0]
 [ 71   0   1]]
              precision    recall  f1-score   support

         0.0       0.72      1.00      0.83       546
         1.0       1.00      0.08      0.14       157
         2.0       1.00      0.01      0.03        72

    accuracy                           0.72       775
   macro avg       0.91      0.36      0.33       775
weighted avg       0.80      0.72      0.62       775

140 65.4
50 23.4
24 11.2
1858 64.7
682 23.7
333 11.6
(3087, 57) (3087,) (775, 57) (2873,) (2873,)

2 order Label Accuracy: 0.696
[[1658  128   72]
 [ 530  110   42]
 [  88   12  233]]
0.696484510964149 [0.89235737 0.16129032 0.6996997 ]

 rate=7 and ii =15
Accuracy: 0.761
Macro Precision: 0.727
Macro Recall: 0.604
Macro F1-score: 0.608

[[504   9  14]
 [128  25   8]
 [ 23   3  61]]
              precision    recall  f1-score   support

           0       0.77      0.96      0.85       527
           1       0.68      0.16      0.25       161
           2       0.73      0.70      0.72        87

    accuracy                           0.76       775
   macro avg       0.73      0.60      0.61       775
weighted avg       0.75      0.76      0.71       775

140 65.4
50 23.4
24 11.2
1858 64.7
682 23.7
333 11.6
(3087, 57) (3087,) (775, 57) (2873,) (2873,)

3 order Label Accuracy: 0.671
[[1660   83  115]
 [ 559   72   51]
 [ 110   28  195]]
0.6707274625826662 [0.8934338  0.10557185 0.58558559]

 rate=7 and ii =15
Accuracy: 0.752
Macro Precision: 0.786
Macro Recall: 0.567
Macro F1-score: 0.568

[[512   2  15]
 [136  17   7]
 [ 32   0  54]]
              precision    recall  f1-score   support

           0       0.75      0.97      0.85       529
           1       0.89      0.11      0.19       160
           2       0.71      0.63      0.67        86

    accuracy                           0.75       775
   macro avg       0.79      0.57      0.57       775
weighted avg       0.78      0.75      0.69       775

140 65.4
50 23.4
24 11.2
1858 64.7
682 23.7
333 11.6
(3087, 57) (3087,) (775, 57) (2873,) (2873,)

4 order Label Accuracy: 0.710
[[1749   62   47]
 [ 578   80   24]
 [ 109   12  212]]
0.7104072398190046 [0.94133477 0.11730205 0.63663664]

 rate=7 and ii =15
Accuracy: 0.770
Macro Precision: 0.832
Macro Recall: 0.594
Macro F1-score: 0.600

[[521   1  12]
 [135  19   4]
 [ 26   0  57]]
              precision    recall  f1-score   support

           0       0.76      0.98      0.86       534
           1       0.95      0.12      0.21       158
           2       0.78      0.69      0.73        83

    accuracy                           0.77       775
   macro avg       0.83      0.59      0.60       775
weighted avg       0.80      0.77      0.71       775

Time(sec):  8.0025053
