nodes = range(self.m)
range(0, 8)
Graph with 8 nodes and 0 edges
3 338 8
L
[[1 1 1 ... 1 1 1]
 [1 1 1 ... 1 1 1]
 [2 1 2 ... 1 2 2]
 ...
 [2 2 2 ... 1 2 2]
 [1 1 3 ... 3 3 3]
 [2 1 2 ... 1 2 2]]
L_ind
[[1. 0. 0. ... 1. 0. 0.]
 [1. 0. 0. ... 1. 0. 0.]
 [0. 1. 0. ... 0. 1. 0.]
 ...
 [0. 1. 0. ... 0. 1. 0.]
 [1. 0. 0. ... 0. 0. 1.]
 [0. 1. 0. ... 0. 1. 0.]]
3 2749 8
L
[[1 1 1 ... 1 1 1]
 [1 1 1 ... 1 1 2]
 [2 1 2 ... 1 1 1]
 ...
 [1 1 3 ... 3 3 3]
 [1 1 1 ... 3 3 3]
 [1 1 2 ... 3 3 3]]
L_ind
[[1. 0. 0. ... 1. 0. 0.]
 [1. 0. 0. ... 0. 1. 0.]
 [0. 1. 0. ... 1. 0. 0.]
 ...
 [1. 0. 0. ... 0. 0. 1.]
 [1. 0. 0. ... 0. 0. 1.]
 [1. 0. 0. ... 0. 0. 1.]]
213 63.0
82 24.3
43 12.7
1785 64.9
650 23.6
314 11.4
(3087, 57) (3087,) (775, 57) (775,)

 SNO Accuracy: 0.586
[[1067  448  270]
 [ 297  278   75]
 [  21   28  265]]

 rate=11 and ii =1
Accuracy: 0.728
Macro Precision: 0.660
Macro Recall: 0.706
Macro F1-score: 0.671

[[399  54  44]
 [ 87  78  14]
 [  8   4  87]]
              precision    recall  f1-score   support

           0       0.81      0.80      0.81       497
           1       0.57      0.44      0.50       179
           2       0.60      0.88      0.71        99

    accuracy                           0.73       775
   macro avg       0.66      0.71      0.67       775
weighted avg       0.73      0.73      0.72       775

213 63.0
82 24.3
43 12.7
1785 64.9
650 23.6
314 11.4
(3087, 57) (3087,) (775, 57) (775,)

semi-SelfTrain Label Accuracy: 0.704
[[1644  108   33]
 [ 528   99   23]
 [ 116    6  192]]
0.7038923244816296 [0.9210084  0.15230769 0.61146497]

 rate=11 and ii =1
Accuracy: 0.766
Macro Precision: 0.766
Macro Recall: 0.607
Macro F1-score: 0.634

[[508  14   6]
 [132  31   2]
 [ 25   2  55]]
              precision    recall  f1-score   support

         0.0       0.76      0.96      0.85       528
         1.0       0.66      0.19      0.29       165
         2.0       0.87      0.67      0.76        82

    accuracy                           0.77       775
   macro avg       0.77      0.61      0.63       775
weighted avg       0.75      0.77      0.72       775

213 63.0
82 24.3
43 12.7
1785 64.9
650 23.6
314 11.4
(3087, 57) (3087,) (775, 57) (775,)

semi-LabelSpread Label Accuracy: 0.675
[[1785    0    0]
 [ 584   66    0]
 [ 309    0    5]]
0.6751546016733357 [1.         0.10153846 0.01592357]

 rate=11 and ii =1
Accuracy: 0.732
Macro Precision: 0.908
Macro Recall: 0.387
Macro F1-score: 0.376

[[544   0   0]
 [138  21   0]
 [ 70   0   2]]
              precision    recall  f1-score   support

         0.0       0.72      1.00      0.84       544
         1.0       1.00      0.13      0.23       159
         2.0       1.00      0.03      0.05        72

    accuracy                           0.73       775
   macro avg       0.91      0.39      0.38       775
weighted avg       0.81      0.73      0.64       775

213 63.0
82 24.3
43 12.7
1785 64.9
650 23.6
314 11.4
(3087, 57) (3087,) (775, 57) (2749,) (2749,)

2 order Label Accuracy: 0.716
[[1641   75   69]
 [ 506  112   32]
 [  92    7  215]]
0.7158966897053474 [0.91932773 0.17230769 0.68471338]

 rate=11 and ii =1
Accuracy: 0.778
Macro Precision: 0.802
Macro Recall: 0.622
Macro F1-score: 0.634

[[513   5  12]
 [126  28   5]
 [ 24   0  62]]
              precision    recall  f1-score   support

           0       0.77      0.97      0.86       530
           1       0.85      0.18      0.29       159
           2       0.78      0.72      0.75        86

    accuracy                           0.78       775
   macro avg       0.80      0.62      0.63       775
weighted avg       0.79      0.78      0.73       775

213 63.0
82 24.3
43 12.7
1785 64.9
650 23.6
314 11.4
(3087, 57) (3087,) (775, 57) (2749,) (2749,)

3 order Label Accuracy: 0.704
[[1584  142   59]
 [ 487  143   20]
 [  69   38  207]]
0.7035285558384867 [0.88739496 0.22       0.65923567]

 rate=11 and ii =1
Accuracy: 0.779
Macro Precision: 0.789
Macro Recall: 0.632
Macro F1-score: 0.661

[[504  10   9]
 [122  41   3]
 [ 24   3  59]]
              precision    recall  f1-score   support

           0       0.78      0.96      0.86       523
           1       0.76      0.25      0.37       166
           2       0.83      0.69      0.75        86

    accuracy                           0.78       775
   macro avg       0.79      0.63      0.66       775
weighted avg       0.78      0.78      0.74       775

213 63.0
82 24.3
43 12.7
1785 64.9
650 23.6
314 11.4
(3087, 57) (3087,) (775, 57) (2749,) (2749,)

4 order Label Accuracy: 0.711
[[1657   48   80]
 [ 506  106   38]
 [  89   34  191]]
0.7108039287013459 [0.92829132 0.16307692 0.60828025]

 rate=11 and ii =1
Accuracy: 0.779
Macro Precision: 0.811
Macro Recall: 0.612
Macro F1-score: 0.632

[[516   3   9]
 [126  28   5]
 [ 26   2  60]]
              precision    recall  f1-score   support

           0       0.77      0.98      0.86       528
           1       0.85      0.18      0.29       159
           2       0.81      0.68      0.74        88

    accuracy                           0.78       775
   macro avg       0.81      0.61      0.63       775
weighted avg       0.79      0.78      0.73       775

Time(sec):  8.218827600000001
nodes = range(self.m)
range(0, 8)
Graph with 8 nodes and 0 edges
3 337 8
L
[[1 1 1 ... 1 1 1]
 [1 1 3 ... 3 3 3]
 [1 1 1 ... 1 1 1]
 ...
 [3 3 3 ... 1 3 3]
 [1 1 3 ... 1 3 3]
 [1 1 2 ... 1 2 2]]
L_ind
[[1. 0. 0. ... 1. 0. 0.]
 [1. 0. 0. ... 0. 0. 1.]
 [1. 0. 0. ... 1. 0. 0.]
 ...
 [0. 0. 1. ... 0. 0. 1.]
 [1. 0. 0. ... 0. 0. 1.]
 [1. 0. 0. ... 0. 1. 0.]]
3 2750 8
L
[[1 1 1 ... 1 1 1]
 [1 1 1 ... 1 1 1]
 [1 1 1 ... 1 1 2]
 ...
 [1 1 3 ... 1 1 3]
 [1 1 1 ... 3 3 3]
 [1 1 1 ... 3 3 3]]
L_ind
[[1. 0. 0. ... 1. 0. 0.]
 [1. 0. 0. ... 1. 0. 0.]
 [1. 0. 0. ... 0. 1. 0.]
 ...
 [1. 0. 0. ... 0. 0. 1.]
 [1. 0. 0. ... 0. 0. 1.]
 [1. 0. 0. ... 0. 0. 1.]]
236 70.0
69 20.5
32 9.5
1762 64.1
663 24.1
325 11.8
(3087, 57) (3087,) (775, 57) (775,)

 SNO Accuracy: 0.607
[[1228  261  273]
 [ 388  191   84]
 [  60   14  251]]

 rate=11 and ii =2
Accuracy: 0.764
Macro Precision: 0.732
Macro Recall: 0.690
Macro F1-score: 0.673

[[451  15  38]
 [101  55  14]
 [ 14   1  86]]
              precision    recall  f1-score   support

           0       0.80      0.89      0.84       504
           1       0.77      0.32      0.46       170
           2       0.62      0.85      0.72       101

    accuracy                           0.76       775
   macro avg       0.73      0.69      0.67       775
weighted avg       0.77      0.76      0.74       775

236 70.0
69 20.5
32 9.5
1762 64.1
663 24.1
325 11.8
(3087, 57) (3087,) (775, 57) (775,)

semi-SelfTrain Label Accuracy: 0.709
[[1719    6   37]
 [ 601   46   16]
 [ 137    2  186]]
0.7094545454545454 [0.97559591 0.0693816  0.57230769]

 rate=11 and ii =2
Accuracy: 0.770
Macro Precision: 0.876
Macro Recall: 0.584
Macro F1-score: 0.596

[[527   0   7]
 [143  15   1]
 [ 27   0  55]]
              precision    recall  f1-score   support

         0.0       0.76      0.99      0.86       534
         1.0       1.00      0.09      0.17       159
         2.0       0.87      0.67      0.76        82

    accuracy                           0.77       775
   macro avg       0.88      0.58      0.60       775
weighted avg       0.82      0.77      0.71       775

236 70.0
69 20.5
32 9.5
1762 64.1
663 24.1
325 11.8
(3087, 57) (3087,) (775, 57) (775,)

semi-LabelSpread Label Accuracy: 0.660
[[1762    0    0]
 [ 617   46    0]
 [ 319    0    6]]
0.6596363636363637 [1.         0.0693816  0.01846154]

 rate=11 and ii =2
Accuracy: 0.723
Macro Precision: 0.906
Macro Recall: 0.369
Macro F1-score: 0.345

[[544   0   0]
 [144  15   0]
 [ 71   0   1]]
              precision    recall  f1-score   support

         0.0       0.72      1.00      0.83       544
         1.0       1.00      0.09      0.17       159
         2.0       1.00      0.01      0.03        72

    accuracy                           0.72       775
   macro avg       0.91      0.37      0.34       775
weighted avg       0.80      0.72      0.62       775

236 70.0
69 20.5
32 9.5
1762 64.1
663 24.1
325 11.8
(3087, 57) (3087,) (775, 57) (2750,) (2750,)

2 order Label Accuracy: 0.709
[[1663   56   43]
 [ 549   93   21]
 [ 126    6  193]]
0.7087272727272728 [0.94381385 0.14027149 0.59384615]

 rate=11 and ii =2
Accuracy: 0.781
Macro Precision: 0.880
Macro Recall: 0.607
Macro F1-score: 0.629

[[525   0   6]
 [136  24   2]
 [ 26   0  56]]
              precision    recall  f1-score   support

           0       0.76      0.99      0.86       531
           1       1.00      0.15      0.26       162
           2       0.88      0.68      0.77        82

    accuracy                           0.78       775
   macro avg       0.88      0.61      0.63       775
weighted avg       0.83      0.78      0.73       775

236 70.0
69 20.5
32 9.5
1762 64.1
663 24.1
325 11.8
(3087, 57) (3087,) (775, 57) (2750,) (2750,)

3 order Label Accuracy: 0.695
[[1675   11   76]
 [ 565   55   43]
 [ 134    9  182]]
0.6952727272727273 [0.95062429 0.08295626 0.56      ]

 rate=11 and ii =2
Accuracy: 0.761
Macro Precision: 0.797
Macro Recall: 0.557
Macro F1-score: 0.569

[[526   0   7]
 [139  15   5]
 [ 31   3  49]]
              precision    recall  f1-score   support

           0       0.76      0.99      0.86       533
           1       0.83      0.09      0.17       159
           2       0.80      0.59      0.68        83

    accuracy                           0.76       775
   macro avg       0.80      0.56      0.57       775
weighted avg       0.78      0.76      0.70       775

236 70.0
69 20.5
32 9.5
1762 64.1
663 24.1
325 11.8
(3087, 57) (3087,) (775, 57) (2750,) (2750,)

4 order Label Accuracy: 0.705
[[1695   18   49]
 [ 584   54   25]
 [ 132    4  189]]
0.7047272727272728 [0.96197503 0.08144796 0.58153846]

 rate=11 and ii =2
Accuracy: 0.770
Macro Precision: 0.880
Macro Recall: 0.579
Macro F1-score: 0.593

[[528   0   5]
 [142  15   2]
 [ 29   0  54]]
              precision    recall  f1-score   support

           0       0.76      0.99      0.86       533
           1       1.00      0.09      0.17       159
           2       0.89      0.65      0.75        83

    accuracy                           0.77       775
   macro avg       0.88      0.58      0.59       775
weighted avg       0.82      0.77      0.71       775

Time(sec):  7.354402899999999
nodes = range(self.m)
range(0, 8)
Graph with 8 nodes and 0 edges
3 336 8
L
[[2 1 2 ... 1 2 2]
 [1 1 1 ... 1 1 1]
 [1 1 1 ... 1 1 1]
 ...
 [3 3 3 ... 2 3 3]
 [1 1 3 ... 1 3 3]
 [1 1 2 ... 1 2 2]]
L_ind
[[0. 1. 0. ... 0. 1. 0.]
 [1. 0. 0. ... 1. 0. 0.]
 [1. 0. 0. ... 1. 0. 0.]
 ...
 [0. 0. 1. ... 0. 0. 1.]
 [1. 0. 0. ... 0. 0. 1.]
 [1. 0. 0. ... 0. 1. 0.]]
3 2751 8
L
[[1 1 2 ... 1 1 1]
 [1 1 3 ... 1 2 2]
 [2 1 2 ... 1 1 1]
 ...
 [3 1 3 ... 2 1 1]
 [1 1 1 ... 2 3 3]
 [1 1 1 ... 2 3 3]]
L_ind
[[1. 0. 0. ... 1. 0. 0.]
 [1. 0. 0. ... 0. 1. 0.]
 [0. 1. 0. ... 1. 0. 0.]
 ...
 [0. 0. 1. ... 1. 0. 0.]
 [1. 0. 0. ... 0. 0. 1.]
 [1. 0. 0. ... 0. 0. 1.]]
218 64.9
83 24.7
35 10.4
1780 64.7
649 23.6
322 11.7
(3087, 57) (3087,) (775, 57) (775,)

 SNO Accuracy: 0.638
[[1275  264  241]
 [ 383  218   48]
 [  36   23  263]]

 rate=11 and ii =3
Accuracy: 0.761
Macro Precision: 0.707
Macro Recall: 0.698
Macro F1-score: 0.680

[[445  27  33]
 [ 95  64  15]
 [ 13   2  81]]
              precision    recall  f1-score   support

           0       0.80      0.88      0.84       505
           1       0.69      0.37      0.48       174
           2       0.63      0.84      0.72        96

    accuracy                           0.76       775
   macro avg       0.71      0.70      0.68       775
weighted avg       0.76      0.76      0.74       775

218 64.9
83 24.7
35 10.4
1780 64.7
649 23.6
322 11.7
(3087, 57) (3087,) (775, 57) (775,)

semi-SelfTrain Label Accuracy: 0.736
[[1714   24   42]
 [ 517  116   16]
 [ 126    2  194]]
0.7357324609233006 [0.96292135 0.17873652 0.60248447]

 rate=11 and ii =3
Accuracy: 0.773
Macro Precision: 0.789
Macro Recall: 0.603
Macro F1-score: 0.628

[[517   9   8]
 [130  28   2]
 [ 27   0  54]]
              precision    recall  f1-score   support

         0.0       0.77      0.97      0.86       534
         1.0       0.76      0.17      0.28       160
         2.0       0.84      0.67      0.74        81

    accuracy                           0.77       775
   macro avg       0.79      0.60      0.63       775
weighted avg       0.77      0.77      0.73       775

218 64.9
83 24.7
35 10.4
1780 64.7
649 23.6
322 11.7
(3087, 57) (3087,) (775, 57) (775,)

semi-LabelSpread Label Accuracy: 0.669
[[1780    0    0]
 [ 591   58    0]
 [ 319    0    3]]
0.6692111959287532 [1.         0.08936826 0.00931677]

 rate=11 and ii =3
Accuracy: 0.723
Macro Precision: 0.906
Macro Recall: 0.370
Macro F1-score: 0.345

[[544   0   0]
 [143  15   0]
 [ 72   0   1]]
              precision    recall  f1-score   support

         0.0       0.72      1.00      0.83       544
         1.0       1.00      0.09      0.17       158
         2.0       1.00      0.01      0.03        73

    accuracy                           0.72       775
   macro avg       0.91      0.37      0.35       775
weighted avg       0.80      0.72      0.62       775

218 64.9
83 24.7
35 10.4
1780 64.7
649 23.6
322 11.7
(3087, 57) (3087,) (775, 57) (2751,) (2751,)

2 order Label Accuracy: 0.698
[[1633  109   38]
 [ 540   98   11]
 [ 120   14  188]]
0.6975645219920029 [0.91741573 0.15100154 0.58385093]

 rate=11 and ii =3
Accuracy: 0.770
Macro Precision: 0.852
Macro Recall: 0.584
Macro F1-score: 0.606

[[522   1   8]
 [136  22   2]
 [ 31   0  53]]
              precision    recall  f1-score   support

           0       0.76      0.98      0.86       531
           1       0.96      0.14      0.24       160
           2       0.84      0.63      0.72        84

    accuracy                           0.77       775
   macro avg       0.85      0.58      0.61       775
weighted avg       0.81      0.77      0.71       775

218 64.9
83 24.7
35 10.4
1780 64.7
649 23.6
322 11.7
(3087, 57) (3087,) (775, 57) (2751,) (2751,)

3 order Label Accuracy: 0.682
[[1586  127   67]
 [ 483  107   59]
 [ 115   25  182]]
0.6815703380588877 [0.89101124 0.16486903 0.56521739]

 rate=11 and ii =3
Accuracy: 0.766
Macro Precision: 0.733
Macro Recall: 0.579
Macro F1-score: 0.595

[[517   6   7]
 [121  27  13]
 [ 29   5  50]]
              precision    recall  f1-score   support

           0       0.78      0.98      0.86       530
           1       0.71      0.17      0.27       161
           2       0.71      0.60      0.65        84

    accuracy                           0.77       775
   macro avg       0.73      0.58      0.59       775
weighted avg       0.76      0.77      0.72       775

218 64.9
83 24.7
35 10.4
1780 64.7
649 23.6
322 11.7
(3087, 57) (3087,) (775, 57) (2751,) (2751,)

4 order Label Accuracy: 0.720
[[1676   66   38]
 [ 507  133    9]
 [ 119   30  173]]
0.7204652853507816 [0.94157303 0.20493066 0.53726708]

 rate=11 and ii =3
Accuracy: 0.782
Macro Precision: 0.848
Macro Recall: 0.596
Macro F1-score: 0.630

[[525   1   8]
 [126  31   2]
 [ 31   1  50]]
              precision    recall  f1-score   support

           0       0.77      0.98      0.86       534
           1       0.94      0.19      0.32       159
           2       0.83      0.61      0.70        82

    accuracy                           0.78       775
   macro avg       0.85      0.60      0.63       775
weighted avg       0.81      0.78      0.74       775

Time(sec):  7.1954309
nodes = range(self.m)
range(0, 8)
Graph with 8 nodes and 0 edges
3 337 8
L
[[1 1 1 ... 1 1 1]
 [1 1 1 ... 1 1 1]
 [2 1 1 ... 1 1 1]
 ...
 [2 3 2 ... 3 2 2]
 [1 1 2 ... 1 2 2]
 [1 1 3 ... 1 3 3]]
L_ind
[[1. 0. 0. ... 1. 0. 0.]
 [1. 0. 0. ... 1. 0. 0.]
 [0. 1. 0. ... 1. 0. 0.]
 ...
 [0. 1. 0. ... 0. 1. 0.]
 [1. 0. 0. ... 0. 1. 0.]
 [1. 0. 0. ... 0. 0. 1.]]
3 2750 8
L
[[2 1 1 ... 1 1 1]
 [1 1 1 ... 1 1 1]
 [1 1 1 ... 1 2 2]
 ...
 [3 1 3 ... 1 1 1]
 [1 1 1 ... 3 3 3]
 [2 1 1 ... 3 3 3]]
L_ind
[[0. 1. 0. ... 1. 0. 0.]
 [1. 0. 0. ... 1. 0. 0.]
 [1. 0. 0. ... 0. 1. 0.]
 ...
 [0. 0. 1. ... 1. 0. 0.]
 [1. 0. 0. ... 0. 0. 1.]
 [0. 1. 0. ... 0. 0. 1.]]
222 65.9
77 22.8
38 11.3
1776 64.6
655 23.8
319 11.6
(3087, 57) (3087,) (775, 57) (775,)

 SNO Accuracy: 0.652
[[1283  356  137]
 [ 331  280   44]
 [  63   27  229]]

 rate=11 and ii =4
Accuracy: 0.773
Macro Precision: 0.729
Macro Recall: 0.702
Macro F1-score: 0.707

[[453  38  19]
 [ 94  74   6]
 [ 15   4  72]]
              precision    recall  f1-score   support

           0       0.81      0.89      0.85       510
           1       0.64      0.43      0.51       174
           2       0.74      0.79      0.77        91

    accuracy                           0.77       775
   macro avg       0.73      0.70      0.71       775
weighted avg       0.76      0.77      0.76       775

222 65.9
77 22.8
38 11.3
1776 64.6
655 23.8
319 11.6
(3087, 57) (3087,) (775, 57) (775,)

semi-SelfTrain Label Accuracy: 0.711
[[1712   34   30]
 [ 572   76    7]
 [ 145    8  166]]
0.7105454545454546 [0.96396396 0.11603053 0.52037618]

 rate=11 and ii =4
Accuracy: 0.755
Macro Precision: 0.762
Macro Recall: 0.553
Macro F1-score: 0.580

[[518   9   5]
 [137  20   2]
 [ 36   1  47]]
              precision    recall  f1-score   support

         0.0       0.75      0.97      0.85       532
         1.0       0.67      0.13      0.21       159
         2.0       0.87      0.56      0.68        84

    accuracy                           0.75       775
   macro avg       0.76      0.55      0.58       775
weighted avg       0.75      0.75      0.70       775

222 65.9
77 22.8
38 11.3
1776 64.6
655 23.8
319 11.6
(3087, 57) (3087,) (775, 57) (775,)

semi-LabelSpread Label Accuracy: 0.671
[[1776    0    0]
 [ 596   59    0]
 [ 308    0   11]]
0.6712727272727272 [1.         0.09007634 0.03448276]

 rate=11 and ii =4
Accuracy: 0.726
Macro Precision: 0.907
Macro Recall: 0.374
Macro F1-score: 0.353

[[545   0   0]
 [141  17   0]
 [ 71   0   1]]
              precision    recall  f1-score   support

         0.0       0.72      1.00      0.84       545
         1.0       1.00      0.11      0.19       158
         2.0       1.00      0.01      0.03        72

    accuracy                           0.73       775
   macro avg       0.91      0.37      0.35       775
weighted avg       0.80      0.73      0.63       775

222 65.9
77 22.8
38 11.3
1776 64.6
655 23.8
319 11.6
(3087, 57) (3087,) (775, 57) (2750,) (2750,)

2 order Label Accuracy: 0.708
[[1670   78   28]
 [ 532  107   16]
 [ 138   10  171]]
0.7083636363636364 [0.94031532 0.16335878 0.53605016]

 rate=11 and ii =4
Accuracy: 0.769
Macro Precision: 0.800
Macro Recall: 0.572
Macro F1-score: 0.607

[[523   6   5]
 [131  27   2]
 [ 33   2  46]]
              precision    recall  f1-score   support

           0       0.76      0.98      0.86       534
           1       0.77      0.17      0.28       160
           2       0.87      0.57      0.69        81

    accuracy                           0.77       775
   macro avg       0.80      0.57      0.61       775
weighted avg       0.77      0.77      0.72       775

222 65.9
77 22.8
38 11.3
1776 64.6
655 23.8
319 11.6
(3087, 57) (3087,) (775, 57) (2750,) (2750,)

3 order Label Accuracy: 0.689
[[1639   31  106]
 [ 524   96   35]
 [ 140   20  159]]
0.6887272727272727 [0.92286036 0.14656489 0.4984326 ]

 rate=11 and ii =4
Accuracy: 0.765
Macro Precision: 0.780
Macro Recall: 0.563
Macro F1-score: 0.600

[[521   7   5]
 [130  28   2]
 [ 34   4  44]]
              precision    recall  f1-score   support

           0       0.76      0.98      0.86       533
           1       0.72      0.17      0.28       160
           2       0.86      0.54      0.66        82

    accuracy                           0.77       775
   macro avg       0.78      0.56      0.60       775
weighted avg       0.76      0.77      0.72       775

222 65.9
77 22.8
38 11.3
1776 64.6
655 23.8
319 11.6
(3087, 57) (3087,) (775, 57) (2750,) (2750,)

4 order Label Accuracy: 0.701
[[1666   36   74]
 [ 505   97   53]
 [ 134   21  164]]
0.7007272727272728 [0.93806306 0.1480916  0.51410658]

 rate=11 and ii =4
Accuracy: 0.761
Macro Precision: 0.743
Macro Recall: 0.561
Macro F1-score: 0.579

[[522   5   8]
 [130  22   7]
 [ 31   4  46]]
              precision    recall  f1-score   support

           0       0.76      0.98      0.86       535
           1       0.71      0.14      0.23       159
           2       0.75      0.57      0.65        81

    accuracy                           0.76       775
   macro avg       0.74      0.56      0.58       775
weighted avg       0.75      0.76      0.71       775

Time(sec):  9.226787999999999
nodes = range(self.m)
range(0, 8)
Graph with 8 nodes and 0 edges
3 337 8
L
[[1 1 1 ... 1 1 1]
 [1 1 1 ... 1 1 1]
 [1 1 1 ... 1 1 1]
 ...
 [1 1 1 ... 1 1 1]
 [1 1 2 ... 1 2 2]
 [1 1 2 ... 1 2 2]]
L_ind
[[1. 0. 0. ... 1. 0. 0.]
 [1. 0. 0. ... 1. 0. 0.]
 [1. 0. 0. ... 1. 0. 0.]
 ...
 [1. 0. 0. ... 1. 0. 0.]
 [1. 0. 0. ... 0. 1. 0.]
 [1. 0. 0. ... 0. 1. 0.]]
3 2750 8
L
[[1 1 3 ... 1 1 1]
 [1 1 1 ... 1 1 1]
 [1 1 1 ... 1 1 1]
 ...
 [1 1 3 ... 3 3 3]
 [1 1 1 ... 3 3 3]
 [1 1 2 ... 3 3 3]]
L_ind
[[1. 0. 0. ... 1. 0. 0.]
 [1. 0. 0. ... 1. 0. 0.]
 [1. 0. 0. ... 1. 0. 0.]
 ...
 [1. 0. 0. ... 0. 0. 1.]
 [1. 0. 0. ... 0. 0. 1.]
 [1. 0. 0. ... 0. 0. 1.]]
221 65.6
74 22.0
42 12.5
1777 64.6
658 23.9
315 11.5
(3087, 57) (3087,) (775, 57) (775,)

 SNO Accuracy: 0.565
[[1022  385  370]
 [ 272  260  126]
 [  28   16  271]]

 rate=11 and ii =5
Accuracy: 0.733
Macro Precision: 0.672
Macro Recall: 0.718
Macro F1-score: 0.672

[[391  40  59]
 [ 70  80  28]
 [  8   2  97]]
              precision    recall  f1-score   support

           0       0.83      0.80      0.82       490
           1       0.66      0.45      0.53       178
           2       0.53      0.91      0.67       107

    accuracy                           0.73       775
   macro avg       0.67      0.72      0.67       775
weighted avg       0.75      0.73      0.73       775

221 65.6
74 22.0
42 12.5
1777 64.6
658 23.9
315 11.5
(3087, 57) (3087,) (775, 57) (775,)

semi-SelfTrain Label Accuracy: 0.713
[[1659   45   73]
 [ 551   70   37]
 [  82    2  231]]
0.7127272727272728 [0.93359595 0.10638298 0.73333333]

 rate=11 and ii =5
Accuracy: 0.773
Macro Precision: 0.779
Macro Recall: 0.634
Macro F1-score: 0.624

[[506   4  16]
 [129  24   9]
 [ 17   1  69]]
              precision    recall  f1-score   support

         0.0       0.78      0.96      0.86       526
         1.0       0.83      0.15      0.25       162
         2.0       0.73      0.79      0.76        87

    accuracy                           0.77       775
   macro avg       0.78      0.63      0.62       775
weighted avg       0.78      0.77      0.72       775

221 65.6
74 22.0
42 12.5
1777 64.6
658 23.9
315 11.5
(3087, 57) (3087,) (775, 57) (775,)

semi-LabelSpread Label Accuracy: 0.671
[[1777    0    0]
 [ 600   58    0]
 [ 306    0    9]]
0.6705454545454546 [1.         0.0881459  0.02857143]

 rate=11 and ii =5
Accuracy: 0.725
Macro Precision: 0.906
Macro Recall: 0.377
Macro F1-score: 0.358

[[542   0   0]
 [141  19   0]
 [ 72   0   1]]
              precision    recall  f1-score   support

         0.0       0.72      1.00      0.84       542
         1.0       1.00      0.12      0.21       160
         2.0       1.00      0.01      0.03        73

    accuracy                           0.73       775
   macro avg       0.91      0.38      0.36       775
weighted avg       0.80      0.73      0.63       775

221 65.6
74 22.0
42 12.5
1777 64.6
658 23.9
315 11.5
(3087, 57) (3087,) (775, 57) (2750,) (2750,)

2 order Label Accuracy: 0.731
[[1664   62   51]
 [ 508  115   35]
 [  81    4  230]]
0.7305454545454545 [0.93640968 0.17477204 0.73015873]

 rate=11 and ii =5
Accuracy: 0.788
Macro Precision: 0.835
Macro Recall: 0.651
Macro F1-score: 0.665

[[512   4   9]
 [128  33   4]
 [ 19   0  66]]
              precision    recall  f1-score   support

           0       0.78      0.98      0.86       525
           1       0.89      0.20      0.33       165
           2       0.84      0.78      0.80        85

    accuracy                           0.79       775
   macro avg       0.83      0.65      0.67       775
weighted avg       0.81      0.79      0.74       775

221 65.6
74 22.0
42 12.5
1777 64.6
658 23.9
315 11.5
(3087, 57) (3087,) (775, 57) (2750,) (2750,)

3 order Label Accuracy: 0.709
[[1657   62   58]
 [ 540   90   28]
 [  92   19  204]]
0.7094545454545454 [0.93247046 0.13677812 0.64761905]

 rate=11 and ii =5
Accuracy: 0.769
Macro Precision: 0.798
Macro Recall: 0.610
Macro F1-score: 0.622

[[509   4  11]
 [133  26   5]
 [ 25   1  61]]
              precision    recall  f1-score   support

           0       0.76      0.97      0.85       524
           1       0.84      0.16      0.27       164
           2       0.79      0.70      0.74        87

    accuracy                           0.77       775
   macro avg       0.80      0.61      0.62       775
weighted avg       0.78      0.77      0.72       775

221 65.6
74 22.0
42 12.5
1777 64.6
658 23.9
315 11.5
(3087, 57) (3087,) (775, 57) (2750,) (2750,)

4 order Label Accuracy: 0.721
[[1682   39   56]
 [ 505   99   54]
 [  82   31  202]]
0.7210909090909091 [0.94653911 0.15045593 0.64126984]

 rate=11 and ii =5
Accuracy: 0.785
Macro Precision: 0.818
Macro Recall: 0.635
Macro F1-score: 0.634

[[517   1   9]
 [129  23   9]
 [ 17   2  68]]
              precision    recall  f1-score   support

           0       0.78      0.98      0.87       527
           1       0.88      0.14      0.25       161
           2       0.79      0.78      0.79        87

    accuracy                           0.78       775
   macro avg       0.82      0.64      0.63       775
weighted avg       0.80      0.78      0.73       775

Time(sec):  8.7563842
nodes = range(self.m)
range(0, 8)
Graph with 8 nodes and 0 edges
3 337 8
L
[[1 1 1 ... 1 1 1]
 [2 1 3 ... 1 3 3]
 [3 1 3 ... 1 3 3]
 ...
 [3 3 3 ... 3 3 3]
 [1 1 2 ... 1 2 2]
 [1 1 3 ... 3 3 3]]
L_ind
[[1. 0. 0. ... 1. 0. 0.]
 [0. 1. 0. ... 0. 0. 1.]
 [0. 0. 1. ... 0. 0. 1.]
 ...
 [0. 0. 1. ... 0. 0. 1.]
 [1. 0. 0. ... 0. 1. 0.]
 [1. 0. 0. ... 0. 0. 1.]]
3 2750 8
L
[[1 1 1 ... 1 1 1]
 [1 1 3 ... 1 1 2]
 [2 1 1 ... 1 3 1]
 ...
 [2 1 3 ... 1 1 1]
 [2 1 1 ... 3 3 3]
 [1 1 1 ... 3 3 3]]
L_ind
[[1. 0. 0. ... 1. 0. 0.]
 [1. 0. 0. ... 0. 1. 0.]
 [0. 1. 0. ... 1. 0. 0.]
 ...
 [0. 1. 0. ... 1. 0. 0.]
 [0. 1. 0. ... 0. 0. 1.]
 [1. 0. 0. ... 0. 0. 1.]]
213 63.2
78 23.1
46 13.6
1785 64.9
654 23.8
311 11.3
(3087, 57) (3087,) (775, 57) (775,)

 SNO Accuracy: 0.598
[[1107  382  296]
 [ 277  293   84]
 [  36   30  245]]

 rate=11 and ii =6
Accuracy: 0.733
Macro Precision: 0.668
Macro Recall: 0.706
Macro F1-score: 0.680

[[402  58  36]
 [ 85  85  13]
 [  9   6  81]]
              precision    recall  f1-score   support

           0       0.81      0.81      0.81       496
           1       0.57      0.46      0.51       183
           2       0.62      0.84      0.72        96

    accuracy                           0.73       775
   macro avg       0.67      0.71      0.68       775
weighted avg       0.73      0.73      0.73       775

213 63.2
78 23.1
46 13.6
1785 64.9
654 23.8
311 11.3
(3087, 57) (3087,) (775, 57) (775,)

semi-SelfTrain Label Accuracy: 0.744
[[1709   45   31]
 [ 510  136    8]
 [ 106    4  201]]
0.744 [0.95742297 0.20795107 0.64630225]

 rate=11 and ii =6
Accuracy: 0.788
Macro Precision: 0.824
Macro Recall: 0.632
Macro F1-score: 0.667

[[517   8   6]
 [124  37   1]
 [ 24   1  57]]
              precision    recall  f1-score   support

         0.0       0.78      0.97      0.86       531
         1.0       0.80      0.23      0.36       162
         2.0       0.89      0.70      0.78        82

    accuracy                           0.79       775
   macro avg       0.82      0.63      0.67       775
weighted avg       0.80      0.79      0.75       775

213 63.2
78 23.1
46 13.6
1785 64.9
654 23.8
311 11.3
(3087, 57) (3087,) (775, 57) (775,)

semi-LabelSpread Label Accuracy: 0.676
[[1785    0    0]
 [ 587   67    0]
 [ 304    0    7]]
0.676 [1.         0.10244648 0.02250804]

 rate=11 and ii =6
Accuracy: 0.729
Macro Precision: 0.907
Macro Recall: 0.382
Macro F1-score: 0.369

[[544   0   0]
 [140  19   0]
 [ 70   0   2]]
              precision    recall  f1-score   support

         0.0       0.72      1.00      0.84       544
         1.0       1.00      0.12      0.21       159
         2.0       1.00      0.03      0.05        72

    accuracy                           0.73       775
   macro avg       0.91      0.38      0.37       775
weighted avg       0.80      0.73      0.64       775

213 63.2
78 23.1
46 13.6
1785 64.9
654 23.8
311 11.3
(3087, 57) (3087,) (775, 57) (2750,) (2750,)

2 order Label Accuracy: 0.744
[[1691   61   33]
 [ 480  162   12]
 [ 108    9  194]]
0.7443636363636363 [0.94733894 0.24770642 0.62379421]

 rate=11 and ii =6
Accuracy: 0.777
Macro Precision: 0.783
Macro Recall: 0.611
Macro F1-score: 0.646

[[511   9   9]
 [123  39   1]
 [ 26   5  52]]
              precision    recall  f1-score   support

           0       0.77      0.97      0.86       529
           1       0.74      0.24      0.36       163
           2       0.84      0.63      0.72        83

    accuracy                           0.78       775
   macro avg       0.78      0.61      0.65       775
weighted avg       0.77      0.78      0.74       775

213 63.2
78 23.1
46 13.6
1785 64.9
654 23.8
311 11.3
(3087, 57) (3087,) (775, 57) (2750,) (2750,)

3 order Label Accuracy: 0.743
[[1689   61   35]
 [ 480  162   12]
 [ 109    9  193]]
0.7432727272727273 [0.94621849 0.24770642 0.62057878]

 rate=11 and ii =6
Accuracy: 0.786
Macro Precision: 0.807
Macro Recall: 0.618
Macro F1-score: 0.659

[[516   8   6]
 [119  42   2]
 [ 27   4  51]]
              precision    recall  f1-score   support

           0       0.78      0.97      0.87       530
           1       0.78      0.26      0.39       163
           2       0.86      0.62      0.72        82

    accuracy                           0.79       775
   macro avg       0.81      0.62      0.66       775
weighted avg       0.79      0.79      0.75       775

213 63.2
78 23.1
46 13.6
1785 64.9
654 23.8
311 11.3
(3087, 57) (3087,) (775, 57) (2750,) (2750,)

4 order Label Accuracy: 0.744
[[1689   63   33]
 [ 479  163   12]
 [ 105   13  193]]
0.7436363636363637 [0.94621849 0.24923547 0.62057878]

 rate=11 and ii =6
Accuracy: 0.783
Macro Precision: 0.803
Macro Recall: 0.617
Macro F1-score: 0.655

[[515   8   6]
 [122  39   2]
 [ 26   4  53]]
              precision    recall  f1-score   support

           0       0.78      0.97      0.86       529
           1       0.76      0.24      0.36       163
           2       0.87      0.64      0.74        83

    accuracy                           0.78       775
   macro avg       0.80      0.62      0.65       775
weighted avg       0.78      0.78      0.75       775

Time(sec):  8.130298100000001
nodes = range(self.m)
range(0, 8)
Graph with 8 nodes and 0 edges
3 337 8
L
[[2 1 1 ... 2 1 1]
 [1 1 2 ... 1 2 2]
 [1 1 1 ... 2 1 1]
 ...
 [1 1 1 ... 1 1 1]
 [1 1 3 ... 1 3 3]
 [1 1 3 ... 1 3 3]]
L_ind
[[0. 1. 0. ... 1. 0. 0.]
 [1. 0. 0. ... 0. 1. 0.]
 [1. 0. 0. ... 1. 0. 0.]
 ...
 [1. 0. 0. ... 1. 0. 0.]
 [1. 0. 0. ... 0. 0. 1.]
 [1. 0. 0. ... 0. 0. 1.]]
3 2750 8
L
[[2 1 3 ... 1 1 1]
 [1 1 1 ... 1 1 1]
 [1 1 1 ... 1 2 3]
 ...
 [1 1 3 ... 1 1 3]
 [1 1 2 ... 1 3 3]
 [1 1 1 ... 1 3 3]]
L_ind
[[0. 1. 0. ... 1. 0. 0.]
 [1. 0. 0. ... 1. 0. 0.]
 [1. 0. 0. ... 0. 0. 1.]
 ...
 [1. 0. 0. ... 0. 0. 1.]
 [1. 0. 0. ... 0. 0. 1.]
 [1. 0. 0. ... 0. 0. 1.]]
228 67.7
79 23.4
30 8.9
1770 64.4
653 23.7
327 11.9
(3087, 57) (3087,) (775, 57) (775,)

 SNO Accuracy: 0.668
[[1327  318  125]
 [ 341  257   55]
 [  35   38  254]]

 rate=11 and ii =7
Accuracy: 0.786
Macro Precision: 0.747
Macro Recall: 0.696
Macro F1-score: 0.699

[[474  20  23]
 [ 96  61   9]
 [ 16   2  74]]
              precision    recall  f1-score   support

           0       0.81      0.92      0.86       517
           1       0.73      0.37      0.49       166
           2       0.70      0.80      0.75        92

    accuracy                           0.79       775
   macro avg       0.75      0.70      0.70       775
weighted avg       0.78      0.79      0.77       775

228 67.7
79 23.4
30 8.9
1770 64.4
653 23.7
327 11.9
(3087, 57) (3087,) (775, 57) (775,)

semi-SelfTrain Label Accuracy: 0.720
[[1697   22   51]
 [ 567   55   31]
 [  89    9  229]]
0.7203636363636363 [0.95875706 0.08422665 0.70030581]

 rate=11 and ii =7
Accuracy: 0.760
Macro Precision: 0.728
Macro Recall: 0.586
Macro F1-score: 0.583

[[516   6  11]
 [139  14   5]
 [ 23   2  59]]
              precision    recall  f1-score   support

         0.0       0.76      0.97      0.85       533
         1.0       0.64      0.09      0.16       158
         2.0       0.79      0.70      0.74        84

    accuracy                           0.76       775
   macro avg       0.73      0.59      0.58       775
weighted avg       0.74      0.76      0.70       775

228 67.7
79 23.4
30 8.9
1770 64.4
653 23.7
327 11.9
(3087, 57) (3087,) (775, 57) (775,)

semi-LabelSpread Label Accuracy: 0.663
[[1770    0    0]
 [ 606   47    0]
 [ 320    0    7]]
0.6632727272727272 [1.         0.0719755  0.02140673]

 rate=11 and ii =7
Accuracy: 0.723
Macro Precision: 0.906
Macro Recall: 0.364
Macro F1-score: 0.335

[[547   0   0]
 [144  12   0]
 [ 71   0   1]]
              precision    recall  f1-score   support

         0.0       0.72      1.00      0.84       547
         1.0       1.00      0.08      0.14       156
         2.0       1.00      0.01      0.03        72

    accuracy                           0.72       775
   macro avg       0.91      0.36      0.34       775
weighted avg       0.80      0.72      0.62       775

228 67.7
79 23.4
30 8.9
1770 64.4
653 23.7
327 11.9
(3087, 57) (3087,) (775, 57) (2750,) (2750,)

2 order Label Accuracy: 0.712
[[1614  101   55]
 [ 501  119   33]
 [  83   19  225]]
0.712 [0.91186441 0.18223583 0.68807339]

 rate=11 and ii =7
Accuracy: 0.778
Macro Precision: 0.796
Macro Recall: 0.618
Macro F1-score: 0.629

[[517   5  10]
 [130  24   4]
 [ 22   1  62]]
              precision    recall  f1-score   support

           0       0.77      0.97      0.86       532
           1       0.80      0.15      0.26       158
           2       0.82      0.73      0.77        85

    accuracy                           0.78       775
   macro avg       0.80      0.62      0.63       775
weighted avg       0.78      0.78      0.73       775

228 67.7
79 23.4
30 8.9
1770 64.4
653 23.7
327 11.9
(3087, 57) (3087,) (775, 57) (2750,) (2750,)

3 order Label Accuracy: 0.692
[[1626  112   32]
 [ 546   93   14]
 [ 110   34  183]]
0.6916363636363636 [0.91864407 0.1424196  0.55963303]

 rate=11 and ii =7
Accuracy: 0.759
Macro Precision: 0.751
Macro Recall: 0.565
Macro F1-score: 0.583

[[520   6   9]
 [138  19   2]
 [ 29   3  49]]
              precision    recall  f1-score   support

           0       0.76      0.97      0.85       535
           1       0.68      0.12      0.20       159
           2       0.82      0.60      0.70        81

    accuracy                           0.76       775
   macro avg       0.75      0.57      0.58       775
weighted avg       0.75      0.76      0.70       775

228 67.7
79 23.4
30 8.9
1770 64.4
653 23.7
327 11.9
(3087, 57) (3087,) (775, 57) (2750,) (2750,)

4 order Label Accuracy: 0.687
[[1612   85   73]
 [ 534   91   28]
 [  78   63  186]]
0.6869090909090909 [0.91073446 0.13935681 0.56880734]

 rate=11 and ii =7
Accuracy: 0.760
Macro Precision: 0.703
Macro Recall: 0.574
Macro F1-score: 0.588

[[517   5  10]
 [137  20   3]
 [ 19  12  52]]
              precision    recall  f1-score   support

           0       0.77      0.97      0.86       532
           1       0.54      0.12      0.20       160
           2       0.80      0.63      0.70        83

    accuracy                           0.76       775
   macro avg       0.70      0.57      0.59       775
weighted avg       0.72      0.76      0.71       775

Time(sec):  7.980912699999999
nodes = range(self.m)
range(0, 8)
Graph with 8 nodes and 0 edges
3 337 8
L
[[1 1 1 ... 1 1 1]
 [1 1 1 ... 1 1 1]
 [1 1 3 ... 1 3 3]
 ...
 [1 1 2 ... 1 2 2]
 [1 1 3 ... 1 3 3]
 [2 3 2 ... 1 2 2]]
L_ind
[[1. 0. 0. ... 1. 0. 0.]
 [1. 0. 0. ... 1. 0. 0.]
 [1. 0. 0. ... 0. 0. 1.]
 ...
 [1. 0. 0. ... 0. 1. 0.]
 [1. 0. 0. ... 0. 0. 1.]
 [0. 1. 0. ... 0. 1. 0.]]
3 2750 8
L
[[2 1 3 ... 1 1 1]
 [2 1 1 ... 1 1 1]
 [1 1 1 ... 1 1 1]
 ...
 [2 1 3 ... 1 1 1]
 [1 1 1 ... 3 3 3]
 [1 1 1 ... 3 3 3]]
L_ind
[[0. 1. 0. ... 1. 0. 0.]
 [0. 1. 0. ... 1. 0. 0.]
 [1. 0. 0. ... 1. 0. 0.]
 ...
 [0. 1. 0. ... 1. 0. 0.]
 [1. 0. 0. ... 0. 0. 1.]
 [1. 0. 0. ... 0. 0. 1.]]
225 66.8
87 25.8
25 7.4
1773 64.5
645 23.5
332 12.1
(3087, 57) (3087,) (775, 57) (775,)

 SNO Accuracy: 0.611
[[1126  394  253]
 [ 256  300   89]
 [  39   39  254]]

 rate=11 and ii =8
Accuracy: 0.751
Macro Precision: 0.689
Macro Recall: 0.697
Macro F1-score: 0.689

[[423  53  22]
 [ 81  86  15]
 [ 15   7  73]]
              precision    recall  f1-score   support

           0       0.82      0.85      0.83       498
           1       0.59      0.47      0.52       182
           2       0.66      0.77      0.71        95

    accuracy                           0.75       775
   macro avg       0.69      0.70      0.69       775
weighted avg       0.74      0.75      0.74       775

225 66.8
87 25.8
25 7.4
1773 64.5
645 23.5
332 12.1
(3087, 57) (3087,) (775, 57) (775,)

semi-SelfTrain Label Accuracy: 0.715
[[1707   34   32]
 [ 544   93    8]
 [ 144   21  167]]
0.7152727272727273 [0.96277496 0.14418605 0.50301205]

 rate=11 and ii =8
Accuracy: 0.751
Macro Precision: 0.740
Macro Recall: 0.558
Macro F1-score: 0.594

[[509  15   5]
 [133  31   2]
 [ 33   5  42]]
              precision    recall  f1-score   support

         0.0       0.75      0.96      0.85       529
         1.0       0.61      0.19      0.29       166
         2.0       0.86      0.53      0.65        80

    accuracy                           0.75       775
   macro avg       0.74      0.56      0.59       775
weighted avg       0.73      0.75      0.71       775

225 66.8
87 25.8
25 7.4
1773 64.5
645 23.5
332 12.1
(3087, 57) (3087,) (775, 57) (775,)

semi-LabelSpread Label Accuracy: 0.667
[[1773    0    0]
 [ 584   61    0]
 [ 332    0    0]]
0.6669090909090909 [1.         0.09457364 0.        ]

 rate=11 and ii =8
Accuracy: 0.729
Macro Precision: 0.907
Macro Recall: 0.389
Macro F1-score: 0.377

[[539   0   0]
 [138  25   0]
 [ 72   0   1]]
              precision    recall  f1-score   support

         0.0       0.72      1.00      0.84       539
         1.0       1.00      0.15      0.27       163
         2.0       1.00      0.01      0.03        73

    accuracy                           0.73       775
   macro avg       0.91      0.39      0.38       775
weighted avg       0.81      0.73      0.64       775

225 66.8
87 25.8
25 7.4
1773 64.5
645 23.5
332 12.1
(3087, 57) (3087,) (775, 57) (2750,) (2750,)

2 order Label Accuracy: 0.712
[[1584  125   64]
 [ 457  162   26]
 [ 104   17  211]]
0.7116363636363636 [0.89340102 0.25116279 0.63554217]

 rate=11 and ii =8
Accuracy: 0.773
Macro Precision: 0.770
Macro Recall: 0.637
Macro F1-score: 0.661

[[493  14  13]
 [117  46   5]
 [ 27   0  60]]
              precision    recall  f1-score   support

           0       0.77      0.95      0.85       520
           1       0.77      0.27      0.40       168
           2       0.77      0.69      0.73        87

    accuracy                           0.77       775
   macro avg       0.77      0.64      0.66       775
weighted avg       0.77      0.77      0.74       775

225 66.8
87 25.8
25 7.4
1773 64.5
645 23.5
332 12.1
(3087, 57) (3087,) (775, 57) (2750,) (2750,)

3 order Label Accuracy: 0.679
[[1559  172   42]
 [ 502  124   19]
 [  90   57  185]]
0.6792727272727273 [0.87930062 0.19224806 0.55722892]

 rate=11 and ii =8
Accuracy: 0.754
Macro Precision: 0.732
Macro Recall: 0.587
Macro F1-score: 0.620

[[498  18   6]
 [130  38   3]
 [ 26   8  48]]
              precision    recall  f1-score   support

           0       0.76      0.95      0.85       522
           1       0.59      0.22      0.32       171
           2       0.84      0.59      0.69        82

    accuracy                           0.75       775
   macro avg       0.73      0.59      0.62       775
weighted avg       0.73      0.75      0.71       775

225 66.8
87 25.8
25 7.4
1773 64.5
645 23.5
332 12.1
(3087, 57) (3087,) (775, 57) (2750,) (2750,)

4 order Label Accuracy: 0.739
[[1707   37   29]
 [ 484  140   21]
 [ 123   24  185]]
0.738909090909091 [0.96277496 0.21705426 0.55722892]

 rate=11 and ii =8
Accuracy: 0.790
Macro Precision: 0.848
Macro Recall: 0.622
Macro F1-score: 0.657

[[519   2   7]
 [119  40   5]
 [ 30   0  53]]
              precision    recall  f1-score   support

           0       0.78      0.98      0.87       528
           1       0.95      0.24      0.39       164
           2       0.82      0.64      0.72        83

    accuracy                           0.79       775
   macro avg       0.85      0.62      0.66       775
weighted avg       0.82      0.79      0.75       775

Time(sec):  7.9666122999999995
nodes = range(self.m)
range(0, 8)
Graph with 8 nodes and 0 edges
3 338 8
L
[[2 1 2 ... 1 2 2]
 [1 1 1 ... 1 1 1]
 [1 1 2 ... 3 2 2]
 ...
 [1 1 3 ... 1 3 3]
 [1 1 2 ... 1 2 2]
 [3 1 3 ... 3 3 3]]
L_ind
[[0. 1. 0. ... 0. 1. 0.]
 [1. 0. 0. ... 1. 0. 0.]
 [1. 0. 0. ... 0. 1. 0.]
 ...
 [1. 0. 0. ... 0. 0. 1.]
 [1. 0. 0. ... 0. 1. 0.]
 [0. 0. 1. ... 0. 0. 1.]]
3 2749 8
L
[[1 1 1 ... 1 1 1]
 [1 1 1 ... 1 1 1]
 [1 1 1 ... 1 2 2]
 ...
 [3 1 3 ... 3 3 3]
 [1 1 1 ... 3 3 3]
 [1 1 1 ... 3 3 3]]
L_ind
[[1. 0. 0. ... 1. 0. 0.]
 [1. 0. 0. ... 1. 0. 0.]
 [1. 0. 0. ... 0. 1. 0.]
 ...
 [0. 0. 1. ... 0. 0. 1.]
 [1. 0. 0. ... 0. 0. 1.]
 [1. 0. 0. ... 0. 0. 1.]]
215 63.6
81 24.0
42 12.4
1783 64.9
651 23.7
315 11.5
(3087, 57) (3087,) (775, 57) (775,)

 SNO Accuracy: 0.627
[[1199  403  181]
 [ 320  279   52]
 [  40   30  245]]

 rate=11 and ii =9
Accuracy: 0.775
Macro Precision: 0.726
Macro Recall: 0.724
Macro F1-score: 0.715

[[445  40  21]
 [ 88  77  12]
 [ 13   0  79]]
              precision    recall  f1-score   support

           0       0.82      0.88      0.85       506
           1       0.66      0.44      0.52       177
           2       0.71      0.86      0.77        92

    accuracy                           0.78       775
   macro avg       0.73      0.72      0.71       775
weighted avg       0.77      0.78      0.76       775

215 63.6
81 24.0
42 12.4
1783 64.9
651 23.7
315 11.5
(3087, 57) (3087,) (775, 57) (775,)

semi-SelfTrain Label Accuracy: 0.713
[[1675   58   50]
 [ 545   84   22]
 [ 101   13  201]]
0.7129865405602037 [0.93942793 0.12903226 0.63809524]

 rate=11 and ii =9
Accuracy: 0.769
Macro Precision: 0.751
Macro Recall: 0.624
Macro F1-score: 0.645

[[501  14   8]
 [128  35   4]
 [ 20   5  60]]
              precision    recall  f1-score   support

         0.0       0.77      0.96      0.85       523
         1.0       0.65      0.21      0.32       167
         2.0       0.83      0.71      0.76        85

    accuracy                           0.77       775
   macro avg       0.75      0.62      0.65       775
weighted avg       0.75      0.77      0.73       775

215 63.6
81 24.0
42 12.4
1783 64.9
651 23.7
315 11.5
(3087, 57) (3087,) (775, 57) (775,)

semi-LabelSpread Label Accuracy: 0.674
[[1783    0    0]
 [ 590   61    0]
 [ 305    0   10]]
0.6744270643870498 [1.         0.093702   0.03174603]

 rate=11 and ii =9
Accuracy: 0.733
Macro Precision: 0.908
Macro Recall: 0.402
Macro F1-score: 0.403

[[541   0   0]
 [139  22   0]
 [ 68   0   5]]
              precision    recall  f1-score   support

         0.0       0.72      1.00      0.84       541
         1.0       1.00      0.14      0.24       161
         2.0       1.00      0.07      0.13        73

    accuracy                           0.73       775
   macro avg       0.91      0.40      0.40       775
weighted avg       0.81      0.73      0.65       775

215 63.6
81 24.0
42 12.4
1783 64.9
651 23.7
315 11.5
(3087, 57) (3087,) (775, 57) (2749,) (2749,)

2 order Label Accuracy: 0.714
[[1616  122   45]
 [ 507  124   20]
 [  78   15  222]]
0.7137140778464897 [0.90633763 0.19047619 0.7047619 ]

 rate=11 and ii =9
Accuracy: 0.783
Macro Precision: 0.789
Macro Recall: 0.637
Macro F1-score: 0.658

[[507   6  11]
 [121  38   5]
 [ 21   4  62]]
              precision    recall  f1-score   support

           0       0.78      0.97      0.86       524
           1       0.79      0.23      0.36       164
           2       0.79      0.71      0.75        87

    accuracy                           0.78       775
   macro avg       0.79      0.64      0.66       775
weighted avg       0.78      0.78      0.74       775

215 63.6
81 24.0
42 12.4
1783 64.9
651 23.7
315 11.5
(3087, 57) (3087,) (775, 57) (2749,) (2749,)

3 order Label Accuracy: 0.698
[[1603  135   45]
 [ 498  115   38]
 [  72   41  202]]
0.6984357948344853 [0.89904655 0.17665131 0.64126984]

 rate=11 and ii =9
Accuracy: 0.774
Macro Precision: 0.751
Macro Recall: 0.628
Macro F1-score: 0.647

[[506  13   6]
 [126  34   6]
 [ 18   6  60]]
              precision    recall  f1-score   support

           0       0.78      0.96      0.86       525
           1       0.64      0.20      0.31       166
           2       0.83      0.71      0.77        84

    accuracy                           0.77       775
   macro avg       0.75      0.63      0.65       775
weighted avg       0.76      0.77      0.73       775

215 63.6
81 24.0
42 12.4
1783 64.9
651 23.7
315 11.5
(3087, 57) (3087,) (775, 57) (2749,) (2749,)

4 order Label Accuracy: 0.697
[[1619  116   48]
 [ 529  110   12]
 [ 107   21  187]]
0.6969807202619134 [0.90802019 0.16897081 0.59365079]

 rate=11 and ii =9
Accuracy: 0.774
Macro Precision: 0.798
Macro Recall: 0.617
Macro F1-score: 0.640

[[511   7   9]
 [130  32   3]
 [ 25   1  57]]
              precision    recall  f1-score   support

           0       0.77      0.97      0.86       527
           1       0.80      0.19      0.31       165
           2       0.83      0.69      0.75        83

    accuracy                           0.77       775
   macro avg       0.80      0.62      0.64       775
weighted avg       0.78      0.77      0.73       775

Time(sec):  7.9523489000000005
nodes = range(self.m)
range(0, 8)
Graph with 8 nodes and 0 edges
3 336 8
L
[[1 1 1 ... 1 1 1]
 [3 3 3 ... 1 3 3]
 [1 1 1 ... 1 1 1]
 ...
 [1 1 1 ... 1 1 1]
 [1 1 1 ... 1 1 1]
 [1 1 2 ... 1 2 2]]
L_ind
[[1. 0. 0. ... 1. 0. 0.]
 [0. 0. 1. ... 0. 0. 1.]
 [1. 0. 0. ... 1. 0. 0.]
 ...
 [1. 0. 0. ... 1. 0. 0.]
 [1. 0. 0. ... 1. 0. 0.]
 [1. 0. 0. ... 0. 1. 0.]]
3 2751 8
L
[[1 1 1 ... 1 1 1]
 [1 1 1 ... 1 1 1]
 [1 1 1 ... 1 1 1]
 ...
 [1 1 3 ... 1 3 1]
 [1 1 1 ... 1 3 3]
 [1 1 1 ... 1 3 3]]
L_ind
[[1. 0. 0. ... 1. 0. 0.]
 [1. 0. 0. ... 1. 0. 0.]
 [1. 0. 0. ... 1. 0. 0.]
 ...
 [1. 0. 0. ... 1. 0. 0.]
 [1. 0. 0. ... 0. 0. 1.]
 [1. 0. 0. ... 0. 0. 1.]]
225 67.0
78 23.2
33 9.8
1773 64.4
654 23.8
324 11.8
(3087, 57) (3087,) (775, 57) (775,)

 SNO Accuracy: 0.605
[[1158  464  151]
 [ 321  280   53]
 [  53   45  226]]

 rate=11 and ii =10
Accuracy: 0.743
Macro Precision: 0.696
Macro Recall: 0.699
Macro F1-score: 0.696

[[417  63  16]
 [ 91  90  10]
 [ 11   8  69]]
              precision    recall  f1-score   support

           0       0.80      0.84      0.82       496
           1       0.56      0.47      0.51       191
           2       0.73      0.78      0.75        88

    accuracy                           0.74       775
   macro avg       0.70      0.70      0.70       775
weighted avg       0.73      0.74      0.74       775

225 67.0
78 23.2
33 9.8
1773 64.4
654 23.8
324 11.8
(3087, 57) (3087,) (775, 57) (775,)

semi-SelfTrain Label Accuracy: 0.708
[[1658   79   36]
 [ 538  105   11]
 [ 130    9  185]]
0.708106143220647 [0.93513818 0.16055046 0.57098765]

 rate=11 and ii =10
Accuracy: 0.769
Macro Precision: 0.760
Macro Recall: 0.626
Macro F1-score: 0.649

[[500  16   7]
 [127  36   4]
 [ 23   2  60]]
              precision    recall  f1-score   support

         0.0       0.77      0.96      0.85       523
         1.0       0.67      0.22      0.33       167
         2.0       0.85      0.71      0.77        85

    accuracy                           0.77       775
   macro avg       0.76      0.63      0.65       775
weighted avg       0.76      0.77      0.73       775

225 67.0
78 23.2
33 9.8
1773 64.4
654 23.8
324 11.8
(3087, 57) (3087,) (775, 57) (775,)

semi-LabelSpread Label Accuracy: 0.667
[[1773    0    0]
 [ 602   52    0]
 [ 315    0    9]]
0.6666666666666666 [1.         0.0795107  0.02777778]

 rate=11 and ii =10
Accuracy: 0.725
Macro Precision: 0.906
Macro Recall: 0.377
Macro F1-score: 0.358

[[542   0   0]
 [142  19   0]
 [ 71   0   1]]
              precision    recall  f1-score   support

         0.0       0.72      1.00      0.84       542
         1.0       1.00      0.12      0.21       161
         2.0       1.00      0.01      0.03        72

    accuracy                           0.73       775
   macro avg       0.91      0.38      0.36       775
weighted avg       0.80      0.73      0.63       775

225 67.0
78 23.2
33 9.8
1773 64.4
654 23.8
324 11.8
(3087, 57) (3087,) (775, 57) (2751,) (2751,)

2 order Label Accuracy: 0.700
[[1560  186   27]
 [ 477  161   16]
 [ 103   16  205]]
0.7001090512540894 [0.87986464 0.24617737 0.63271605]

 rate=11 and ii =10
Accuracy: 0.759
Macro Precision: 0.741
Macro Recall: 0.645
Macro F1-score: 0.671

[[476  32   8]
 [120  53   3]
 [ 22   2  59]]
              precision    recall  f1-score   support

           0       0.77      0.92      0.84       516
           1       0.61      0.30      0.40       176
           2       0.84      0.71      0.77        83

    accuracy                           0.76       775
   macro avg       0.74      0.64      0.67       775
weighted avg       0.74      0.76      0.73       775

225 67.0
78 23.2
33 9.8
1773 64.4
654 23.8
324 11.8
(3087, 57) (3087,) (775, 57) (2751,) (2751,)

3 order Label Accuracy: 0.660
[[1528  212   33]
 [ 497  139   18]
 [ 142   33  149]]
0.6601235914213014 [0.86181613 0.21253823 0.45987654]

 rate=11 and ii =10
Accuracy: 0.741
Macro Precision: 0.727
Macro Recall: 0.590
Macro F1-score: 0.628

[[480  32   5]
 [127  44   2]
 [ 31   4  50]]
              precision    recall  f1-score   support

           0       0.75      0.93      0.83       517
           1       0.55      0.25      0.35       173
           2       0.88      0.59      0.70        85

    accuracy                           0.74       775
   macro avg       0.73      0.59      0.63       775
weighted avg       0.72      0.74      0.71       775

225 67.0
78 23.2
33 9.8
1773 64.4
654 23.8
324 11.8
(3087, 57) (3087,) (775, 57) (2751,) (2751,)

4 order Label Accuracy: 0.705
[[1672   77   24]
 [ 543   89   22]
 [ 122   24  178]]
0.7048346055979644 [0.9430344  0.13608563 0.54938272]

 rate=11 and ii =10
Accuracy: 0.773
Macro Precision: 0.785
Macro Recall: 0.622
Macro F1-score: 0.647

[[509  13   5]
 [131  32   3]
 [ 24   0  58]]
              precision    recall  f1-score   support

           0       0.77      0.97      0.85       527
           1       0.71      0.19      0.30       166
           2       0.88      0.71      0.78        82

    accuracy                           0.77       775
   macro avg       0.79      0.62      0.65       775
weighted avg       0.77      0.77      0.73       775

Time(sec):  8.3645184
nodes = range(self.m)
range(0, 8)
Graph with 8 nodes and 0 edges
3 337 8
L
[[1 1 1 ... 1 1 1]
 [1 1 1 ... 1 1 1]
 [1 1 1 ... 1 1 1]
 ...
 [1 1 1 ... 1 1 1]
 [1 1 3 ... 3 3 3]
 [1 1 3 ... 1 3 3]]
L_ind
[[1. 0. 0. ... 1. 0. 0.]
 [1. 0. 0. ... 1. 0. 0.]
 [1. 0. 0. ... 1. 0. 0.]
 ...
 [1. 0. 0. ... 1. 0. 0.]
 [1. 0. 0. ... 0. 0. 1.]
 [1. 0. 0. ... 0. 0. 1.]]
3 2750 8
L
[[2 1 1 ... 1 1 1]
 [2 1 1 ... 1 1 2]
 [1 1 1 ... 1 1 1]
 ...
 [1 1 3 ... 1 3 3]
 [1 1 1 ... 1 3 3]
 [2 1 1 ... 1 3 3]]
L_ind
[[0. 1. 0. ... 1. 0. 0.]
 [0. 1. 0. ... 0. 1. 0.]
 [1. 0. 0. ... 1. 0. 0.]
 ...
 [1. 0. 0. ... 0. 0. 1.]
 [1. 0. 0. ... 0. 0. 1.]
 [0. 1. 0. ... 0. 0. 1.]]
215 63.8
81 24.0
41 12.2
1783 64.8
651 23.7
316 11.5
(3087, 57) (3087,) (775, 57) (775,)

 SNO Accuracy: 0.643
[[1234  413  136]
 [ 330  279   42]
 [  39   22  255]]

 rate=11 and ii =11
Accuracy: 0.765
Macro Precision: 0.715
Macro Recall: 0.717
Macro F1-score: 0.708

[[440  47  19]
 [ 95  72   9]
 [ 10   2  81]]
              precision    recall  f1-score   support

           0       0.81      0.87      0.84       506
           1       0.60      0.41      0.48       176
           2       0.74      0.87      0.80        93

    accuracy                           0.77       775
   macro avg       0.72      0.72      0.71       775
weighted avg       0.75      0.77      0.75       775

215 63.8
81 24.0
41 12.2
1783 64.8
651 23.7
316 11.5
(3087, 57) (3087,) (775, 57) (775,)

semi-SelfTrain Label Accuracy: 0.724
[[1690   20   73]
 [ 549   73   29]
 [  86    2  228]]
0.724 [0.94784072 0.11213518 0.72151899]

 rate=11 and ii =11
Accuracy: 0.765
Macro Precision: 0.812
Macro Recall: 0.602
Macro F1-score: 0.582

[[516   1  13]
 [138  12   9]
 [ 21   0  65]]
              precision    recall  f1-score   support

         0.0       0.76      0.97      0.86       530
         1.0       0.92      0.08      0.14       159
         2.0       0.75      0.76      0.75        86

    accuracy                           0.77       775
   macro avg       0.81      0.60      0.58       775
weighted avg       0.80      0.77      0.70       775

215 63.8
81 24.0
41 12.2
1783 64.8
651 23.7
316 11.5
(3087, 57) (3087,) (775, 57) (775,)

semi-LabelSpread Label Accuracy: 0.676
[[1783    0    0]
 [ 585   66    0]
 [ 306    0   10]]
0.676 [1.         0.10138249 0.03164557]

 rate=11 and ii =11
Accuracy: 0.721
Macro Precision: 0.905
Macro Recall: 0.372
Macro F1-score: 0.352

[[544   0   0]
 [147  12   0]
 [ 69   0   3]]
              precision    recall  f1-score   support

         0.0       0.72      1.00      0.83       544
         1.0       1.00      0.08      0.14       159
         2.0       1.00      0.04      0.08        72

    accuracy                           0.72       775
   macro avg       0.91      0.37      0.35       775
weighted avg       0.80      0.72      0.62       775

215 63.8
81 24.0
41 12.2
1783 64.8
651 23.7
316 11.5
(3087, 57) (3087,) (775, 57) (2750,) (2750,)

2 order Label Accuracy: 0.713
[[1579  137   67]
 [ 487  139   25]
 [  65    9  242]]
0.7127272727272728 [0.88558609 0.21351767 0.76582278]

 rate=11 and ii =11
Accuracy: 0.777
Macro Precision: 0.751
Macro Recall: 0.658
Macro F1-score: 0.660

[[498  16  12]
 [124  33   6]
 [ 15   0  71]]
              precision    recall  f1-score   support

           0       0.78      0.95      0.86       526
           1       0.67      0.20      0.31       163
           2       0.80      0.83      0.81        86

    accuracy                           0.78       775
   macro avg       0.75      0.66      0.66       775
weighted avg       0.76      0.78      0.74       775

215 63.8
81 24.0
41 12.2
1783 64.8
651 23.7
316 11.5
(3087, 57) (3087,) (775, 57) (2750,) (2750,)

3 order Label Accuracy: 0.684
[[1572  178   33]
 [ 517  121   13]
 [  86   42  188]]
0.684 [0.88166012 0.1858679  0.59493671]

 rate=11 and ii =11
Accuracy: 0.763
Macro Precision: 0.751
Macro Recall: 0.610
Macro F1-score: 0.631

[[503  14   5]
 [136  28   3]
 [ 22   4  60]]
              precision    recall  f1-score   support

           0       0.76      0.96      0.85       522
           1       0.61      0.17      0.26       167
           2       0.88      0.70      0.78        86

    accuracy                           0.76       775
   macro avg       0.75      0.61      0.63       775
weighted avg       0.74      0.76      0.72       775

215 63.8
81 24.0
41 12.2
1783 64.8
651 23.7
316 11.5
(3087, 57) (3087,) (775, 57) (2750,) (2750,)

4 order Label Accuracy: 0.688
[[1570  125   88]
 [ 485  131   35]
 [  93   32  191]]
0.688 [0.88053842 0.20122888 0.60443038]

 rate=11 and ii =11
Accuracy: 0.770
Macro Precision: 0.748
Macro Recall: 0.638
Macro F1-score: 0.648

[[498  14  10]
 [127  34   6]
 [ 18   3  65]]
              precision    recall  f1-score   support

           0       0.77      0.95      0.85       522
           1       0.67      0.20      0.31       167
           2       0.80      0.76      0.78        86

    accuracy                           0.77       775
   macro avg       0.75      0.64      0.65       775
weighted avg       0.75      0.77      0.73       775

Time(sec):  7.7728684999999995
nodes = range(self.m)
range(0, 8)
Graph with 8 nodes and 0 edges
3 338 8
L
[[1 1 1 ... 1 1 1]
 [1 1 1 ... 1 1 1]
 [1 1 1 ... 1 1 1]
 ...
 [3 1 3 ... 3 3 3]
 [1 1 3 ... 3 3 3]
 [1 1 1 ... 1 1 1]]
L_ind
[[1. 0. 0. ... 1. 0. 0.]
 [1. 0. 0. ... 1. 0. 0.]
 [1. 0. 0. ... 1. 0. 0.]
 ...
 [0. 0. 1. ... 0. 0. 1.]
 [1. 0. 0. ... 0. 0. 1.]
 [1. 0. 0. ... 1. 0. 0.]]
3 2749 8
L
[[2 1 1 ... 1 1 1]
 [3 1 1 ... 1 1 2]
 [1 1 1 ... 1 1 1]
 ...
 [1 1 3 ... 1 3 3]
 [1 1 1 ... 3 3 3]
 [1 1 1 ... 3 3 3]]
L_ind
[[0. 1. 0. ... 1. 0. 0.]
 [0. 0. 1. ... 0. 1. 0.]
 [1. 0. 0. ... 1. 0. 0.]
 ...
 [1. 0. 0. ... 0. 0. 1.]
 [1. 0. 0. ... 0. 0. 1.]
 [1. 0. 0. ... 0. 0. 1.]]
217 64.2
88 26.0
33 9.8
1781 64.8
644 23.4
324 11.8
(3087, 57) (3087,) (775, 57) (775,)

 SNO Accuracy: 0.653
[[1324  273  184]
 [ 349  214   81]
 [  45   21  258]]

 rate=11 and ii =12
Accuracy: 0.775
Macro Precision: 0.726
Macro Recall: 0.709
Macro F1-score: 0.697

[[453  27  25]
 [ 90  67  17]
 [ 14   1  81]]
              precision    recall  f1-score   support

           0       0.81      0.90      0.85       505
           1       0.71      0.39      0.50       174
           2       0.66      0.84      0.74        96

    accuracy                           0.78       775
   macro avg       0.73      0.71      0.70       775
weighted avg       0.77      0.78      0.76       775

217 64.2
88 26.0
33 9.8
1781 64.8
644 23.4
324 11.8
(3087, 57) (3087,) (775, 57) (775,)

semi-SelfTrain Label Accuracy: 0.733
[[1706   37   38]
 [ 509  127    8]
 [ 142    1  181]]
0.7326300472899236 [0.95788883 0.19720497 0.55864198]

 rate=11 and ii =12
Accuracy: 0.773
Macro Precision: 0.822
Macro Recall: 0.594
Macro F1-score: 0.634

[[513   6   7]
 [126  37   2]
 [ 35   0  49]]
              precision    recall  f1-score   support

         0.0       0.76      0.98      0.85       526
         1.0       0.86      0.22      0.36       165
         2.0       0.84      0.58      0.69        84

    accuracy                           0.77       775
   macro avg       0.82      0.59      0.63       775
weighted avg       0.79      0.77      0.73       775

217 64.2
88 26.0
33 9.8
1781 64.8
644 23.4
324 11.8
(3087, 57) (3087,) (775, 57) (775,)

semi-LabelSpread Label Accuracy: 0.671
[[1781    0    0]
 [ 583   61    0]
 [ 321    0    3]]
0.6711531465987632 [1.         0.0947205  0.00925926]

 rate=11 and ii =12
Accuracy: 0.726
Macro Precision: 0.573
Macro Recall: 0.379
Macro F1-score: 0.358

[[541   0   0]
 [140  22   0]
 [ 72   0   0]]
              precision    recall  f1-score   support

         0.0       0.72      1.00      0.84       541
         1.0       1.00      0.14      0.24       162
         2.0       0.00      0.00      0.00        72

    accuracy                           0.73       775
   macro avg       0.57      0.38      0.36       775
weighted avg       0.71      0.73      0.63       775

217 64.2
88 26.0
33 9.8
1781 64.8
644 23.4
324 11.8
(3087, 57) (3087,) (775, 57) (2749,) (2749,)

2 order Label Accuracy: 0.702
[[1549  173   59]
 [ 433  180   31]
 [  96   27  201]]
0.7020734812659148 [0.8697361  0.27950311 0.62037037]

 rate=11 and ii =12
Accuracy: 0.779
Macro Precision: 0.773
Macro Recall: 0.644
Macro F1-score: 0.668

[[494  11  16]
 [110  52   6]
 [ 27   1  58]]
              precision    recall  f1-score   support

           0       0.78      0.95      0.86       521
           1       0.81      0.31      0.45       168
           2       0.72      0.67      0.70        86

    accuracy                           0.78       775
   macro avg       0.77      0.64      0.67       775
weighted avg       0.78      0.78      0.75       775

217 64.2
88 26.0
33 9.8
1781 64.8
644 23.4
324 11.8
(3087, 57) (3087,) (775, 57) (2749,) (2749,)

3 order Label Accuracy: 0.688
[[1571  120   90]
 [ 492  134   18]
 [ 100   37  187]]
0.6882502728264823 [0.88208871 0.20807453 0.57716049]

 rate=11 and ii =12
Accuracy: 0.772
Macro Precision: 0.784
Macro Recall: 0.615
Macro F1-score: 0.641

[[505   8  13]
 [124  39   3]
 [ 28   1  54]]
              precision    recall  f1-score   support

           0       0.77      0.96      0.85       526
           1       0.81      0.23      0.36       166
           2       0.77      0.65      0.71        83

    accuracy                           0.77       775
   macro avg       0.78      0.62      0.64       775
weighted avg       0.78      0.77      0.73       775

217 64.2
88 26.0
33 9.8
1781 64.8
644 23.4
324 11.8
(3087, 57) (3087,) (775, 57) (2749,) (2749,)

4 order Label Accuracy: 0.717
[[1620  102   59]
 [ 458  160   26]
 [ 107   26  191]]
0.7169879956347763 [0.90960135 0.2484472  0.58950617]

 rate=11 and ii =12
Accuracy: 0.779
Macro Precision: 0.787
Macro Recall: 0.635
Macro F1-score: 0.658

[[502   8  16]
 [115  44   5]
 [ 27   0  58]]
              precision    recall  f1-score   support

           0       0.78      0.95      0.86       526
           1       0.85      0.27      0.41       164
           2       0.73      0.68      0.71        85

    accuracy                           0.78       775
   macro avg       0.79      0.64      0.66       775
weighted avg       0.79      0.78      0.75       775

Time(sec):  8.025065
nodes = range(self.m)
range(0, 8)
Graph with 8 nodes and 0 edges
3 338 8
L
[[2 1 2 ... 1 2 2]
 [1 1 1 ... 2 1 1]
 [1 1 1 ... 1 1 1]
 ...
 [3 1 3 ... 1 3 3]
 [3 1 3 ... 1 3 3]
 [1 1 3 ... 1 3 3]]
L_ind
[[0. 1. 0. ... 0. 1. 0.]
 [1. 0. 0. ... 1. 0. 0.]
 [1. 0. 0. ... 1. 0. 0.]
 ...
 [0. 0. 1. ... 0. 0. 1.]
 [0. 0. 1. ... 0. 0. 1.]
 [1. 0. 0. ... 0. 0. 1.]]
3 2749 8
L
[[2 1 3 ... 1 1 1]
 [1 1 1 ... 1 1 1]
 [2 1 1 ... 1 1 1]
 ...
 [3 1 3 ... 1 3 3]
 [1 1 1 ... 1 3 3]
 [1 1 1 ... 1 3 3]]
L_ind
[[0. 1. 0. ... 1. 0. 0.]
 [1. 0. 0. ... 1. 0. 0.]
 [0. 1. 0. ... 1. 0. 0.]
 ...
 [0. 0. 1. ... 0. 0. 1.]
 [1. 0. 0. ... 0. 0. 1.]
 [1. 0. 0. ... 0. 0. 1.]]
220 65.1
81 24.0
37 10.9
1778 64.7
651 23.7
320 11.6
(3087, 57) (3087,) (775, 57) (775,)

 SNO Accuracy: 0.619
[[1180  426  172]
 [ 317  271   63]
 [  39   30  251]]

 rate=11 and ii =13
Accuracy: 0.747
Macro Precision: 0.680
Macro Recall: 0.703
Macro F1-score: 0.687

[[424  59  24]
 [ 83  78  14]
 [ 12   4  77]]
              precision    recall  f1-score   support

           0       0.82      0.84      0.83       507
           1       0.55      0.45      0.49       175
           2       0.67      0.83      0.74        93

    accuracy                           0.75       775
   macro avg       0.68      0.70      0.69       775
weighted avg       0.74      0.75      0.74       775

220 65.1
81 24.0
37 10.9
1778 64.7
651 23.7
320 11.6
(3087, 57) (3087,) (775, 57) (775,)

semi-SelfTrain Label Accuracy: 0.740
[[1699    6   73]
 [ 507  115   29]
 [  96    3  221]]
0.7402691887959257 [0.95556805 0.17665131 0.690625  ]

 rate=11 and ii =13
Accuracy: 0.788
Macro Precision: 0.845
Macro Recall: 0.647
Macro F1-score: 0.657

[[513   0  16]
 [123  34   5]
 [ 20   0  64]]
              precision    recall  f1-score   support

         0.0       0.78      0.97      0.87       529
         1.0       1.00      0.21      0.35       162
         2.0       0.75      0.76      0.76        84

    accuracy                           0.79       775
   macro avg       0.84      0.65      0.66       775
weighted avg       0.82      0.79      0.75       775

220 65.1
81 24.0
37 10.9
1778 64.7
651 23.7
320 11.6
(3087, 57) (3087,) (775, 57) (775,)

semi-LabelSpread Label Accuracy: 0.669
[[1778    0    0]
 [ 594   57    0]
 [ 317    0    3]]
0.6686067660967625 [1.        0.0875576 0.009375 ]

 rate=11 and ii =13
Accuracy: 0.728
Macro Precision: 0.907
Macro Recall: 0.378
Macro F1-score: 0.359

[[544   0   0]
 [140  19   0]
 [ 71   0   1]]
              precision    recall  f1-score   support

         0.0       0.72      1.00      0.84       544
         1.0       1.00      0.12      0.21       159
         2.0       1.00      0.01      0.03        72

    accuracy                           0.73       775
   macro avg       0.91      0.38      0.36       775
weighted avg       0.80      0.73      0.63       775

220 65.1
81 24.0
37 10.9
1778 64.7
651 23.7
320 11.6
(3087, 57) (3087,) (775, 57) (2749,) (2749,)

2 order Label Accuracy: 0.717
[[1611  132   35]
 [ 496  137   18]
 [  84   13  223]]
0.7169879956347763 [0.90607424 0.21044547 0.696875  ]

 rate=11 and ii =13
Accuracy: 0.788
Macro Precision: 0.814
Macro Recall: 0.641
Macro F1-score: 0.667

[[513   8   6]
 [123  36   4]
 [ 22   1  62]]
              precision    recall  f1-score   support

           0       0.78      0.97      0.87       527
           1       0.80      0.22      0.35       163
           2       0.86      0.73      0.79        85

    accuracy                           0.79       775
   macro avg       0.81      0.64      0.67       775
weighted avg       0.79      0.79      0.75       775

220 65.1
81 24.0
37 10.9
1778 64.7
651 23.7
320 11.6
(3087, 57) (3087,) (775, 57) (2749,) (2749,)

3 order Label Accuracy: 0.685
[[1593  142   43]
 [ 531  109   11]
 [ 113   27  180]]
0.6846125863950527 [0.89595051 0.16743472 0.5625    ]

 rate=11 and ii =13
Accuracy: 0.768
Macro Precision: 0.775
Macro Recall: 0.589
Macro F1-score: 0.623

[[515  12   3]
 [130  30   3]
 [ 29   3  50]]
              precision    recall  f1-score   support

           0       0.76      0.97      0.86       530
           1       0.67      0.18      0.29       163
           2       0.89      0.61      0.72        82

    accuracy                           0.77       775
   macro avg       0.77      0.59      0.62       775
weighted avg       0.76      0.77      0.72       775

220 65.1
81 24.0
37 10.9
1778 64.7
651 23.7
320 11.6
(3087, 57) (3087,) (775, 57) (2749,) (2749,)

4 order Label Accuracy: 0.695
[[1636   50   92]
 [ 536   83   32]
 [ 116   12  192]]
0.6951618770461986 [0.92013498 0.12749616 0.6       ]

 rate=11 and ii =13
Accuracy: 0.766
Macro Precision: 0.795
Macro Recall: 0.587
Macro F1-score: 0.612

[[516   6   7]
 [134  26   3]
 [ 30   1  52]]
              precision    recall  f1-score   support

           0       0.76      0.98      0.85       529
           1       0.79      0.16      0.27       163
           2       0.84      0.63      0.72        83

    accuracy                           0.77       775
   macro avg       0.80      0.59      0.61       775
weighted avg       0.77      0.77      0.72       775

Time(sec):  7.6823831
nodes = range(self.m)
range(0, 8)
Graph with 8 nodes and 0 edges
3 336 8
L
[[2 1 1 ... 1 1 1]
 [1 1 1 ... 1 1 1]
 [3 3 3 ... 1 3 3]
 ...
 [1 1 1 ... 1 1 1]
 [1 1 1 ... 1 1 1]
 [1 1 1 ... 1 1 1]]
L_ind
[[0. 1. 0. ... 1. 0. 0.]
 [1. 0. 0. ... 1. 0. 0.]
 [0. 0. 1. ... 0. 0. 1.]
 ...
 [1. 0. 0. ... 1. 0. 0.]
 [1. 0. 0. ... 1. 0. 0.]
 [1. 0. 0. ... 1. 0. 0.]]
3 2751 8
L
[[1 1 1 ... 1 1 1]
 [1 1 1 ... 1 1 1]
 [1 1 1 ... 1 1 1]
 ...
 [1 1 3 ... 1 1 1]
 [1 1 1 ... 3 3 3]
 [1 1 1 ... 3 3 3]]
L_ind
[[1. 0. 0. ... 1. 0. 0.]
 [1. 0. 0. ... 1. 0. 0.]
 [1. 0. 0. ... 1. 0. 0.]
 ...
 [1. 0. 0. ... 1. 0. 0.]
 [1. 0. 0. ... 0. 0. 1.]
 [1. 0. 0. ... 0. 0. 1.]]
223 66.4
71 21.1
42 12.5
1775 64.5
661 24.0
315 11.5
(3087, 57) (3087,) (775, 57) (775,)

 SNO Accuracy: 0.622
[[1216  328  231]
 [ 332  245   84]
 [  42   22  251]]

 rate=11 and ii =14
Accuracy: 0.742
Macro Precision: 0.670
Macro Recall: 0.694
Macro F1-score: 0.665

[[428  41  34]
 [ 95  62  18]
 [  9   3  85]]
              precision    recall  f1-score   support

           0       0.80      0.85      0.83       503
           1       0.58      0.35      0.44       175
           2       0.62      0.88      0.73        97

    accuracy                           0.74       775
   macro avg       0.67      0.69      0.66       775
weighted avg       0.73      0.74      0.73       775

223 66.4
71 21.1
42 12.5
1775 64.5
661 24.0
315 11.5
(3087, 57) (3087,) (775, 57) (775,)

semi-SelfTrain Label Accuracy: 0.723
[[1734    1   40]
 [ 587   52   22]
 [ 113    0  202]]
0.72264631043257 [0.97690141 0.07866868 0.64126984]

 rate=11 and ii =14
Accuracy: 0.774
Macro Precision: 0.867
Macro Recall: 0.595
Macro F1-score: 0.601

[[527   0   6]
 [139  16   5]
 [ 25   0  57]]
              precision    recall  f1-score   support

         0.0       0.76      0.99      0.86       533
         1.0       1.00      0.10      0.18       160
         2.0       0.84      0.70      0.76        82

    accuracy                           0.77       775
   macro avg       0.87      0.59      0.60       775
weighted avg       0.82      0.77      0.71       775

223 66.4
71 21.1
42 12.5
1775 64.5
661 24.0
315 11.5
(3087, 57) (3087,) (775, 57) (775,)

semi-LabelSpread Label Accuracy: 0.667
[[1775    0    0]
 [ 612   49    0]
 [ 305    0   10]]
0.6666666666666666 [1.         0.07413011 0.03174603]

 rate=11 and ii =14
Accuracy: 0.721
Macro Precision: 0.905
Macro Recall: 0.369
Macro F1-score: 0.344

[[543   0   0]
 [145  15   0]
 [ 71   0   1]]
              precision    recall  f1-score   support

         0.0       0.72      1.00      0.83       543
         1.0       1.00      0.09      0.17       160
         2.0       1.00      0.01      0.03        72

    accuracy                           0.72       775
   macro avg       0.91      0.37      0.34       775
weighted avg       0.80      0.72      0.62       775

223 66.4
71 21.1
42 12.5
1775 64.5
661 24.0
315 11.5
(3087, 57) (3087,) (775, 57) (2751,) (2751,)

2 order Label Accuracy: 0.736
[[1676   67   32]
 [ 495  135   31]
 [  97    4  214]]
0.7360959651035986 [0.94422535 0.20423601 0.67936508]

 rate=11 and ii =14
Accuracy: 0.790
Macro Precision: 0.830
Macro Recall: 0.647
Macro F1-score: 0.667

[[515   6   7]
 [127  33   3]
 [ 20   0  64]]
              precision    recall  f1-score   support

           0       0.78      0.98      0.87       528
           1       0.85      0.20      0.33       163
           2       0.86      0.76      0.81        84

    accuracy                           0.79       775
   macro avg       0.83      0.65      0.67       775
weighted avg       0.80      0.79      0.75       775

223 66.4
71 21.1
42 12.5
1775 64.5
661 24.0
315 11.5
(3087, 57) (3087,) (775, 57) (2751,) (2751,)

3 order Label Accuracy: 0.712
[[1690   58   27]
 [ 552   96   13]
 [ 122   21  172]]
0.7117411850236278 [0.95211268 0.14523449 0.54603175]

 rate=11 and ii =14
Accuracy: 0.761
Macro Precision: 0.807
Macro Recall: 0.555
Macro F1-score: 0.584

[[525   5   3]
 [139  20   2]
 [ 35   1  45]]
              precision    recall  f1-score   support

           0       0.75      0.98      0.85       533
           1       0.77      0.12      0.21       161
           2       0.90      0.56      0.69        81

    accuracy                           0.76       775
   macro avg       0.81      0.55      0.58       775
weighted avg       0.77      0.76      0.70       775

223 66.4
71 21.1
42 12.5
1775 64.5
661 24.0
315 11.5
(3087, 57) (3087,) (775, 57) (2751,) (2751,)

4 order Label Accuracy: 0.674
[[1679   45   51]
 [ 622   23   16]
 [ 158    5  152]]
0.6739367502726281 [0.94591549 0.03479576 0.48253968]

 rate=11 and ii =14
Accuracy: 0.752
Macro Precision: 0.827
Macro Recall: 0.526
Macro F1-score: 0.544

[[530   2   4]
 [146  11   1]
 [ 39   0  42]]
              precision    recall  f1-score   support

           0       0.74      0.99      0.85       536
           1       0.85      0.07      0.13       158
           2       0.89      0.52      0.66        81

    accuracy                           0.75       775
   macro avg       0.83      0.53      0.54       775
weighted avg       0.78      0.75      0.68       775

Time(sec):  7.8674057
nodes = range(self.m)
range(0, 8)
Graph with 8 nodes and 0 edges
3 337 8
L
[[3 3 3 ... 1 3 3]
 [1 1 1 ... 1 1 1]
 [1 1 1 ... 1 1 1]
 ...
 [1 1 3 ... 1 3 3]
 [3 1 3 ... 1 3 3]
 [1 1 1 ... 1 1 1]]
L_ind
[[0. 0. 1. ... 0. 0. 1.]
 [1. 0. 0. ... 1. 0. 0.]
 [1. 0. 0. ... 1. 0. 0.]
 ...
 [1. 0. 0. ... 0. 0. 1.]
 [0. 0. 1. ... 0. 0. 1.]
 [1. 0. 0. ... 1. 0. 0.]]
3 2750 8
L
[[2 1 3 ... 1 1 1]
 [1 1 1 ... 1 1 1]
 [2 1 1 ... 1 2 2]
 ...
 [3 1 3 ... 1 3 3]
 [1 1 1 ... 1 3 3]
 [1 1 2 ... 1 3 3]]
L_ind
[[0. 1. 0. ... 1. 0. 0.]
 [1. 0. 0. ... 1. 0. 0.]
 [0. 1. 0. ... 0. 1. 0.]
 ...
 [0. 0. 1. ... 0. 0. 1.]
 [1. 0. 0. ... 0. 0. 1.]
 [1. 0. 0. ... 0. 0. 1.]]
223 66.2
71 21.1
43 12.8
1775 64.5
661 24.0
314 11.4
(3087, 57) (3087,) (775, 57) (775,)

 SNO Accuracy: 0.629
[[1226  330  219]
 [ 332  250   79]
 [  39   21  254]]

 rate=11 and ii =15
Accuracy: 0.754
Macro Precision: 0.703
Macro Recall: 0.719
Macro F1-score: 0.702

[[419  50  24]
 [ 94  76  12]
 [  9   2  89]]
              precision    recall  f1-score   support

           0       0.80      0.85      0.83       493
           1       0.59      0.42      0.49       182
           2       0.71      0.89      0.79       100

    accuracy                           0.75       775
   macro avg       0.70      0.72      0.70       775
weighted avg       0.74      0.75      0.74       775

223 66.2
71 21.1
43 12.8
1775 64.5
661 24.0
314 11.4
(3087, 57) (3087,) (775, 57) (775,)

semi-SelfTrain Label Accuracy: 0.743
[[1723   11   41]
 [ 517  122   22]
 [ 117    0  197]]
0.7425454545454545 [0.97070423 0.18456884 0.62738854]

 rate=11 and ii =15
Accuracy: 0.774
Macro Precision: 0.873
Macro Recall: 0.593
Macro F1-score: 0.614

[[523   0   6]
 [137  22   3]
 [ 29   0  55]]
              precision    recall  f1-score   support

         0.0       0.76      0.99      0.86       529
         1.0       1.00      0.14      0.24       162
         2.0       0.86      0.65      0.74        84

    accuracy                           0.77       775
   macro avg       0.87      0.59      0.61       775
weighted avg       0.82      0.77      0.72       775

223 66.2
71 21.1
43 12.8
1775 64.5
661 24.0
314 11.4
(3087, 57) (3087,) (775, 57) (775,)

semi-LabelSpread Label Accuracy: 0.672
[[1775    0    0]
 [ 599   62    0]
 [ 303    0   11]]
0.672 [1.         0.09379728 0.03503185]

 rate=11 and ii =15
Accuracy: 0.724
Macro Precision: 0.906
Macro Recall: 0.383
Macro F1-score: 0.372

[[543   0   0]
 [146  13   0]
 [ 68   0   5]]
              precision    recall  f1-score   support

         0.0       0.72      1.00      0.84       543
         1.0       1.00      0.08      0.15       159
         2.0       1.00      0.07      0.13        73

    accuracy                           0.72       775
   macro avg       0.91      0.38      0.37       775
weighted avg       0.80      0.72      0.63       775

223 66.2
71 21.1
43 12.8
1775 64.5
661 24.0
314 11.4
(3087, 57) (3087,) (775, 57) (2750,) (2750,)

2 order Label Accuracy: 0.717
[[1599  119   57]
 [ 471  170   20]
 [ 104    7  203]]
0.7170909090909091 [0.90084507 0.25718608 0.64649682]

 rate=11 and ii =15
Accuracy: 0.788
Macro Precision: 0.834
Macro Recall: 0.644
Macro F1-score: 0.673

[[510   5   9]
 [123  41   3]
 [ 24   0  60]]
              precision    recall  f1-score   support

           0       0.78      0.97      0.86       524
           1       0.89      0.25      0.38       167
           2       0.83      0.71      0.77        84

    accuracy                           0.79       775
   macro avg       0.83      0.64      0.67       775
weighted avg       0.81      0.79      0.75       775

223 66.2
71 21.1
43 12.8
1775 64.5
661 24.0
314 11.4
(3087, 57) (3087,) (775, 57) (2750,) (2750,)

3 order Label Accuracy: 0.708
[[1596  106   73]
 [ 470  171   20]
 [ 104   29  181]]
0.7083636363636364 [0.89915493 0.25869894 0.57643312]

 rate=11 and ii =15
Accuracy: 0.777
Macro Precision: 0.786
Macro Recall: 0.614
Macro F1-score: 0.646

[[509   6   9]
 [124  40   3]
 [ 25   6  53]]
              precision    recall  f1-score   support

           0       0.77      0.97      0.86       524
           1       0.77      0.24      0.37       167
           2       0.82      0.63      0.71        84

    accuracy                           0.78       775
   macro avg       0.79      0.61      0.65       775
weighted avg       0.78      0.78      0.74       775

223 66.2
71 21.1
43 12.8
1775 64.5
661 24.0
314 11.4
(3087, 57) (3087,) (775, 57) (2750,) (2750,)

4 order Label Accuracy: 0.684
[[1601  129   45]
 [ 537  108   16]
 [ 107   35  172]]
0.684 [0.90197183 0.1633888  0.5477707 ]

 rate=11 and ii =15
Accuracy: 0.756
Macro Precision: 0.735
Macro Recall: 0.596
Macro F1-score: 0.613

[[503  11   8]
 [140  25   2]
 [ 22   6  58]]
              precision    recall  f1-score   support

           0       0.76      0.96      0.85       522
           1       0.60      0.15      0.24       167
           2       0.85      0.67      0.75        86

    accuracy                           0.76       775
   macro avg       0.73      0.60      0.61       775
weighted avg       0.73      0.76      0.71       775

Time(sec):  7.9896472
