nodes = range(self.m)
range(0, 8)
Graph with 8 nodes and 0 edges
3 183 8
L
[[1 1 3 ... 3 3 3]
 [1 1 2 ... 1 2 2]
 [1 1 1 ... 1 1 1]
 ...
 [1 1 1 ... 1 1 1]
 [1 1 1 ... 1 1 1]
 [1 1 1 ... 1 1 1]]
L_ind
[[1. 0. 0. ... 0. 0. 1.]
 [1. 0. 0. ... 0. 1. 0.]
 [1. 0. 0. ... 1. 0. 0.]
 ...
 [1. 0. 0. ... 1. 0. 0.]
 [1. 0. 0. ... 1. 0. 0.]
 [1. 0. 0. ... 1. 0. 0.]]
3 2904 8
L
[[1 1 1 ... 1 1 1]
 [1 1 1 ... 1 1 1]
 [1 1 1 ... 1 1 3]
 ...
 [1 1 3 ... 1 1 1]
 [1 1 1 ... 3 3 3]
 [1 1 1 ... 3 3 3]]
L_ind
[[1. 0. 0. ... 1. 0. 0.]
 [1. 0. 0. ... 1. 0. 0.]
 [1. 0. 0. ... 0. 0. 1.]
 ...
 [1. 0. 0. ... 1. 0. 0.]
 [1. 0. 0. ... 0. 0. 1.]
 [1. 0. 0. ... 0. 0. 1.]]
119 65.0
43 23.5
21 11.5
1879 64.7
689 23.7
336 11.6
(3087, 57) (3087,) (775, 57) (775,)

 SNO Accuracy: 0.594
[[1226  455  198]
 [ 382  242   65]
 [  40   39  257]]

 rate=6 and ii =1
Accuracy: 0.710
Macro Precision: 0.640
Macro Recall: 0.666
Macro F1-score: 0.651

[[400  78  25]
 [ 85  78  15]
 [ 13   9  72]]
              precision    recall  f1-score   support

           0       0.80      0.80      0.80       503
           1       0.47      0.44      0.45       178
           2       0.64      0.77      0.70        94

    accuracy                           0.71       775
   macro avg       0.64      0.67      0.65       775
weighted avg       0.71      0.71      0.71       775

119 65.0
43 23.5
21 11.5
1879 64.7
689 23.7
336 11.6
(3087, 57) (3087,) (775, 57) (775,)

semi-SelfTrain Label Accuracy: 0.704
[[1797   32   50]
 [ 626   44   19]
 [ 118   14  204]]
0.7042011019283747 [0.95635977 0.06386067 0.60714286]

 rate=6 and ii =1
Accuracy: 0.755
Macro Precision: 0.713
Macro Recall: 0.574
Macro F1-score: 0.581

[[513   6   8]
 [141  16   5]
 [ 24   6  56]]
              precision    recall  f1-score   support

         0.0       0.76      0.97      0.85       527
         1.0       0.57      0.10      0.17       162
         2.0       0.81      0.65      0.72        86

    accuracy                           0.75       775
   macro avg       0.71      0.57      0.58       775
weighted avg       0.72      0.75      0.69       775

119 65.0
43 23.5
21 11.5
1879 64.7
689 23.7
336 11.6
(3087, 57) (3087,) (775, 57) (775,)

semi-LabelSpread Label Accuracy: 0.658
[[1879    0    0]
 [ 661   28    0]
 [ 331    0    5]]
0.6584022038567493 [1.         0.04063861 0.01488095]

 rate=6 and ii =1
Accuracy: 0.717
Macro Precision: 0.571
Macro Recall: 0.355
Macro F1-score: 0.318

[[546   0   0]
 [147  10   0]
 [ 72   0   0]]
              precision    recall  f1-score   support

         0.0       0.71      1.00      0.83       546
         1.0       1.00      0.06      0.12       157
         2.0       0.00      0.00      0.00        72

    accuracy                           0.72       775
   macro avg       0.57      0.35      0.32       775
weighted avg       0.71      0.72      0.61       775

119 65.0
43 23.5
21 11.5
1879 64.7
689 23.7
336 11.6
(3087, 57) (3087,) (775, 57) (2904,) (2904,)

2 order Label Accuracy: 0.690
[[1717  103   59]
 [ 610   62   17]
 [  89   23  224]]
0.6897382920110193 [0.91378393 0.08998549 0.66666667]

 rate=6 and ii =1
Accuracy: 0.763
Macro Precision: 0.714
Macro Recall: 0.598
Macro F1-score: 0.613

[[509  11   9]
 [133  25   4]
 [ 18   9  57]]
              precision    recall  f1-score   support

           0       0.77      0.96      0.86       529
           1       0.56      0.15      0.24       162
           2       0.81      0.68      0.74        84

    accuracy                           0.76       775
   macro avg       0.71      0.60      0.61       775
weighted avg       0.73      0.76      0.72       775

119 65.0
43 23.5
21 11.5
1879 64.7
689 23.7
336 11.6
(3087, 57) (3087,) (775, 57) (2904,) (2904,)

3 order Label Accuracy: 0.674
[[1674  148   57]
 [ 590   82   17]
 [  95   40  201]]
0.6738980716253443 [0.89089941 0.11901306 0.59821429]

 rate=6 and ii =1
Accuracy: 0.750
Macro Precision: 0.687
Macro Recall: 0.577
Macro F1-score: 0.599

[[499  16  12]
 [127  32   4]
 [ 23  12  50]]
              precision    recall  f1-score   support

           0       0.77      0.95      0.85       527
           1       0.53      0.20      0.29       163
           2       0.76      0.59      0.66        85

    accuracy                           0.75       775
   macro avg       0.69      0.58      0.60       775
weighted avg       0.72      0.75      0.71       775

119 65.0
43 23.5
21 11.5
1879 64.7
689 23.7
336 11.6
(3087, 57) (3087,) (775, 57) (2904,) (2904,)

4 order Label Accuracy: 0.681
[[1712  105   62]
 [ 592   74   23]
 [ 102   42  192]]
0.681129476584022 [0.91112294 0.10740203 0.57142857]

 rate=6 and ii =1
Accuracy: 0.743
Macro Precision: 0.668
Macro Recall: 0.567
Macro F1-score: 0.581

[[501  17  11]
 [133  23   5]
 [ 25   8  52]]
              precision    recall  f1-score   support

           0       0.76      0.95      0.84       529
           1       0.48      0.14      0.22       161
           2       0.76      0.61      0.68        85

    accuracy                           0.74       775
   macro avg       0.67      0.57      0.58       775
weighted avg       0.70      0.74      0.70       775

Time(sec):  10.285771599999999
nodes = range(self.m)
range(0, 8)
Graph with 8 nodes and 0 edges
3 185 8
L
[[2 1 2 ... 1 2 2]
 [1 1 1 ... 1 1 1]
 [1 1 1 ... 2 1 1]
 ...
 [1 1 3 ... 3 3 3]
 [1 1 1 ... 1 1 1]
 [1 1 1 ... 1 1 1]]
L_ind
[[0. 1. 0. ... 0. 1. 0.]
 [1. 0. 0. ... 1. 0. 0.]
 [1. 0. 0. ... 1. 0. 0.]
 ...
 [1. 0. 0. ... 0. 0. 1.]
 [1. 0. 0. ... 1. 0. 0.]
 [1. 0. 0. ... 1. 0. 0.]]
3 2902 8
L
[[1 1 1 ... 2 1 1]
 [1 1 1 ... 1 1 1]
 [1 1 1 ... 1 1 1]
 ...
 [1 1 1 ... 3 1 3]
 [1 1 1 ... 3 3 3]
 [1 1 1 ... 3 3 3]]
L_ind
[[1. 0. 0. ... 1. 0. 0.]
 [1. 0. 0. ... 1. 0. 0.]
 [1. 0. 0. ... 1. 0. 0.]
 ...
 [1. 0. 0. ... 0. 0. 1.]
 [1. 0. 0. ... 0. 0. 1.]
 [1. 0. 0. ... 0. 0. 1.]]
120 64.9
44 23.8
21 11.4
1878 64.7
688 23.7
336 11.6
(3087, 57) (3087,) (775, 57) (775,)

 SNO Accuracy: 0.598
[[1189  535  154]
 [ 314  321   53]
 [  53   59  224]]

 rate=6 and ii =2
Accuracy: 0.688
Macro Precision: 0.644
Macro Recall: 0.676
Macro F1-score: 0.658

[[363  97  26]
 [ 90  89  10]
 [  7  12  81]]
              precision    recall  f1-score   support

           0       0.79      0.75      0.77       486
           1       0.45      0.47      0.46       189
           2       0.69      0.81      0.75       100

    accuracy                           0.69       775
   macro avg       0.64      0.68      0.66       775
weighted avg       0.69      0.69      0.69       775

120 64.9
44 23.8
21 11.4
1878 64.7
688 23.7
336 11.6
(3087, 57) (3087,) (775, 57) (775,)

semi-SelfTrain Label Accuracy: 0.678
[[1791   75   12]
 [ 632   56    0]
 [ 195   19  122]]
0.6784975878704342 [0.95367412 0.08139535 0.36309524]

 rate=6 and ii =2
Accuracy: 0.729
Macro Precision: 0.715
Macro Recall: 0.490
Macro F1-score: 0.522

[[516  15   2]
 [145  18   0]
 [ 43   5  31]]
              precision    recall  f1-score   support

         0.0       0.73      0.97      0.83       533
         1.0       0.47      0.11      0.18       163
         2.0       0.94      0.39      0.55        79

    accuracy                           0.73       775
   macro avg       0.72      0.49      0.52       775
weighted avg       0.70      0.73      0.67       775

120 64.9
44 23.8
21 11.4
1878 64.7
688 23.7
336 11.6
(3087, 57) (3087,) (775, 57) (775,)

semi-LabelSpread Label Accuracy: 0.660
[[1878    0    0]
 [ 657   31    0]
 [ 329    0    7]]
0.6602343211578222 [1.         0.04505814 0.02083333]

 rate=6 and ii =2
Accuracy: 0.712
Macro Precision: 0.903
Macro Recall: 0.349
Macro F1-score: 0.307

[[546   0   0]
 [152   5   0]
 [ 71   0   1]]
              precision    recall  f1-score   support

         0.0       0.71      1.00      0.83       546
         1.0       1.00      0.03      0.06       157
         2.0       1.00      0.01      0.03        72

    accuracy                           0.71       775
   macro avg       0.90      0.35      0.31       775
weighted avg       0.80      0.71      0.60       775

120 64.9
44 23.8
21 11.4
1878 64.7
688 23.7
336 11.6
(3087, 57) (3087,) (775, 57) (2902,) (2902,)

2 order Label Accuracy: 0.679
[[1612  244   22]
 [ 493  189    6]
 [ 128   38  170]]
0.6791867677463818 [0.85835996 0.2747093  0.50595238]

 rate=6 and ii =2
Accuracy: 0.721
Macro Precision: 0.702
Macro Recall: 0.540
Macro F1-score: 0.583

[[482  41   2]
 [129  40   2]
 [ 36   6  37]]
              precision    recall  f1-score   support

           0       0.74      0.92      0.82       525
           1       0.46      0.23      0.31       171
           2       0.90      0.47      0.62        79

    accuracy                           0.72       775
   macro avg       0.70      0.54      0.58       775
weighted avg       0.70      0.72      0.69       775

120 64.9
44 23.8
21 11.4
1878 64.7
688 23.7
336 11.6
(3087, 57) (3087,) (775, 57) (2902,) (2902,)

3 order Label Accuracy: 0.668
[[1595  238   45]
 [ 491  182   15]
 [ 122   53  161]]
0.667815299793246 [0.84930777 0.26453488 0.47916667]

 rate=6 and ii =2
Accuracy: 0.723
Macro Precision: 0.698
Macro Recall: 0.544
Macro F1-score: 0.586

[[482  40   3]
 [129  40   2]
 [ 35   6  38]]
              precision    recall  f1-score   support

           0       0.75      0.92      0.82       525
           1       0.47      0.23      0.31       171
           2       0.88      0.48      0.62        79

    accuracy                           0.72       775
   macro avg       0.70      0.54      0.59       775
weighted avg       0.70      0.72      0.69       775

120 64.9
44 23.8
21 11.4
1878 64.7
688 23.7
336 11.6
(3087, 57) (3087,) (775, 57) (2902,) (2902,)

4 order Label Accuracy: 0.708
[[1772   64   42]
 [ 548  126   14]
 [ 146   32  158]]
0.7084769124741558 [0.94355698 0.18313953 0.4702381 ]

 rate=6 and ii =2
Accuracy: 0.746
Macro Precision: 0.719
Macro Recall: 0.518
Macro F1-score: 0.548

[[521  10   3]
 [135  22   5]
 [ 39   5  35]]
              precision    recall  f1-score   support

           0       0.75      0.98      0.85       534
           1       0.59      0.14      0.22       162
           2       0.81      0.44      0.57        79

    accuracy                           0.75       775
   macro avg       0.72      0.52      0.55       775
weighted avg       0.72      0.75      0.69       775

Time(sec):  7.704926800000001
nodes = range(self.m)
range(0, 8)
Graph with 8 nodes and 0 edges
3 185 8
L
[[3 3 3 ... 3 3 3]
 [1 1 1 ... 1 1 1]
 [1 1 1 ... 1 1 1]
 ...
 [1 3 2 ... 2 2 2]
 [1 1 3 ... 3 3 3]
 [1 1 2 ... 1 2 2]]
L_ind
[[0. 0. 1. ... 0. 0. 1.]
 [1. 0. 0. ... 1. 0. 0.]
 [1. 0. 0. ... 1. 0. 0.]
 ...
 [1. 0. 0. ... 0. 1. 0.]
 [1. 0. 0. ... 0. 0. 1.]
 [1. 0. 0. ... 0. 1. 0.]]
3 2902 8
L
[[1 1 1 ... 1 1 2]
 [3 1 1 ... 1 1 1]
 [1 1 1 ... 1 2 3]
 ...
 [1 1 2 ... 1 1 1]
 [1 1 3 ... 3 3 3]
 [1 1 1 ... 3 3 3]]
L_ind
[[1. 0. 0. ... 0. 1. 0.]
 [0. 0. 1. ... 1. 0. 0.]
 [1. 0. 0. ... 0. 0. 1.]
 ...
 [1. 0. 0. ... 1. 0. 0.]
 [1. 0. 0. ... 0. 0. 1.]
 [1. 0. 0. ... 0. 0. 1.]]
120 64.9
44 23.8
21 11.4
1878 64.7
688 23.7
336 11.6
(3087, 57) (3087,) (775, 57) (775,)

 SNO Accuracy: 0.547
[[1114  490  274]
 [ 374  210  104]
 [  34   38  264]]

 rate=6 and ii =3
Accuracy: 0.697
Macro Precision: 0.622
Macro Recall: 0.670
Macro F1-score: 0.638

[[385  70  42]
 [ 92  69  15]
 [  8   8  86]]
              precision    recall  f1-score   support

           0       0.79      0.77      0.78       497
           1       0.47      0.39      0.43       176
           2       0.60      0.84      0.70       102

    accuracy                           0.70       775
   macro avg       0.62      0.67      0.64       775
weighted avg       0.69      0.70      0.69       775

120 64.9
44 23.8
21 11.4
1878 64.7
688 23.7
336 11.6
(3087, 57) (3087,) (775, 57) (775,)

semi-SelfTrain Label Accuracy: 0.710
[[1804   30   44]
 [ 621   55   12]
 [ 108   26  202]]
0.7101998621640249 [0.96059638 0.07994186 0.60119048]

 rate=6 and ii =3
Accuracy: 0.754
Macro Precision: 0.698
Macro Recall: 0.570
Macro F1-score: 0.573

[[514   5  10]
 [142  14   4]
 [ 23   7  56]]
              precision    recall  f1-score   support

         0.0       0.76      0.97      0.85       529
         1.0       0.54      0.09      0.15       160
         2.0       0.80      0.65      0.72        86

    accuracy                           0.75       775
   macro avg       0.70      0.57      0.57       775
weighted avg       0.72      0.75      0.69       775

120 64.9
44 23.8
21 11.4
1878 64.7
688 23.7
336 11.6
(3087, 57) (3087,) (775, 57) (775,)

semi-LabelSpread Label Accuracy: 0.661
[[1878    0    0]
 [ 654   34    0]
 [ 331    0    5]]
0.660578911095796 [1.         0.0494186  0.01488095]

 rate=6 and ii =3
Accuracy: 0.717
Macro Precision: 0.571
Macro Recall: 0.355
Macro F1-score: 0.318

[[546   0   0]
 [147  10   0]
 [ 72   0   0]]
              precision    recall  f1-score   support

         0.0       0.71      1.00      0.83       546
         1.0       1.00      0.06      0.12       157
         2.0       0.00      0.00      0.00        72

    accuracy                           0.72       775
   macro avg       0.57      0.35      0.32       775
weighted avg       0.71      0.72      0.61       775

120 64.9
44 23.8
21 11.4
1878 64.7
688 23.7
336 11.6
(3087, 57) (3087,) (775, 57) (2902,) (2902,)

2 order Label Accuracy: 0.659
[[1624  197   57]
 [ 574   94   20]
 [ 105   36  195]]
0.6592005513439008 [0.86474973 0.13662791 0.58035714]

 rate=6 and ii =3
Accuracy: 0.741
Macro Precision: 0.683
Macro Recall: 0.582
Macro F1-score: 0.607

[[487  30   7]
 [124  35   6]
 [ 27   7  52]]
              precision    recall  f1-score   support

           0       0.76      0.93      0.84       524
           1       0.49      0.21      0.30       165
           2       0.80      0.60      0.69        86

    accuracy                           0.74       775
   macro avg       0.68      0.58      0.61       775
weighted avg       0.71      0.74      0.71       775

120 64.9
44 23.8
21 11.4
1878 64.7
688 23.7
336 11.6
(3087, 57) (3087,) (775, 57) (2902,) (2902,)

3 order Label Accuracy: 0.663
[[1633  182   63]
 [ 573   96   19]
 [ 112   30  194]]
0.6626464507236389 [0.86954207 0.13953488 0.57738095]

 rate=6 and ii =3
Accuracy: 0.742
Macro Precision: 0.691
Macro Recall: 0.585
Macro F1-score: 0.608

[[488  26  10]
 [126  35   5]
 [ 29   4  52]]
              precision    recall  f1-score   support

           0       0.76      0.93      0.84       524
           1       0.54      0.21      0.30       166
           2       0.78      0.61      0.68        85

    accuracy                           0.74       775
   macro avg       0.69      0.58      0.61       775
weighted avg       0.71      0.74      0.71       775

120 64.9
44 23.8
21 11.4
1878 64.7
688 23.7
336 11.6
(3087, 57) (3087,) (775, 57) (2902,) (2902,)

4 order Label Accuracy: 0.679
[[1711  122   45]
 [ 596   78   14]
 [ 120   35  181]]
0.6788421778084079 [0.91107561 0.11337209 0.53869048]

 rate=6 and ii =3
Accuracy: 0.746
Macro Precision: 0.672
Macro Recall: 0.563
Macro F1-score: 0.577

[[506  15   8]
 [137  18   4]
 [ 25   8  54]]
              precision    recall  f1-score   support

           0       0.76      0.96      0.85       529
           1       0.44      0.11      0.18       159
           2       0.82      0.62      0.71        87

    accuracy                           0.75       775
   macro avg       0.67      0.56      0.58       775
weighted avg       0.70      0.75      0.69       775

Time(sec):  7.357670699999999
nodes = range(self.m)
range(0, 8)
Graph with 8 nodes and 0 edges
3 183 8
L
[[1 1 1 ... 1 1 1]
 [1 1 2 ... 1 2 2]
 [2 3 3 ... 1 3 3]
 ...
 [1 1 1 ... 1 1 1]
 [1 1 3 ... 1 3 3]
 [1 1 1 ... 1 1 1]]
L_ind
[[1. 0. 0. ... 1. 0. 0.]
 [1. 0. 0. ... 0. 1. 0.]
 [0. 1. 0. ... 0. 0. 1.]
 ...
 [1. 0. 0. ... 1. 0. 0.]
 [1. 0. 0. ... 0. 0. 1.]
 [1. 0. 0. ... 1. 0. 0.]]
3 2904 8
L
[[1 1 1 ... 1 1 1]
 [1 1 2 ... 1 1 2]
 [2 1 3 ... 2 1 3]
 ...
 [3 1 3 ... 1 1 1]
 [1 1 1 ... 2 1 3]
 [1 1 1 ... 3 3 3]]
L_ind
[[1. 0. 0. ... 1. 0. 0.]
 [1. 0. 0. ... 0. 1. 0.]
 [0. 1. 0. ... 0. 0. 1.]
 ...
 [0. 0. 1. ... 1. 0. 0.]
 [1. 0. 0. ... 0. 0. 1.]
 [1. 0. 0. ... 0. 0. 1.]]
120 65.6
43 23.5
20 10.9
1878 64.7
689 23.7
337 11.6
(3087, 57) (3087,) (775, 57) (775,)

 SNO Accuracy: 0.582
[[1167  439  272]
 [ 332  262   95]
 [  41   34  262]]

 rate=6 and ii =4
Accuracy: 0.726
Macro Precision: 0.669
Macro Recall: 0.701
Macro F1-score: 0.679

[[399  63  31]
 [ 93  81  11]
 [ 11   3  83]]
              precision    recall  f1-score   support

           0       0.79      0.81      0.80       493
           1       0.55      0.44      0.49       185
           2       0.66      0.86      0.75        97

    accuracy                           0.73       775
   macro avg       0.67      0.70      0.68       775
weighted avg       0.72      0.73      0.72       775

120 65.6
43 23.5
20 10.9
1878 64.7
689 23.7
337 11.6
(3087, 57) (3087,) (775, 57) (775,)

semi-SelfTrain Label Accuracy: 0.711
[[1830   16   32]
 [ 601   62   26]
 [ 164    0  173]]
0.7110881542699724 [0.97444089 0.08998549 0.51335312]

 rate=6 and ii =4
Accuracy: 0.755
Macro Precision: 0.788
Macro Recall: 0.538
Macro F1-score: 0.557

[[527   4   5]
 [140  15   4]
 [ 37   0  43]]
              precision    recall  f1-score   support

         0.0       0.75      0.98      0.85       536
         1.0       0.79      0.09      0.17       159
         2.0       0.83      0.54      0.65        80

    accuracy                           0.75       775
   macro avg       0.79      0.54      0.56       775
weighted avg       0.77      0.75      0.69       775

120 65.6
43 23.5
20 10.9
1878 64.7
689 23.7
337 11.6
(3087, 57) (3087,) (775, 57) (775,)

semi-LabelSpread Label Accuracy: 0.661
[[1878    0    0]
 [ 652   37    0]
 [ 332    0    5]]
0.6611570247933884 [1.         0.05370102 0.0148368 ]

 rate=6 and ii =4
Accuracy: 0.724
Macro Precision: 0.906
Macro Recall: 0.380
Macro F1-score: 0.365

[[545   0   0]
 [147  11   0]
 [ 67   0   5]]
              precision    recall  f1-score   support

         0.0       0.72      1.00      0.84       545
         1.0       1.00      0.07      0.13       158
         2.0       1.00      0.07      0.13        72

    accuracy                           0.72       775
   macro avg       0.91      0.38      0.37       775
weighted avg       0.80      0.72      0.63       775

120 65.6
43 23.5
20 10.9
1878 64.7
689 23.7
337 11.6
(3087, 57) (3087,) (775, 57) (2904,) (2904,)

2 order Label Accuracy: 0.700
[[1717  114   47]
 [ 549  111   29]
 [ 119   13  205]]
0.7000688705234159 [0.9142705  0.16110305 0.60830861]

 rate=6 and ii =4
Accuracy: 0.761
Macro Precision: 0.781
Macro Recall: 0.589
Macro F1-score: 0.594

[[514   4  14]
 [135  21   5]
 [ 27   0  55]]
              precision    recall  f1-score   support

           0       0.76      0.97      0.85       532
           1       0.84      0.13      0.23       161
           2       0.74      0.67      0.71        82

    accuracy                           0.76       775
   macro avg       0.78      0.59      0.59       775
weighted avg       0.78      0.76      0.71       775

120 65.6
43 23.5
20 10.9
1878 64.7
689 23.7
337 11.6
(3087, 57) (3087,) (775, 57) (2904,) (2904,)

3 order Label Accuracy: 0.691
[[1718  116   44]
 [ 550  121   18]
 [ 140   30  167]]
0.690771349862259 [0.91480298 0.17561684 0.49554896]

 rate=6 and ii =4
Accuracy: 0.761
Macro Precision: 0.782
Macro Recall: 0.583
Macro F1-score: 0.600

[[515   5  10]
 [136  25   4]
 [ 29   1  50]]
              precision    recall  f1-score   support

           0       0.76      0.97      0.85       530
           1       0.81      0.15      0.26       165
           2       0.78      0.62      0.69        80

    accuracy                           0.76       775
   macro avg       0.78      0.58      0.60       775
weighted avg       0.77      0.76      0.71       775

120 65.6
43 23.5
20 10.9
1878 64.7
689 23.7
337 11.6
(3087, 57) (3087,) (775, 57) (2904,) (2904,)

4 order Label Accuracy: 0.679
[[1700  116   62]
 [ 508  109   72]
 [ 126   49  162]]
0.6787190082644629 [0.90521832 0.15820029 0.48071217]

 rate=6 and ii =4
Accuracy: 0.757
Macro Precision: 0.721
Macro Recall: 0.577
Macro F1-score: 0.587

[[513   8   8]
 [132  22   9]
 [ 27   4  52]]
              precision    recall  f1-score   support

           0       0.76      0.97      0.85       529
           1       0.65      0.13      0.22       163
           2       0.75      0.63      0.68        83

    accuracy                           0.76       775
   macro avg       0.72      0.58      0.59       775
weighted avg       0.74      0.76      0.70       775

Time(sec):  7.3720018
nodes = range(self.m)
range(0, 8)
Graph with 8 nodes and 0 edges
3 185 8
L
[[1 1 1 ... 1 1 1]
 [2 1 3 ... 1 3 3]
 [1 1 2 ... 1 2 2]
 ...
 [1 1 1 ... 1 1 1]
 [1 1 1 ... 1 1 1]
 [1 1 1 ... 1 1 1]]
L_ind
[[1. 0. 0. ... 1. 0. 0.]
 [0. 1. 0. ... 0. 0. 1.]
 [1. 0. 0. ... 0. 1. 0.]
 ...
 [1. 0. 0. ... 1. 0. 0.]
 [1. 0. 0. ... 1. 0. 0.]
 [1. 0. 0. ... 1. 0. 0.]]
3 2902 8
L
[[2 1 3 ... 1 1 1]
 [2 1 2 ... 1 2 1]
 [2 1 2 ... 1 1 3]
 ...
 [1 1 3 ... 3 3 3]
 [1 1 1 ... 3 3 3]
 [1 1 1 ... 3 3 3]]
L_ind
[[0. 1. 0. ... 1. 0. 0.]
 [0. 1. 0. ... 1. 0. 0.]
 [0. 1. 0. ... 0. 0. 1.]
 ...
 [1. 0. 0. ... 0. 0. 1.]
 [1. 0. 0. ... 0. 0. 1.]
 [1. 0. 0. ... 0. 0. 1.]]
120 64.9
44 23.8
21 11.4
1878 64.7
688 23.7
336 11.6
(3087, 57) (3087,) (775, 57) (775,)

 SNO Accuracy: 0.522
[[975 534 369]
 [294 283 111]
 [ 25  53 258]]

 rate=6 and ii =5
Accuracy: 0.677
Macro Precision: 0.621
Macro Recall: 0.685
Macro F1-score: 0.644

[[349  98  37]
 [ 83  84  20]
 [  8   4  92]]
              precision    recall  f1-score   support

           0       0.79      0.72      0.76       484
           1       0.45      0.45      0.45       187
           2       0.62      0.88      0.73       104

    accuracy                           0.68       775
   macro avg       0.62      0.68      0.64       775
weighted avg       0.69      0.68      0.68       775

120 64.9
44 23.8
21 11.4
1878 64.7
688 23.7
336 11.6
(3087, 57) (3087,) (775, 57) (775,)

semi-SelfTrain Label Accuracy: 0.732
[[1826    1   51]
 [ 581   84   23]
 [ 121    1  214]]
0.7319090282563749 [0.97231097 0.12209302 0.63690476]

 rate=6 and ii =5
Accuracy: 0.773
Macro Precision: 0.853
Macro Recall: 0.599
Macro F1-score: 0.597

[[522   0  10]
 [136  15   6]
 [ 24   0  62]]
              precision    recall  f1-score   support

         0.0       0.77      0.98      0.86       532
         1.0       1.00      0.10      0.17       157
         2.0       0.79      0.72      0.76        86

    accuracy                           0.77       775
   macro avg       0.85      0.60      0.60       775
weighted avg       0.82      0.77      0.71       775

120 64.9
44 23.8
21 11.4
1878 64.7
688 23.7
336 11.6
(3087, 57) (3087,) (775, 57) (775,)

semi-LabelSpread Label Accuracy: 0.659
[[1878    0    0]
 [ 657   31    0]
 [ 334    0    2]]
0.6585113714679531 [1.         0.04505814 0.00595238]

 rate=6 and ii =5
Accuracy: 0.712
Macro Precision: 0.903
Macro Recall: 0.347
Macro F1-score: 0.303

[[547   0   0]
 [152   4   0]
 [ 71   0   1]]
              precision    recall  f1-score   support

         0.0       0.71      1.00      0.83       547
         1.0       1.00      0.03      0.05       156
         2.0       1.00      0.01      0.03        72

    accuracy                           0.71       775
   macro avg       0.90      0.35      0.30       775
weighted avg       0.80      0.71      0.60       775

120 64.9
44 23.8
21 11.4
1878 64.7
688 23.7
336 11.6
(3087, 57) (3087,) (775, 57) (2902,) (2902,)

2 order Label Accuracy: 0.707
[[1682  133   63]
 [ 511  149   28]
 [  94   21  221]]
0.7070985527222605 [0.89563365 0.21656977 0.6577381 ]

 rate=6 and ii =5
Accuracy: 0.765
Macro Precision: 0.761
Macro Recall: 0.603
Macro F1-score: 0.615

[[507   8  15]
 [125  29   6]
 [ 28   0  57]]
              precision    recall  f1-score   support

           0       0.77      0.96      0.85       530
           1       0.78      0.18      0.29       160
           2       0.73      0.67      0.70        85

    accuracy                           0.77       775
   macro avg       0.76      0.60      0.62       775
weighted avg       0.77      0.77      0.72       775

120 64.9
44 23.8
21 11.4
1878 64.7
688 23.7
336 11.6
(3087, 57) (3087,) (775, 57) (2902,) (2902,)

3 order Label Accuracy: 0.697
[[1717  104   57]
 [ 569  102   17]
 [ 101   31  204]]
0.69710544452102 [0.9142705  0.14825581 0.60714286]

 rate=6 and ii =5
Accuracy: 0.756
Macro Precision: 0.757
Macro Recall: 0.580
Macro F1-score: 0.584

[[512   5  11]
 [138  18   6]
 [ 28   1  56]]
              precision    recall  f1-score   support

           0       0.76      0.97      0.85       528
           1       0.75      0.11      0.19       162
           2       0.77      0.66      0.71        85

    accuracy                           0.76       775
   macro avg       0.76      0.58      0.58       775
weighted avg       0.76      0.76      0.70       775

120 64.9
44 23.8
21 11.4
1878 64.7
688 23.7
336 11.6
(3087, 57) (3087,) (775, 57) (2902,) (2902,)

4 order Label Accuracy: 0.690
[[1710   74   94]
 [ 576   80   32]
 [  94   30  212]]
0.6898690558235699 [0.91054313 0.11627907 0.63095238]

 rate=6 and ii =5
Accuracy: 0.748
Macro Precision: 0.710
Macro Recall: 0.571
Macro F1-score: 0.562

[[509   5  14]
 [139  13   8]
 [ 27   2  58]]
              precision    recall  f1-score   support

           0       0.75      0.96      0.85       528
           1       0.65      0.08      0.14       160
           2       0.72      0.67      0.69        87

    accuracy                           0.75       775
   macro avg       0.71      0.57      0.56       775
weighted avg       0.73      0.75      0.68       775

Time(sec):  6.909781700000001
nodes = range(self.m)
range(0, 8)
Graph with 8 nodes and 0 edges
3 185 8
L
[[1 1 1 ... 1 1 1]
 [2 1 1 ... 1 1 1]
 [2 1 2 ... 2 2 2]
 ...
 [1 1 3 ... 3 3 3]
 [1 1 2 ... 1 2 2]
 [1 1 1 ... 1 1 1]]
L_ind
[[1. 0. 0. ... 1. 0. 0.]
 [0. 1. 0. ... 1. 0. 0.]
 [0. 1. 0. ... 0. 1. 0.]
 ...
 [1. 0. 0. ... 0. 0. 1.]
 [1. 0. 0. ... 0. 1. 0.]
 [1. 0. 0. ... 1. 0. 0.]]
3 2902 8
L
[[1 1 1 ... 1 1 1]
 [1 1 1 ... 2 1 1]
 [1 1 2 ... 1 1 1]
 ...
 [1 1 3 ... 1 1 1]
 [1 1 2 ... 3 3 3]
 [1 1 1 ... 3 3 3]]
L_ind
[[1. 0. 0. ... 1. 0. 0.]
 [1. 0. 0. ... 1. 0. 0.]
 [1. 0. 0. ... 1. 0. 0.]
 ...
 [1. 0. 0. ... 1. 0. 0.]
 [1. 0. 0. ... 0. 0. 1.]
 [1. 0. 0. ... 0. 0. 1.]]
120 64.9
44 23.8
21 11.4
1878 64.7
688 23.7
336 11.6
(3087, 57) (3087,) (775, 57) (775,)

 SNO Accuracy: 0.532
[[997 602 279]
 [296 292 100]
 [ 49  31 256]]

 rate=6 and ii =6
Accuracy: 0.683
Macro Precision: 0.630
Macro Recall: 0.684
Macro F1-score: 0.651

[[353  99  36]
 [ 80  93  14]
 [ 14   3  83]]
              precision    recall  f1-score   support

           0       0.79      0.72      0.76       488
           1       0.48      0.50      0.49       187
           2       0.62      0.83      0.71       100

    accuracy                           0.68       775
   macro avg       0.63      0.68      0.65       775
weighted avg       0.69      0.68      0.68       775

120 64.9
44 23.8
21 11.4
1878 64.7
688 23.7
336 11.6
(3087, 57) (3087,) (775, 57) (775,)

semi-SelfTrain Label Accuracy: 0.713
[[1836    3   39]
 [ 622   40   26]
 [ 141    1  194]]
0.7133011716057891 [0.97763578 0.05813953 0.57738095]

 rate=6 and ii =6
Accuracy: 0.757
Macro Precision: 0.864
Macro Recall: 0.555
Macro F1-score: 0.543

[[530   0   7]
 [150   3   3]
 [ 28   0  54]]
              precision    recall  f1-score   support

         0.0       0.75      0.99      0.85       537
         1.0       1.00      0.02      0.04       156
         2.0       0.84      0.66      0.74        82

    accuracy                           0.76       775
   macro avg       0.86      0.55      0.54       775
weighted avg       0.81      0.76      0.68       775

120 64.9
44 23.8
21 11.4
1878 64.7
688 23.7
336 11.6
(3087, 57) (3087,) (775, 57) (775,)

semi-LabelSpread Label Accuracy: 0.661
[[1878    0    0]
 [ 649   39    0]
 [ 336    0    0]]
0.660578911095796 [1.         0.05668605 0.        ]

 rate=6 and ii =6
Accuracy: 0.711
Macro Precision: 0.903
Macro Recall: 0.344
Macro F1-score: 0.298

[[547   0   0]
 [153   3   0]
 [ 71   0   1]]
              precision    recall  f1-score   support

         0.0       0.71      1.00      0.83       547
         1.0       1.00      0.02      0.04       156
         2.0       1.00      0.01      0.03        72

    accuracy                           0.71       775
   macro avg       0.90      0.34      0.30       775
weighted avg       0.79      0.71      0.60       775

120 64.9
44 23.8
21 11.4
1878 64.7
688 23.7
336 11.6
(3087, 57) (3087,) (775, 57) (2902,) (2902,)

2 order Label Accuracy: 0.671
[[1652  205   21]
 [ 565  111   12]
 [ 127   24  185]]
0.6712611991729841 [0.87965921 0.16133721 0.55059524]

 rate=6 and ii =6
Accuracy: 0.742
Macro Precision: 0.713
Macro Recall: 0.565
Macro F1-score: 0.600

[[500  26   4]
 [135  30   1]
 [ 28   6  45]]
              precision    recall  f1-score   support

           0       0.75      0.94      0.84       530
           1       0.48      0.18      0.26       166
           2       0.90      0.57      0.70        79

    accuracy                           0.74       775
   macro avg       0.71      0.56      0.60       775
weighted avg       0.71      0.74      0.70       775

120 64.9
44 23.8
21 11.4
1878 64.7
688 23.7
336 11.6
(3087, 57) (3087,) (775, 57) (2902,) (2902,)

3 order Label Accuracy: 0.654
[[1622  217   39]
 [ 556  110   22]
 [ 110   59  167]]
0.6543762922122675 [0.86368477 0.15988372 0.49702381]

 rate=6 and ii =6
Accuracy: 0.728
Macro Precision: 0.680
Macro Recall: 0.543
Macro F1-score: 0.578

[[491  31   3]
 [134  34   3]
 [ 23  17  39]]
              precision    recall  f1-score   support

           0       0.76      0.94      0.84       525
           1       0.41      0.20      0.27       171
           2       0.87      0.49      0.63        79

    accuracy                           0.73       775
   macro avg       0.68      0.54      0.58       775
weighted avg       0.69      0.73      0.69       775

120 64.9
44 23.8
21 11.4
1878 64.7
688 23.7
336 11.6
(3087, 57) (3087,) (775, 57) (2902,) (2902,)

4 order Label Accuracy: 0.683
[[1739  101   38]
 [ 590   81   17]
 [ 118   56  162]]
0.6829772570640937 [0.92598509 0.11773256 0.48214286]

 rate=6 and ii =6
Accuracy: 0.750
Macro Precision: 0.715
Macro Recall: 0.531
Macro F1-score: 0.554

[[526   7   3]
 [146  13   1]
 [ 30   7  42]]
              precision    recall  f1-score   support

           0       0.75      0.98      0.85       536
           1       0.48      0.08      0.14       160
           2       0.91      0.53      0.67        79

    accuracy                           0.75       775
   macro avg       0.71      0.53      0.55       775
weighted avg       0.71      0.75      0.68       775

Time(sec):  7.4020991
nodes = range(self.m)
range(0, 8)
Graph with 8 nodes and 0 edges
3 185 8
L
[[1 1 2 ... 1 2 2]
 [3 1 3 ... 1 3 3]
 [1 1 1 ... 1 1 1]
 ...
 [1 1 1 ... 2 1 1]
 [1 1 1 ... 1 1 1]
 [1 1 1 ... 1 1 1]]
L_ind
[[1. 0. 0. ... 0. 1. 0.]
 [0. 0. 1. ... 0. 0. 1.]
 [1. 0. 0. ... 1. 0. 0.]
 ...
 [1. 0. 0. ... 1. 0. 0.]
 [1. 0. 0. ... 1. 0. 0.]
 [1. 0. 0. ... 1. 0. 0.]]
3 2902 8
L
[[1 1 3 ... 1 1 1]
 [1 1 1 ... 1 1 1]
 [2 1 1 ... 2 1 3]
 ...
 [1 1 3 ... 3 3 3]
 [1 1 2 ... 3 3 3]
 [1 1 1 ... 3 3 3]]
L_ind
[[1. 0. 0. ... 1. 0. 0.]
 [1. 0. 0. ... 1. 0. 0.]
 [0. 1. 0. ... 0. 0. 1.]
 ...
 [1. 0. 0. ... 0. 0. 1.]
 [1. 0. 0. ... 0. 0. 1.]
 [1. 0. 0. ... 0. 0. 1.]]
120 64.9
44 23.8
21 11.4
1878 64.7
688 23.7
336 11.6
(3087, 57) (3087,) (775, 57) (775,)

 SNO Accuracy: 0.618
[[1275  357  246]
 [ 355  255   78]
 [  47   25  264]]

 rate=6 and ii =7
Accuracy: 0.755
Macro Precision: 0.698
Macro Recall: 0.719
Macro F1-score: 0.690

[[419  31  45]
 [ 85  80  16]
 [  8   5  86]]
              precision    recall  f1-score   support

           0       0.82      0.85      0.83       495
           1       0.69      0.44      0.54       181
           2       0.59      0.87      0.70        99

    accuracy                           0.75       775
   macro avg       0.70      0.72      0.69       775
weighted avg       0.76      0.75      0.75       775

120 64.9
44 23.8
21 11.4
1878 64.7
688 23.7
336 11.6
(3087, 57) (3087,) (775, 57) (775,)

semi-SelfTrain Label Accuracy: 0.709
[[1828   11   39]
 [ 650   22   16]
 [ 126    3  207]]
0.7088215024121296 [0.97337593 0.03197674 0.61607143]

 rate=6 and ii =7
Accuracy: 0.772
Macro Precision: 0.840
Macro Recall: 0.583
Macro F1-score: 0.595

[[529   1   5]
 [142  14   2]
 [ 26   1  55]]
              precision    recall  f1-score   support

         0.0       0.76      0.99      0.86       535
         1.0       0.88      0.09      0.16       158
         2.0       0.89      0.67      0.76        82

    accuracy                           0.77       775
   macro avg       0.84      0.58      0.59       775
weighted avg       0.80      0.77      0.71       775

120 64.9
44 23.8
21 11.4
1878 64.7
688 23.7
336 11.6
(3087, 57) (3087,) (775, 57) (775,)

semi-LabelSpread Label Accuracy: 0.657
[[1878    0    0]
 [ 666   22    0]
 [ 330    0    6]]
0.656788421778084 [1.         0.03197674 0.01785714]

 rate=6 and ii =7
Accuracy: 0.721
Macro Precision: 0.572
Macro Recall: 0.363
Macro F1-score: 0.332

[[545   0   0]
 [144  14   0]
 [ 72   0   0]]
              precision    recall  f1-score   support

         0.0       0.72      1.00      0.83       545
         1.0       1.00      0.09      0.16       158
         2.0       0.00      0.00      0.00        72

    accuracy                           0.72       775
   macro avg       0.57      0.36      0.33       775
weighted avg       0.71      0.72      0.62       775

120 64.9
44 23.8
21 11.4
1878 64.7
688 23.7
336 11.6
(3087, 57) (3087,) (775, 57) (2902,) (2902,)

2 order Label Accuracy: 0.701
[[1761   58   59]
 [ 609   60   19]
 [ 115    9  212]]
0.7005513439007581 [0.93769968 0.0872093  0.63095238]

 rate=6 and ii =7
Accuracy: 0.772
Macro Precision: 0.851
Macro Recall: 0.585
Macro F1-score: 0.600

[[525   1   7]
 [137  18   3]
 [ 29   0  55]]
              precision    recall  f1-score   support

           0       0.76      0.98      0.86       533
           1       0.95      0.11      0.20       158
           2       0.85      0.65      0.74        84

    accuracy                           0.77       775
   macro avg       0.85      0.58      0.60       775
weighted avg       0.81      0.77      0.71       775

120 64.9
44 23.8
21 11.4
1878 64.7
688 23.7
336 11.6
(3087, 57) (3087,) (775, 57) (2902,) (2902,)

3 order Label Accuracy: 0.684
[[1742   94   42]
 [ 610   61   17]
 [ 114   40  182]]
0.6840110268780152 [0.92758253 0.08866279 0.54166667]

 rate=6 and ii =7
Accuracy: 0.761
Macro Precision: 0.777
Macro Recall: 0.560
Macro F1-score: 0.584

[[523   5   5]
 [138  19   2]
 [ 32   3  48]]
              precision    recall  f1-score   support

           0       0.75      0.98      0.85       533
           1       0.70      0.12      0.20       159
           2       0.87      0.58      0.70        83

    accuracy                           0.76       775
   macro avg       0.78      0.56      0.58       775
weighted avg       0.76      0.76      0.70       775

120 64.9
44 23.8
21 11.4
1878 64.7
688 23.7
336 11.6
(3087, 57) (3087,) (775, 57) (2902,) (2902,)

4 order Label Accuracy: 0.684
[[1759   44   75]
 [ 624   41   23]
 [ 122   29  185]]
0.6840110268780152 [0.93663472 0.05959302 0.55059524]

 rate=6 and ii =7
Accuracy: 0.766
Macro Precision: 0.803
Macro Recall: 0.574
Macro F1-score: 0.589

[[524   1   8]
 [139  17   2]
 [ 28   3  53]]
              precision    recall  f1-score   support

           0       0.76      0.98      0.86       533
           1       0.81      0.11      0.19       158
           2       0.84      0.63      0.72        84

    accuracy                           0.77       775
   macro avg       0.80      0.57      0.59       775
weighted avg       0.78      0.77      0.71       775

Time(sec):  7.800585900000001
nodes = range(self.m)
range(0, 8)
Graph with 8 nodes and 0 edges
3 185 8
L
[[1 1 2 ... 1 2 2]
 [1 1 1 ... 1 1 1]
 [1 1 1 ... 1 1 1]
 ...
 [1 1 1 ... 1 1 1]
 [1 1 2 ... 1 2 2]
 [1 1 1 ... 1 1 1]]
L_ind
[[1. 0. 0. ... 0. 1. 0.]
 [1. 0. 0. ... 1. 0. 0.]
 [1. 0. 0. ... 1. 0. 0.]
 ...
 [1. 0. 0. ... 1. 0. 0.]
 [1. 0. 0. ... 0. 1. 0.]
 [1. 0. 0. ... 1. 0. 0.]]
3 2902 8
L
[[2 1 2 ... 1 1 1]
 [2 1 1 ... 1 2 2]
 [1 1 1 ... 1 1 1]
 ...
 [1 1 3 ... 1 1 1]
 [1 1 1 ... 3 3 3]
 [1 1 2 ... 3 3 3]]
L_ind
[[0. 1. 0. ... 1. 0. 0.]
 [0. 1. 0. ... 0. 1. 0.]
 [1. 0. 0. ... 1. 0. 0.]
 ...
 [1. 0. 0. ... 1. 0. 0.]
 [1. 0. 0. ... 0. 0. 1.]
 [1. 0. 0. ... 0. 0. 1.]]
120 64.9
44 23.8
21 11.4
1878 64.7
688 23.7
336 11.6
(3087, 57) (3087,) (775, 57) (775,)

 SNO Accuracy: 0.585
[[1161  469  248]
 [ 324  274   90]
 [  44   28  264]]

 rate=6 and ii =8
Accuracy: 0.714
Macro Precision: 0.646
Macro Recall: 0.689
Macro F1-score: 0.658

[[392  60  39]
 [ 93  75  16]
 [  9   5  86]]
              precision    recall  f1-score   support

           0       0.79      0.80      0.80       491
           1       0.54      0.41      0.46       184
           2       0.61      0.86      0.71       100

    accuracy                           0.71       775
   macro avg       0.65      0.69      0.66       775
weighted avg       0.71      0.71      0.71       775

120 64.9
44 23.8
21 11.4
1878 64.7
688 23.7
336 11.6
(3087, 57) (3087,) (775, 57) (775,)

semi-SelfTrain Label Accuracy: 0.682
[[1750   89   39]
 [ 610   71    7]
 [ 150   27  159]]
0.6822880771881461 [0.93184239 0.10319767 0.47321429]

 rate=6 and ii =8
Accuracy: 0.738
Macro Precision: 0.687
Macro Recall: 0.547
Macro F1-score: 0.568

[[505  16   6]
 [141  20   3]
 [ 31   6  47]]
              precision    recall  f1-score   support

         0.0       0.75      0.96      0.84       527
         1.0       0.48      0.12      0.19       164
         2.0       0.84      0.56      0.67        84

    accuracy                           0.74       775
   macro avg       0.69      0.55      0.57       775
weighted avg       0.70      0.74      0.68       775

120 64.9
44 23.8
21 11.4
1878 64.7
688 23.7
336 11.6
(3087, 57) (3087,) (775, 57) (775,)

semi-LabelSpread Label Accuracy: 0.659
[[1878    0    0]
 [ 654   34    0]
 [ 335    0    1]]
0.6592005513439008 [1.         0.0494186  0.00297619]

 rate=6 and ii =8
Accuracy: 0.710
Macro Precision: 0.903
Macro Recall: 0.347
Macro F1-score: 0.303

[[546   0   0]
 [154   2   0]
 [ 71   0   2]]
              precision    recall  f1-score   support

         0.0       0.71      1.00      0.83       546
         1.0       1.00      0.01      0.03       156
         2.0       1.00      0.03      0.05        73

    accuracy                           0.71       775
   macro avg       0.90      0.35      0.30       775
weighted avg       0.79      0.71      0.59       775

120 64.9
44 23.8
21 11.4
1878 64.7
688 23.7
336 11.6
(3087, 57) (3087,) (775, 57) (2902,) (2902,)

2 order Label Accuracy: 0.667
[[1571  246   61]
 [ 494  165   29]
 [  99   37  200]]
0.6671261199172984 [0.83652822 0.23982558 0.5952381 ]

 rate=6 and ii =8
Accuracy: 0.739
Macro Precision: 0.674
Macro Recall: 0.606
Macro F1-score: 0.619

[[475  28  15]
 [124  40   6]
 [ 20   9  58]]
              precision    recall  f1-score   support

           0       0.77      0.92      0.84       518
           1       0.52      0.24      0.32       170
           2       0.73      0.67      0.70        87

    accuracy                           0.74       775
   macro avg       0.67      0.61      0.62       775
weighted avg       0.71      0.74      0.71       775

120 64.9
44 23.8
21 11.4
1878 64.7
688 23.7
336 11.6
(3087, 57) (3087,) (775, 57) (2902,) (2902,)

3 order Label Accuracy: 0.666
[[1650  141   87]
 [ 561   80   47]
 [ 110   23  203]]
0.666092350103377 [0.87859425 0.11627907 0.60416667]

 rate=6 and ii =8
Accuracy: 0.742
Macro Precision: 0.674
Macro Recall: 0.570
Macro F1-score: 0.561

[[502   9  17]
 [138  14   7]
 [ 27   2  59]]
              precision    recall  f1-score   support

           0       0.75      0.95      0.84       528
           1       0.56      0.09      0.15       159
           2       0.71      0.67      0.69        88

    accuracy                           0.74       775
   macro avg       0.67      0.57      0.56       775
weighted avg       0.71      0.74      0.68       775

120 64.9
44 23.8
21 11.4
1878 64.7
688 23.7
336 11.6
(3087, 57) (3087,) (775, 57) (2902,) (2902,)

4 order Label Accuracy: 0.674
[[1625  201   52]
 [ 527  146   15]
 [ 111   39  186]]
0.6743625086147484 [0.86528222 0.2122093  0.55357143]

 rate=6 and ii =8
Accuracy: 0.743
Macro Precision: 0.690
Macro Recall: 0.583
Macro F1-score: 0.607

[[492  26   8]
 [128  34   5]
 [ 26   6  50]]
              precision    recall  f1-score   support

           0       0.76      0.94      0.84       526
           1       0.52      0.20      0.29       167
           2       0.79      0.61      0.69        82

    accuracy                           0.74       775
   macro avg       0.69      0.58      0.61       775
weighted avg       0.71      0.74      0.71       775

Time(sec):  6.9277514
nodes = range(self.m)
range(0, 8)
Graph with 8 nodes and 0 edges
3 185 8
L
[[1 1 1 ... 1 1 1]
 [1 1 3 ... 1 3 3]
 [2 1 1 ... 1 1 1]
 ...
 [1 3 3 ... 3 3 3]
 [1 1 2 ... 1 2 2]
 [2 1 2 ... 1 2 2]]
L_ind
[[1. 0. 0. ... 1. 0. 0.]
 [1. 0. 0. ... 0. 0. 1.]
 [0. 1. 0. ... 1. 0. 0.]
 ...
 [1. 0. 0. ... 0. 0. 1.]
 [1. 0. 0. ... 0. 1. 0.]
 [0. 1. 0. ... 0. 1. 0.]]
3 2902 8
L
[[2 1 2 ... 1 1 1]
 [1 1 2 ... 1 2 2]
 [1 1 1 ... 1 1 1]
 ...
 [1 1 3 ... 1 3 3]
 [1 1 1 ... 3 3 3]
 [1 1 1 ... 3 3 3]]
L_ind
[[0. 1. 0. ... 1. 0. 0.]
 [1. 0. 0. ... 0. 1. 0.]
 [1. 0. 0. ... 1. 0. 0.]
 ...
 [1. 0. 0. ... 0. 0. 1.]
 [1. 0. 0. ... 0. 0. 1.]
 [1. 0. 0. ... 0. 0. 1.]]
120 64.9
44 23.8
21 11.4
1878 64.7
688 23.7
336 11.6
(3087, 57) (3087,) (775, 57) (775,)

 SNO Accuracy: 0.571
[[1069  493  316]
 [ 290  313   85]
 [  23   39  274]]

 rate=6 and ii =9
Accuracy: 0.698
Macro Precision: 0.649
Macro Recall: 0.717
Macro F1-score: 0.674

[[345  95  39]
 [ 72 107  16]
 [  6   6  89]]
              precision    recall  f1-score   support

           0       0.82      0.72      0.76       479
           1       0.51      0.55      0.53       195
           2       0.62      0.88      0.73       101

    accuracy                           0.70       775
   macro avg       0.65      0.72      0.67       775
weighted avg       0.71      0.70      0.70       775

120 64.9
44 23.8
21 11.4
1878 64.7
688 23.7
336 11.6
(3087, 57) (3087,) (775, 57) (775,)

semi-SelfTrain Label Accuracy: 0.702
[[1751   54   73]
 [ 600   60   28]
 [ 107    3  226]]
0.7019297036526534 [0.93237487 0.0872093  0.67261905]

 rate=6 and ii =9
Accuracy: 0.750
Macro Precision: 0.711
Macro Recall: 0.600
Macro F1-score: 0.595

[[497  10  16]
 [139  20   5]
 [ 22   2  64]]
              precision    recall  f1-score   support

         0.0       0.76      0.95      0.84       523
         1.0       0.62      0.12      0.20       164
         2.0       0.75      0.73      0.74        88

    accuracy                           0.75       775
   macro avg       0.71      0.60      0.60       775
weighted avg       0.73      0.75      0.70       775

120 64.9
44 23.8
21 11.4
1878 64.7
688 23.7
336 11.6
(3087, 57) (3087,) (775, 57) (775,)

semi-LabelSpread Label Accuracy: 0.660
[[1878    0    0]
 [ 661   27    0]
 [ 326    0   10]]
0.6598897312198484 [1.         0.03924419 0.0297619 ]

 rate=6 and ii =9
Accuracy: 0.717
Macro Precision: 0.904
Macro Recall: 0.359
Macro F1-score: 0.326

[[545   0   0]
 [148  10   0]
 [ 71   0   1]]
              precision    recall  f1-score   support

         0.0       0.71      1.00      0.83       545
         1.0       1.00      0.06      0.12       158
         2.0       1.00      0.01      0.03        72

    accuracy                           0.72       775
   macro avg       0.90      0.36      0.33       775
weighted avg       0.80      0.72      0.61       775

120 64.9
44 23.8
21 11.4
1878 64.7
688 23.7
336 11.6
(3087, 57) (3087,) (775, 57) (2902,) (2902,)

2 order Label Accuracy: 0.681
[[1644  168   66]
 [ 556  110   22]
 [  94   21  221]]
0.680565127498277 [0.87539936 0.15988372 0.6577381 ]

 rate=6 and ii =9
Accuracy: 0.760
Macro Precision: 0.720
Macro Recall: 0.616
Macro F1-score: 0.626

[[496  15  13]
 [128  30   5]
 [ 21   4  63]]
              precision    recall  f1-score   support

           0       0.77      0.95      0.85       524
           1       0.61      0.18      0.28       163
           2       0.78      0.72      0.75        88

    accuracy                           0.76       775
   macro avg       0.72      0.62      0.63       775
weighted avg       0.74      0.76      0.72       775

120 64.9
44 23.8
21 11.4
1878 64.7
688 23.7
336 11.6
(3087, 57) (3087,) (775, 57) (2902,) (2902,)

3 order Label Accuracy: 0.663
[[1612  168   98]
 [ 565  101   22]
 [  82   42  212]]
0.6633356305995864 [0.85835996 0.14680233 0.63095238]

 rate=6 and ii =9
Accuracy: 0.746
Macro Precision: 0.681
Macro Recall: 0.591
Macro F1-score: 0.603

[[492  16  13]
 [133  29   5]
 [ 19  11  57]]
              precision    recall  f1-score   support

           0       0.76      0.94      0.84       521
           1       0.52      0.17      0.26       167
           2       0.76      0.66      0.70        87

    accuracy                           0.75       775
   macro avg       0.68      0.59      0.60       775
weighted avg       0.71      0.75      0.70       775

120 64.9
44 23.8
21 11.4
1878 64.7
688 23.7
336 11.6
(3087, 57) (3087,) (775, 57) (2902,) (2902,)

4 order Label Accuracy: 0.691
[[1710   72   96]
 [ 587   77   24]
 [  87   31  218]]
0.6909028256374914 [0.91054313 0.1119186  0.64880952]

 rate=6 and ii =9
Accuracy: 0.759
Macro Precision: 0.728
Macro Recall: 0.584
Macro F1-score: 0.585

[[511   1  14]
 [139  17   4]
 [ 21   8  60]]
              precision    recall  f1-score   support

           0       0.76      0.97      0.85       526
           1       0.65      0.11      0.18       160
           2       0.77      0.67      0.72        89

    accuracy                           0.76       775
   macro avg       0.73      0.58      0.59       775
weighted avg       0.74      0.76      0.70       775

Time(sec):  7.703094200000001
nodes = range(self.m)
range(0, 8)
Graph with 8 nodes and 0 edges
3 184 8
L
[[1 1 1 ... 1 1 1]
 [2 1 1 ... 1 1 1]
 [1 3 3 ... 1 3 3]
 ...
 [1 1 1 ... 3 1 1]
 [1 1 2 ... 1 2 2]
 [1 1 1 ... 1 1 1]]
L_ind
[[1. 0. 0. ... 1. 0. 0.]
 [0. 1. 0. ... 1. 0. 0.]
 [1. 0. 0. ... 0. 0. 1.]
 ...
 [1. 0. 0. ... 1. 0. 0.]
 [1. 0. 0. ... 0. 1. 0.]
 [1. 0. 0. ... 1. 0. 0.]]
3 2903 8
L
[[1 1 1 ... 1 1 1]
 [1 1 1 ... 1 1 1]
 [1 1 1 ... 1 1 2]
 ...
 [1 1 3 ... 1 3 3]
 [1 1 1 ... 1 3 3]
 [1 1 1 ... 1 3 3]]
L_ind
[[1. 0. 0. ... 1. 0. 0.]
 [1. 0. 0. ... 1. 0. 0.]
 [1. 0. 0. ... 0. 1. 0.]
 ...
 [1. 0. 0. ... 0. 0. 1.]
 [1. 0. 0. ... 0. 0. 1.]
 [1. 0. 0. ... 0. 0. 1.]]
119 64.7
44 23.9
21 11.4
1879 64.7
688 23.7
336 11.6
(3087, 57) (3087,) (775, 57) (775,)

 SNO Accuracy: 0.542
[[1042  594  243]
 [ 346  267   75]
 [  32   40  264]]

 rate=6 and ii =10
Accuracy: 0.711
Macro Precision: 0.661
Macro Recall: 0.710
Macro F1-score: 0.681

[[367  82  30]
 [ 84  96  15]
 [  6   7  88]]
              precision    recall  f1-score   support

           0       0.80      0.77      0.78       479
           1       0.52      0.49      0.51       195
           2       0.66      0.87      0.75       101

    accuracy                           0.71       775
   macro avg       0.66      0.71      0.68       775
weighted avg       0.71      0.71      0.71       775

119 64.7
44 23.9
21 11.4
1879 64.7
688 23.7
336 11.6
(3087, 57) (3087,) (775, 57) (775,)

semi-SelfTrain Label Accuracy: 0.692
[[1717   92   70]
 [ 596   63   29]
 [ 100    7  229]]
0.6920427144333449 [0.91378393 0.09156977 0.68154762]

 rate=6 and ii =10
Accuracy: 0.726
Macro Precision: 0.624
Macro Recall: 0.592
Macro F1-score: 0.587

[[477  32  13]
 [137  20   7]
 [ 18   5  66]]
              precision    recall  f1-score   support

         0.0       0.75      0.91      0.83       522
         1.0       0.35      0.12      0.18       164
         2.0       0.77      0.74      0.75        89

    accuracy                           0.73       775
   macro avg       0.62      0.59      0.59       775
weighted avg       0.67      0.73      0.68       775

119 64.7
44 23.9
21 11.4
1879 64.7
688 23.7
336 11.6
(3087, 57) (3087,) (775, 57) (775,)

semi-LabelSpread Label Accuracy: 0.660
[[1879    0    0]
 [ 655   33    0]
 [ 332    0    4]]
0.6600068894247331 [1.         0.04796512 0.01190476]

 rate=6 and ii =10
Accuracy: 0.715
Macro Precision: 0.571
Macro Recall: 0.350
Macro F1-score: 0.310

[[546   0   0]
 [149   8   0]
 [ 72   0   0]]
              precision    recall  f1-score   support

         0.0       0.71      1.00      0.83       546
         1.0       1.00      0.05      0.10       157
         2.0       0.00      0.00      0.00        72

    accuracy                           0.71       775
   macro avg       0.57      0.35      0.31       775
weighted avg       0.70      0.71      0.61       775

119 64.7
44 23.9
21 11.4
1879 64.7
688 23.7
336 11.6
(3087, 57) (3087,) (775, 57) (2903,) (2903,)

2 order Label Accuracy: 0.695
[[1658  144   77]
 [ 550  111   27]
 [  76   12  248]]
0.6947984843265588 [0.88238425 0.16133721 0.73809524]

 rate=6 and ii =10
Accuracy: 0.773
Macro Precision: 0.755
Macro Recall: 0.638
Macro F1-score: 0.632

[[503   9  13]
 [131  23   6]
 [ 16   1  73]]
              precision    recall  f1-score   support

           0       0.77      0.96      0.86       525
           1       0.70      0.14      0.24       160
           2       0.79      0.81      0.80        90

    accuracy                           0.77       775
   macro avg       0.75      0.64      0.63       775
weighted avg       0.76      0.77      0.72       775

119 64.7
44 23.9
21 11.4
1879 64.7
688 23.7
336 11.6
(3087, 57) (3087,) (775, 57) (2903,) (2903,)

3 order Label Accuracy: 0.670
[[1642  135  102]
 [ 545   96   47]
 [ 110   20  206]]
0.6696520840509818 [0.87386908 0.13953488 0.61309524]

 rate=6 and ii =10
Accuracy: 0.750
Macro Precision: 0.703
Macro Recall: 0.581
Macro F1-score: 0.577

[[503   7  17]
 [132  19   9]
 [ 26   3  59]]
              precision    recall  f1-score   support

           0       0.76      0.95      0.85       527
           1       0.66      0.12      0.20       160
           2       0.69      0.67      0.68        88

    accuracy                           0.75       775
   macro avg       0.70      0.58      0.58       775
weighted avg       0.73      0.75      0.69       775

119 64.7
44 23.9
21 11.4
1879 64.7
688 23.7
336 11.6
(3087, 57) (3087,) (775, 57) (2903,) (2903,)

4 order Label Accuracy: 0.699
[[1702  121   56]
 [ 562   92   34]
 [  87   14  235]]
0.6989321391663796 [0.90580096 0.13372093 0.69940476]

 rate=6 and ii =10
Accuracy: 0.768
Macro Precision: 0.739
Macro Recall: 0.618
Macro F1-score: 0.613

[[508   8  13]
 [134  19   5]
 [ 18   2  68]]
              precision    recall  f1-score   support

           0       0.77      0.96      0.85       529
           1       0.66      0.12      0.20       158
           2       0.79      0.77      0.78        88

    accuracy                           0.77       775
   macro avg       0.74      0.62      0.61       775
weighted avg       0.75      0.77      0.71       775

Time(sec):  7.753673299999999
nodes = range(self.m)
range(0, 8)
Graph with 8 nodes and 0 edges
3 184 8
L
[[1 1 1 ... 1 1 1]
 [1 1 2 ... 1 2 2]
 [2 1 2 ... 1 2 2]
 ...
 [2 1 2 ... 1 2 2]
 [1 1 1 ... 1 1 1]
 [1 1 2 ... 2 2 2]]
L_ind
[[1. 0. 0. ... 1. 0. 0.]
 [1. 0. 0. ... 0. 1. 0.]
 [0. 1. 0. ... 0. 1. 0.]
 ...
 [0. 1. 0. ... 0. 1. 0.]
 [1. 0. 0. ... 1. 0. 0.]
 [1. 0. 0. ... 0. 1. 0.]]
3 2903 8
L
[[2 1 1 ... 1 1 1]
 [1 1 1 ... 1 1 1]
 [1 1 1 ... 1 2 2]
 ...
 [1 1 3 ... 1 1 1]
 [1 1 1 ... 3 3 3]
 [1 1 1 ... 3 3 3]]
L_ind
[[0. 1. 0. ... 1. 0. 0.]
 [1. 0. 0. ... 1. 0. 0.]
 [1. 0. 0. ... 0. 1. 0.]
 ...
 [1. 0. 0. ... 1. 0. 0.]
 [1. 0. 0. ... 0. 0. 1.]
 [1. 0. 0. ... 0. 0. 1.]]
119 64.7
44 23.9
21 11.4
1879 64.7
688 23.7
336 11.6
(3087, 57) (3087,) (775, 57) (775,)

 SNO Accuracy: 0.593
[[1214  430  235]
 [ 341  271   76]
 [  45   55  236]]

 rate=6 and ii =11
Accuracy: 0.715
Macro Precision: 0.637
Macro Recall: 0.655
Macro F1-score: 0.637

[[410  44  40]
 [ 96  75  16]
 [ 12  13  69]]
              precision    recall  f1-score   support

           0       0.79      0.83      0.81       494
           1       0.57      0.40      0.47       187
           2       0.55      0.73      0.63        94

    accuracy                           0.71       775
   macro avg       0.64      0.66      0.64       775
weighted avg       0.71      0.71      0.71       775

119 64.7
44 23.9
21 11.4
1879 64.7
688 23.7
336 11.6
(3087, 57) (3087,) (775, 57) (775,)

semi-SelfTrain Label Accuracy: 0.707
[[1824    7   48]
 [ 625   54    9]
 [ 140   23  173]]
0.7065105063727178 [0.97072911 0.07848837 0.51488095]

 rate=6 and ii =11
Accuracy: 0.750
Macro Precision: 0.683
Macro Recall: 0.535
Macro F1-score: 0.541

[[524   2   8]
 [143  10   4]
 [ 29   8  47]]
              precision    recall  f1-score   support

         0.0       0.75      0.98      0.85       534
         1.0       0.50      0.06      0.11       157
         2.0       0.80      0.56      0.66        84

    accuracy                           0.75       775
   macro avg       0.68      0.53      0.54       775
weighted avg       0.71      0.75      0.68       775

119 64.7
44 23.9
21 11.4
1879 64.7
688 23.7
336 11.6
(3087, 57) (3087,) (775, 57) (775,)

semi-LabelSpread Label Accuracy: 0.661
[[1879    0    0]
 [ 652   36    0]
 [ 333    0    3]]
0.6606958318980365 [1.         0.05232558 0.00892857]

 rate=6 and ii =11
Accuracy: 0.716
Macro Precision: 0.571
Macro Recall: 0.352
Macro F1-score: 0.314

[[546   0   0]
 [148   9   0]
 [ 72   0   0]]
              precision    recall  f1-score   support

         0.0       0.71      1.00      0.83       546
         1.0       1.00      0.06      0.11       157
         2.0       0.00      0.00      0.00        72

    accuracy                           0.72       775
   macro avg       0.57      0.35      0.31       775
weighted avg       0.70      0.72      0.61       775

119 64.7
44 23.9
21 11.4
1879 64.7
688 23.7
336 11.6
(3087, 57) (3087,) (775, 57) (2903,) (2903,)

2 order Label Accuracy: 0.688
[[1716  114   49]
 [ 578   94   16]
 [ 123   26  187]]
0.6879090595935239 [0.91325173 0.13662791 0.55654762]

 rate=6 and ii =11
Accuracy: 0.748
Macro Precision: 0.728
Macro Recall: 0.561
Macro F1-score: 0.578

[[509   9   9]
 [139  20   3]
 [ 32   3  51]]
              precision    recall  f1-score   support

           0       0.75      0.97      0.84       527
           1       0.62      0.12      0.21       162
           2       0.81      0.59      0.68        86

    accuracy                           0.75       775
   macro avg       0.73      0.56      0.58       775
weighted avg       0.73      0.75      0.69       775

119 64.7
44 23.9
21 11.4
1879 64.7
688 23.7
336 11.6
(3087, 57) (3087,) (775, 57) (2903,) (2903,)

3 order Label Accuracy: 0.683
[[1707  121   51]
 [ 583   91   14]
 [ 120   31  185]]
0.6830864622803996 [0.90846195 0.13226744 0.55059524]

 rate=6 and ii =11
Accuracy: 0.750
Macro Precision: 0.750
Macro Recall: 0.562
Macro F1-score: 0.576

[[511   7   8]
 [141  18   4]
 [ 33   1  52]]
              precision    recall  f1-score   support

           0       0.75      0.97      0.84       526
           1       0.69      0.11      0.19       163
           2       0.81      0.60      0.69        86

    accuracy                           0.75       775
   macro avg       0.75      0.56      0.58       775
weighted avg       0.74      0.75      0.69       775

119 64.7
44 23.9
21 11.4
1879 64.7
688 23.7
336 11.6
(3087, 57) (3087,) (775, 57) (2903,) (2903,)

4 order Label Accuracy: 0.711
[[1793   49   37]
 [ 588   86   14]
 [ 118   32  186]]
0.7113331036858422 [0.95423097 0.125      0.55357143]

 rate=6 and ii =11
Accuracy: 0.759
Macro Precision: 0.777
Macro Recall: 0.556
Macro F1-score: 0.571

[[522   0   8]
 [139  17   4]
 [ 31   5  49]]
              precision    recall  f1-score   support

           0       0.75      0.98      0.85       530
           1       0.77      0.11      0.19       160
           2       0.80      0.58      0.67        85

    accuracy                           0.76       775
   macro avg       0.78      0.56      0.57       775
weighted avg       0.76      0.76      0.70       775

Time(sec):  7.1180734
nodes = range(self.m)
range(0, 8)
Graph with 8 nodes and 0 edges
3 185 8
L
[[2 1 1 ... 1 1 1]
 [1 1 1 ... 1 1 1]
 [1 1 2 ... 2 2 2]
 ...
 [1 1 2 ... 1 2 2]
 [1 1 1 ... 1 1 1]
 [1 1 2 ... 1 2 2]]
L_ind
[[0. 1. 0. ... 1. 0. 0.]
 [1. 0. 0. ... 1. 0. 0.]
 [1. 0. 0. ... 0. 1. 0.]
 ...
 [1. 0. 0. ... 0. 1. 0.]
 [1. 0. 0. ... 1. 0. 0.]
 [1. 0. 0. ... 0. 1. 0.]]
3 2902 8
L
[[1 1 1 ... 1 1 1]
 [1 1 2 ... 1 1 1]
 [1 1 1 ... 1 1 2]
 ...
 [1 1 3 ... 1 3 3]
 [1 1 1 ... 1 3 3]
 [1 1 2 ... 1 3 3]]
L_ind
[[1. 0. 0. ... 1. 0. 0.]
 [1. 0. 0. ... 1. 0. 0.]
 [1. 0. 0. ... 0. 1. 0.]
 ...
 [1. 0. 0. ... 0. 0. 1.]
 [1. 0. 0. ... 0. 0. 1.]
 [1. 0. 0. ... 0. 0. 1.]]
120 64.9
44 23.8
21 11.4
1878 64.7
688 23.7
336 11.6
(3087, 57) (3087,) (775, 57) (775,)

 SNO Accuracy: 0.576
[[1185  492  201]
 [ 365  240   83]
 [  43   45  248]]

 rate=6 and ii =12
Accuracy: 0.712
Macro Precision: 0.645
Macro Recall: 0.676
Macro F1-score: 0.654

[[397  63  27]
 [ 95  76  20]
 [ 10   8  79]]
              precision    recall  f1-score   support

           0       0.79      0.82      0.80       487
           1       0.52      0.40      0.45       191
           2       0.63      0.81      0.71        97

    accuracy                           0.71       775
   macro avg       0.64      0.68      0.65       775
weighted avg       0.70      0.71      0.70       775

120 64.9
44 23.8
21 11.4
1878 64.7
688 23.7
336 11.6
(3087, 57) (3087,) (775, 57) (775,)

semi-SelfTrain Label Accuracy: 0.695
[[1767   60   51]
 [ 614   60   14]
 [ 108   39  189]]
0.6946933149552033 [0.94089457 0.0872093  0.5625    ]

 rate=6 and ii =12
Accuracy: 0.752
Macro Precision: 0.696
Macro Recall: 0.559
Macro F1-score: 0.572

[[514   5  10]
 [137  19   5]
 [ 25  10  50]]
              precision    recall  f1-score   support

         0.0       0.76      0.97      0.85       529
         1.0       0.56      0.12      0.19       161
         2.0       0.77      0.59      0.67        85

    accuracy                           0.75       775
   macro avg       0.70      0.56      0.57       775
weighted avg       0.72      0.75      0.70       775

120 64.9
44 23.8
21 11.4
1878 64.7
688 23.7
336 11.6
(3087, 57) (3087,) (775, 57) (775,)

semi-LabelSpread Label Accuracy: 0.659
[[1878    0    0]
 [ 655   33    0]
 [ 334    0    2]]
0.6592005513439008 [1.         0.04796512 0.00595238]

 rate=6 and ii =12
Accuracy: 0.717
Macro Precision: 0.571
Macro Recall: 0.353
Macro F1-score: 0.314

[[547   0   0]
 [147   9   0]
 [ 72   0   0]]
              precision    recall  f1-score   support

         0.0       0.71      1.00      0.83       547
         1.0       1.00      0.06      0.11       156
         2.0       0.00      0.00      0.00        72

    accuracy                           0.72       775
   macro avg       0.57      0.35      0.31       775
weighted avg       0.71      0.72      0.61       775

120 64.9
44 23.8
21 11.4
1878 64.7
688 23.7
336 11.6
(3087, 57) (3087,) (775, 57) (2902,) (2902,)

2 order Label Accuracy: 0.661
[[1630  203   45]
 [ 591   81   16]
 [  91   38  207]]
0.6609235010337698 [0.86794462 0.11773256 0.61607143]

 rate=6 and ii =12
Accuracy: 0.723
Macro Precision: 0.667
Macro Recall: 0.557
Macro F1-score: 0.582

[[485  32   7]
 [140  28   2]
 [ 27   7  47]]
              precision    recall  f1-score   support

           0       0.74      0.93      0.82       524
           1       0.42      0.16      0.24       170
           2       0.84      0.58      0.69        81

    accuracy                           0.72       775
   macro avg       0.67      0.56      0.58       775
weighted avg       0.68      0.72      0.68       775

120 64.9
44 23.8
21 11.4
1878 64.7
688 23.7
336 11.6
(3087, 57) (3087,) (775, 57) (2902,) (2902,)

3 order Label Accuracy: 0.658
[[1642  205   31]
 [ 595   84    9]
 [ 105   47  184]]
0.6581667815299793 [0.8743344  0.12209302 0.54761905]

 rate=6 and ii =12
Accuracy: 0.728
Macro Precision: 0.669
Macro Recall: 0.545
Macro F1-score: 0.574

[[494  27   6]
 [139  27   2]
 [ 26  11  43]]
              precision    recall  f1-score   support

           0       0.75      0.94      0.83       527
           1       0.42      0.16      0.23       168
           2       0.84      0.54      0.66        80

    accuracy                           0.73       775
   macro avg       0.67      0.55      0.57       775
weighted avg       0.69      0.73      0.68       775

120 64.9
44 23.8
21 11.4
1878 64.7
688 23.7
336 11.6
(3087, 57) (3087,) (775, 57) (2902,) (2902,)

4 order Label Accuracy: 0.669
[[1662  170   46]
 [ 580   92   16]
 [  98   51  187]]
0.6688490696071675 [0.88498403 0.13372093 0.55654762]

 rate=6 and ii =12
Accuracy: 0.741
Macro Precision: 0.691
Macro Recall: 0.564
Macro F1-score: 0.589

[[501  21   7]
 [138  26   2]
 [ 26   7  47]]
              precision    recall  f1-score   support

           0       0.75      0.95      0.84       529
           1       0.48      0.16      0.24       166
           2       0.84      0.59      0.69        80

    accuracy                           0.74       775
   macro avg       0.69      0.56      0.59       775
weighted avg       0.70      0.74      0.69       775

Time(sec):  7.7302511
nodes = range(self.m)
range(0, 8)
Graph with 8 nodes and 0 edges
3 185 8
L
[[3 3 3 ... 3 3 3]
 [1 1 1 ... 1 1 1]
 [1 1 1 ... 1 1 1]
 ...
 [1 1 2 ... 3 2 2]
 [1 1 1 ... 2 1 1]
 [1 1 3 ... 1 3 3]]
L_ind
[[0. 0. 1. ... 0. 0. 1.]
 [1. 0. 0. ... 1. 0. 0.]
 [1. 0. 0. ... 1. 0. 0.]
 ...
 [1. 0. 0. ... 0. 1. 0.]
 [1. 0. 0. ... 1. 0. 0.]
 [1. 0. 0. ... 0. 0. 1.]]
3 2902 8
L
[[1 1 3 ... 1 1 1]
 [1 1 1 ... 1 1 1]
 [1 1 1 ... 1 3 1]
 ...
 [3 1 3 ... 3 3 3]
 [1 1 1 ... 3 3 3]
 [1 1 1 ... 3 3 3]]
L_ind
[[1. 0. 0. ... 1. 0. 0.]
 [1. 0. 0. ... 1. 0. 0.]
 [1. 0. 0. ... 1. 0. 0.]
 ...
 [0. 0. 1. ... 0. 0. 1.]
 [1. 0. 0. ... 0. 0. 1.]
 [1. 0. 0. ... 0. 0. 1.]]
120 64.9
44 23.8
21 11.4
1878 64.7
688 23.7
336 11.6
(3087, 57) (3087,) (775, 57) (775,)

 SNO Accuracy: 0.541
[[996 558 324]
 [285 321  82]
 [ 30  52 254]]

 rate=6 and ii =13
Accuracy: 0.668
Macro Precision: 0.616
Macro Recall: 0.684
Macro F1-score: 0.638

[[328  90  54]
 [ 77 101  20]
 [  6  10  89]]
              precision    recall  f1-score   support

           0       0.80      0.69      0.74       472
           1       0.50      0.51      0.51       198
           2       0.55      0.85      0.66       105

    accuracy                           0.67       775
   macro avg       0.62      0.68      0.64       775
weighted avg       0.69      0.67      0.67       775

120 64.9
44 23.8
21 11.4
1878 64.7
688 23.7
336 11.6
(3087, 57) (3087,) (775, 57) (775,)

semi-SelfTrain Label Accuracy: 0.703
[[1748   27  103]
 [ 606   53   29]
 [  86   10  240]]
0.7033080634045485 [0.93077742 0.07703488 0.71428571]

 rate=6 and ii =13
Accuracy: 0.755
Macro Precision: 0.729
Macro Recall: 0.618
Macro F1-score: 0.595

[[495   7  21]
 [136  17   8]
 [ 18   0  73]]
              precision    recall  f1-score   support

         0.0       0.76      0.95      0.84       523
         1.0       0.71      0.11      0.18       161
         2.0       0.72      0.80      0.76        91

    accuracy                           0.75       775
   macro avg       0.73      0.62      0.59       775
weighted avg       0.75      0.75      0.70       775

120 64.9
44 23.8
21 11.4
1878 64.7
688 23.7
336 11.6
(3087, 57) (3087,) (775, 57) (775,)

semi-LabelSpread Label Accuracy: 0.662
[[1878    0    0]
 [ 651   37    0]
 [ 330    0    6]]
0.6619572708476913 [1.         0.05377907 0.01785714]

 rate=6 and ii =13
Accuracy: 0.716
Macro Precision: 0.571
Macro Recall: 0.356
Macro F1-score: 0.320

[[544   0   0]
 [148  11   0]
 [ 72   0   0]]
              precision    recall  f1-score   support

         0.0       0.71      1.00      0.83       544
         1.0       1.00      0.07      0.13       159
         2.0       0.00      0.00      0.00        72

    accuracy                           0.72       775
   macro avg       0.57      0.36      0.32       775
weighted avg       0.70      0.72      0.61       775

120 64.9
44 23.8
21 11.4
1878 64.7
688 23.7
336 11.6
(3087, 57) (3087,) (775, 57) (2902,) (2902,)

2 order Label Accuracy: 0.673
[[1601  202   75]
 [ 535  132   21]
 [  71   45  220]]
0.6729841488628532 [0.85250266 0.19186047 0.6547619 ]

 rate=6 and ii =13
Accuracy: 0.743
Macro Precision: 0.693
Macro Recall: 0.615
Macro F1-score: 0.625

[[478  23  15]
 [130  38   5]
 [ 20   6  60]]
              precision    recall  f1-score   support

           0       0.76      0.93      0.84       516
           1       0.57      0.22      0.32       173
           2       0.75      0.70      0.72        86

    accuracy                           0.74       775
   macro avg       0.69      0.61      0.63       775
weighted avg       0.72      0.74      0.71       775

120 64.9
44 23.8
21 11.4
1878 64.7
688 23.7
336 11.6
(3087, 57) (3087,) (775, 57) (2902,) (2902,)

3 order Label Accuracy: 0.665
[[1627  152   99]
 [ 556   97   35]
 [  89   42  205]]
0.6647139903514817 [0.86634718 0.14098837 0.61011905]

 rate=6 and ii =13
Accuracy: 0.747
Macro Precision: 0.718
Macro Recall: 0.599
Macro F1-score: 0.620

[[490  20   8]
 [136  32   3]
 [ 24   5  57]]
              precision    recall  f1-score   support

           0       0.75      0.95      0.84       518
           1       0.56      0.19      0.28       171
           2       0.84      0.66      0.74        86

    accuracy                           0.75       775
   macro avg       0.72      0.60      0.62       775
weighted avg       0.72      0.75      0.70       775

120 64.9
44 23.8
21 11.4
1878 64.7
688 23.7
336 11.6
(3087, 57) (3087,) (775, 57) (2902,) (2902,)

4 order Label Accuracy: 0.684
[[1682   86  110]
 [ 553   92   43]
 [  77   48  211]]
0.6840110268780152 [0.89563365 0.13372093 0.62797619]

 rate=6 and ii =13
Accuracy: 0.761
Macro Precision: 0.718
Macro Recall: 0.597
Macro F1-score: 0.600

[[509   6  11]
 [136  20   6]
 [ 19   7  61]]
              precision    recall  f1-score   support

           0       0.77      0.97      0.86       526
           1       0.61      0.12      0.21       162
           2       0.78      0.70      0.74        87

    accuracy                           0.76       775
   macro avg       0.72      0.60      0.60       775
weighted avg       0.73      0.76      0.71       775

Time(sec):  7.4085548999999995
nodes = range(self.m)
range(0, 8)
Graph with 8 nodes and 0 edges
3 184 8
L
[[1 1 1 ... 1 1 1]
 [3 3 3 ... 1 3 3]
 [1 1 2 ... 1 2 2]
 ...
 [1 3 3 ... 2 3 3]
 [1 1 1 ... 2 1 1]
 [1 1 1 ... 1 1 1]]
L_ind
[[1. 0. 0. ... 1. 0. 0.]
 [0. 0. 1. ... 0. 0. 1.]
 [1. 0. 0. ... 0. 1. 0.]
 ...
 [1. 0. 0. ... 0. 0. 1.]
 [1. 0. 0. ... 1. 0. 0.]
 [1. 0. 0. ... 1. 0. 0.]]
3 2903 8
L
[[2 1 3 ... 2 1 1]
 [1 1 1 ... 1 1 1]
 [1 1 1 ... 1 2 2]
 ...
 [1 3 3 ... 1 1 1]
 [1 1 2 ... 3 3 3]
 [1 1 2 ... 3 3 3]]
L_ind
[[0. 1. 0. ... 1. 0. 0.]
 [1. 0. 0. ... 1. 0. 0.]
 [1. 0. 0. ... 0. 1. 0.]
 ...
 [1. 0. 0. ... 1. 0. 0.]
 [1. 0. 0. ... 0. 0. 1.]
 [1. 0. 0. ... 0. 0. 1.]]
120 65.2
44 23.9
20 10.9
1878 64.7
688 23.7
337 11.6
(3087, 57) (3087,) (775, 57) (775,)

 SNO Accuracy: 0.586
[[1170  431  277]
 [ 342  273   73]
 [  44   35  258]]

 rate=6 and ii =14
Accuracy: 0.741
Macro Precision: 0.677
Macro Recall: 0.695
Macro F1-score: 0.673

[[417  40  38]
 [ 92  72  15]
 [ 10   6  85]]
              precision    recall  f1-score   support

           0       0.80      0.84      0.82       495
           1       0.61      0.40      0.48       179
           2       0.62      0.84      0.71       101

    accuracy                           0.74       775
   macro avg       0.68      0.70      0.67       775
weighted avg       0.73      0.74      0.73       775

120 65.2
44 23.9
20 10.9
1878 64.7
688 23.7
337 11.6
(3087, 57) (3087,) (775, 57) (775,)

semi-SelfTrain Label Accuracy: 0.699
[[1756   60   62]
 [ 608   47   33]
 [ 109    3  225]]
0.6985876679297278 [0.93503727 0.06831395 0.66765579]

 rate=6 and ii =14
Accuracy: 0.748
Macro Precision: 0.667
Macro Recall: 0.590
Macro F1-score: 0.581

[[504  13  12]
 [141  14   6]
 [ 20   3  62]]
              precision    recall  f1-score   support

         0.0       0.76      0.95      0.84       529
         1.0       0.47      0.09      0.15       161
         2.0       0.78      0.73      0.75        85

    accuracy                           0.75       775
   macro avg       0.67      0.59      0.58       775
weighted avg       0.70      0.75      0.69       775

120 65.2
44 23.9
20 10.9
1878 64.7
688 23.7
337 11.6
(3087, 57) (3087,) (775, 57) (775,)

semi-LabelSpread Label Accuracy: 0.659
[[1878    0    0]
 [ 656   32    0]
 [ 334    0    3]]
0.6589734757147778 [1.         0.04651163 0.00890208]

 rate=6 and ii =14
Accuracy: 0.715
Macro Precision: 0.904
Macro Recall: 0.355
Macro F1-score: 0.318

[[545   0   0]
 [149   8   0]
 [ 72   0   1]]
              precision    recall  f1-score   support

         0.0       0.71      1.00      0.83       545
         1.0       1.00      0.05      0.10       157
         2.0       1.00      0.01      0.03        73

    accuracy                           0.71       775
   macro avg       0.90      0.35      0.32       775
weighted avg       0.80      0.71      0.61       775

120 65.2
44 23.9
20 10.9
1878 64.7
688 23.7
337 11.6
(3087, 57) (3087,) (775, 57) (2903,) (2903,)

2 order Label Accuracy: 0.697
[[1666  129   83]
 [ 529  124   35]
 [  88   16  233]]
0.6968653117464692 [0.88711395 0.18023256 0.69139466]

 rate=6 and ii =14
Accuracy: 0.788
Macro Precision: 0.833
Macro Recall: 0.647
Macro F1-score: 0.662

[[508   3  11]
 [122  34   6]
 [ 22   0  69]]
              precision    recall  f1-score   support

           0       0.78      0.97      0.87       522
           1       0.92      0.21      0.34       162
           2       0.80      0.76      0.78        91

    accuracy                           0.79       775
   macro avg       0.83      0.65      0.66       775
weighted avg       0.81      0.79      0.75       775

120 65.2
44 23.9
20 10.9
1878 64.7
688 23.7
337 11.6
(3087, 57) (3087,) (775, 57) (2903,) (2903,)

3 order Label Accuracy: 0.672
[[1651  178   49]
 [ 575  101   12]
 [  98   39  200]]
0.6724078539441957 [0.87912673 0.14680233 0.59347181]

 rate=6 and ii =14
Accuracy: 0.757
Macro Precision: 0.732
Macro Recall: 0.594
Macro F1-score: 0.622

[[502  15   8]
 [132  34   2]
 [ 23   8  51]]
              precision    recall  f1-score   support

           0       0.76      0.96      0.85       525
           1       0.60      0.20      0.30       168
           2       0.84      0.62      0.71        82

    accuracy                           0.76       775
   macro avg       0.73      0.59      0.62       775
weighted avg       0.74      0.76      0.72       775

120 65.2
44 23.9
20 10.9
1878 64.7
688 23.7
337 11.6
(3087, 57) (3087,) (775, 57) (2903,) (2903,)

4 order Label Accuracy: 0.701
[[1705  138   35]
 [ 547  124   17]
 [  99   33  205]]
0.7006544953496383 [0.90788072 0.18023256 0.60830861]

 rate=6 and ii =14
Accuracy: 0.781
Macro Precision: 0.793
Macro Recall: 0.615
Macro F1-score: 0.643

[[516   6   8]
 [125  33   3]
 [ 24   4  56]]
              precision    recall  f1-score   support

           0       0.78      0.97      0.86       530
           1       0.77      0.20      0.32       161
           2       0.84      0.67      0.74        84

    accuracy                           0.78       775
   macro avg       0.79      0.62      0.64       775
weighted avg       0.78      0.78      0.74       775

Time(sec):  7.323240500000001
nodes = range(self.m)
range(0, 8)
Graph with 8 nodes and 0 edges
3 183 8
L
[[1 1 1 ... 1 1 1]
 [1 1 1 ... 1 1 1]
 [1 1 1 ... 1 1 1]
 ...
 [2 3 2 ... 2 2 2]
 [1 1 1 ... 1 1 1]
 [2 1 1 ... 1 1 1]]
L_ind
[[1. 0. 0. ... 1. 0. 0.]
 [1. 0. 0. ... 1. 0. 0.]
 [1. 0. 0. ... 1. 0. 0.]
 ...
 [0. 1. 0. ... 0. 1. 0.]
 [1. 0. 0. ... 1. 0. 0.]
 [0. 1. 0. ... 1. 0. 0.]]
3 2904 8
L
[[1 1 1 ... 1 1 1]
 [2 1 1 ... 1 1 1]
 [1 1 1 ... 1 2 1]
 ...
 [1 1 3 ... 1 3 1]
 [1 1 1 ... 3 3 3]
 [1 1 2 ... 3 3 3]]
L_ind
[[1. 0. 0. ... 1. 0. 0.]
 [0. 1. 0. ... 1. 0. 0.]
 [1. 0. 0. ... 1. 0. 0.]
 ...
 [1. 0. 0. ... 1. 0. 0.]
 [1. 0. 0. ... 0. 0. 1.]
 [1. 0. 0. ... 0. 0. 1.]]
119 65.0
43 23.5
21 11.5
1879 64.7
689 23.7
336 11.6
(3087, 57) (3087,) (775, 57) (775,)

 SNO Accuracy: 0.587
[[1177  538  164]
 [ 358  282   49]
 [  42   48  246]]

 rate=6 and ii =15
Accuracy: 0.697
Macro Precision: 0.641
Macro Recall: 0.671
Macro F1-score: 0.654

[[373  80  31]
 [ 89  93  12]
 [  9  14  74]]
              precision    recall  f1-score   support

           0       0.79      0.77      0.78       484
           1       0.50      0.48      0.49       194
           2       0.63      0.76      0.69        97

    accuracy                           0.70       775
   macro avg       0.64      0.67      0.65       775
weighted avg       0.70      0.70      0.70       775

119 65.0
43 23.5
21 11.5
1879 64.7
689 23.7
336 11.6
(3087, 57) (3087,) (775, 57) (775,)

semi-SelfTrain Label Accuracy: 0.701
[[1783   39   57]
 [ 608   73    8]
 [ 150    5  181]]
0.7014462809917356 [0.94890899 0.10595065 0.53869048]

 rate=6 and ii =15
Accuracy: 0.742
Macro Precision: 0.710
Macro Recall: 0.556
Macro F1-score: 0.566

[[505   9  11]
 [141  17   4]
 [ 33   2  53]]
              precision    recall  f1-score   support

         0.0       0.74      0.96      0.84       525
         1.0       0.61      0.10      0.18       162
         2.0       0.78      0.60      0.68        88

    accuracy                           0.74       775
   macro avg       0.71      0.56      0.57       775
weighted avg       0.72      0.74      0.68       775

119 65.0
43 23.5
21 11.5
1879 64.7
689 23.7
336 11.6
(3087, 57) (3087,) (775, 57) (775,)

semi-LabelSpread Label Accuracy: 0.659
[[1879    0    0]
 [ 657   32    0]
 [ 333    0    3]]
0.6590909090909091 [1.         0.04644412 0.00892857]

 rate=6 and ii =15
Accuracy: 0.716
Macro Precision: 0.904
Macro Recall: 0.355
Macro F1-score: 0.319

[[546   0   0]
 [149   8   0]
 [ 71   0   1]]
              precision    recall  f1-score   support

         0.0       0.71      1.00      0.83       546
         1.0       1.00      0.05      0.10       157
         2.0       1.00      0.01      0.03        72

    accuracy                           0.72       775
   macro avg       0.90      0.35      0.32       775
weighted avg       0.80      0.72      0.61       775

119 65.0
43 23.5
21 11.5
1879 64.7
689 23.7
336 11.6
(3087, 57) (3087,) (775, 57) (2904,) (2904,)

2 order Label Accuracy: 0.687
[[1632  192   55]
 [ 526  149   14]
 [  95   27  214]]
0.6869834710743802 [0.8685471  0.21625544 0.63690476]

 rate=6 and ii =15
Accuracy: 0.760
Macro Precision: 0.723
Macro Recall: 0.617
Macro F1-score: 0.635

[[493  16  15]
 [125  38   3]
 [ 21   6  58]]
              precision    recall  f1-score   support

           0       0.77      0.94      0.85       524
           1       0.63      0.23      0.34       166
           2       0.76      0.68      0.72        85

    accuracy                           0.76       775
   macro avg       0.72      0.62      0.63       775
weighted avg       0.74      0.76      0.72       775

119 65.0
43 23.5
21 11.5
1879 64.7
689 23.7
336 11.6
(3087, 57) (3087,) (775, 57) (2904,) (2904,)

3 order Label Accuracy: 0.666
[[1653  175   51]
 [ 573  103   13]
 [  95   63  178]]
0.6659779614325069 [0.87972326 0.14949202 0.5297619 ]

 rate=6 and ii =15
Accuracy: 0.759
Macro Precision: 0.727
Macro Recall: 0.595
Macro F1-score: 0.620

[[502  13  10]
 [131  33   2]
 [ 22   9  53]]
              precision    recall  f1-score   support

           0       0.77      0.96      0.85       525
           1       0.60      0.20      0.30       166
           2       0.82      0.63      0.71        84

    accuracy                           0.76       775
   macro avg       0.73      0.60      0.62       775
weighted avg       0.74      0.76      0.72       775

119 65.0
43 23.5
21 11.5
1879 64.7
689 23.7
336 11.6
(3087, 57) (3087,) (775, 57) (2904,) (2904,)

4 order Label Accuracy: 0.671
[[1651  164   64]
 [ 565  106   18]
 [  98   45  193]]
0.6714876033057852 [0.87865886 0.15384615 0.57440476]

 rate=6 and ii =15
Accuracy: 0.755
Macro Precision: 0.717
Macro Recall: 0.599
Macro F1-score: 0.618

[[499  15   9]
 [136  28   2]
 [ 20   8  58]]
              precision    recall  f1-score   support

           0       0.76      0.95      0.85       523
           1       0.55      0.17      0.26       166
           2       0.84      0.67      0.75        86

    accuracy                           0.75       775
   macro avg       0.72      0.60      0.62       775
weighted avg       0.72      0.75      0.71       775

Time(sec):  7.317412000000001
