nodes = range(self.m)
range(0, 8)
Graph with 8 nodes and 0 edges
3 1542 8
L
[[1 1 1 ... 1 1 1]
 [2 1 1 ... 1 1 1]
 [1 1 1 ... 1 1 1]
 ...
 [3 3 3 ... 1 3 3]
 [3 1 3 ... 1 3 3]
 [1 1 3 ... 1 3 3]]
L_ind
[[1. 0. 0. ... 1. 0. 0.]
 [0. 1. 0. ... 1. 0. 0.]
 [1. 0. 0. ... 1. 0. 0.]
 ...
 [0. 0. 1. ... 0. 0. 1.]
 [0. 0. 1. ... 0. 0. 1.]
 [1. 0. 0. ... 0. 0. 1.]]
3 1545 8
L
[[1 1 3 ... 1 1 1]
 [1 1 1 ... 1 1 1]
 [1 1 1 ... 1 1 1]
 ...
 [3 3 3 ... 3 1 3]
 [1 1 3 ... 1 3 3]
 [1 1 1 ... 1 3 3]]
L_ind
[[1. 0. 0. ... 1. 0. 0.]
 [1. 0. 0. ... 1. 0. 0.]
 [1. 0. 0. ... 1. 0. 0.]
 ...
 [0. 0. 1. ... 0. 0. 1.]
 [1. 0. 0. ... 0. 0. 1.]
 [1. 0. 0. ... 0. 0. 1.]]
997 64.7
367 23.8
178 11.5
1001 64.8
365 23.6
179 11.6
(3087, 57) (3087,) (775, 57) (775,)

 SNO Accuracy: 0.756
[[829  86  86]
 [149 190  26]
 [ 25   5 149]]

 rate=50 and ii =1
Accuracy: 0.845
Macro Precision: 0.855
Macro Recall: 0.765
Macro F1-score: 0.784

[[496   5  13]
 [ 80  84   8]
 [ 14   0  75]]
              precision    recall  f1-score   support

           0       0.84      0.96      0.90       514
           1       0.94      0.49      0.64       172
           2       0.78      0.84      0.81        89

    accuracy                           0.85       775
   macro avg       0.86      0.77      0.78       775
weighted avg       0.86      0.85      0.83       775

997 64.7
367 23.8
178 11.5
1001 64.8
365 23.6
179 11.6
(3087, 57) (3087,) (775, 57) (775,)

semi-SelfTrain Label Accuracy: 0.826
[[977   8  16]
 [174 175  16]
 [ 54   1 124]]
0.8258899676375404 [0.97602398 0.47945205 0.69273743]

 rate=50 and ii =1
Accuracy: 0.848
Macro Precision: 0.888
Macro Recall: 0.743
Macro F1-score: 0.786

[[509   4   6]
 [ 85  81   3]
 [ 20   0  67]]
              precision    recall  f1-score   support

         0.0       0.83      0.98      0.90       519
         1.0       0.95      0.48      0.64       169
         2.0       0.88      0.77      0.82        87

    accuracy                           0.85       775
   macro avg       0.89      0.74      0.79       775
weighted avg       0.86      0.85      0.83       775

997 64.7
367 23.8
178 11.5
1001 64.8
365 23.6
179 11.6
(3087, 57) (3087,) (775, 57) (775,)

semi-LabelSpread Label Accuracy: 0.739
[[1001    0    0]
 [ 236  129    0]
 [ 168    0   11]]
0.7385113268608414 [1.         0.35342466 0.06145251]

 rate=50 and ii =1
Accuracy: 0.805
Macro Precision: 0.916
Macro Recall: 0.590
Macro F1-score: 0.661

[[529   0   0]
 [101  65   1]
 [ 49   0  30]]
              precision    recall  f1-score   support

         0.0       0.78      1.00      0.88       529
         1.0       1.00      0.39      0.56       167
         2.0       0.97      0.38      0.55        79

    accuracy                           0.81       775
   macro avg       0.92      0.59      0.66       775
weighted avg       0.85      0.81      0.77       775

997 64.7
367 23.8
178 11.5
1001 64.8
365 23.6
179 11.6
(3087, 57) (3087,) (775, 57) (1545,) (1545,)

2 order Label Accuracy: 0.822
[[967  13  21]
 [176 173  16]
 [ 47   2 130]]
0.8220064724919094 [0.96603397 0.4739726  0.72625698]

 rate=50 and ii =1
Accuracy: 0.844
Macro Precision: 0.885
Macro Recall: 0.734
Macro F1-score: 0.775

[[512   2   7]
 [ 88  77   4]
 [ 20   0  65]]
              precision    recall  f1-score   support

           0       0.83      0.98      0.90       521
           1       0.97      0.46      0.62       169
           2       0.86      0.76      0.81        85

    accuracy                           0.84       775
   macro avg       0.89      0.73      0.78       775
weighted avg       0.86      0.84      0.83       775

997 64.7
367 23.8
178 11.5
1001 64.8
365 23.6
179 11.6
(3087, 57) (3087,) (775, 57) (1545,) (1545,)

3 order Label Accuracy: 0.830
[[981   4  16]
 [178 171  16]
 [ 47   1 131]]
0.83042071197411 [0.98001998 0.46849315 0.73184358]

 rate=50 and ii =1
Accuracy: 0.845
Macro Precision: 0.891
Macro Recall: 0.738
Macro F1-score: 0.778

[[512   1   8]
 [ 89  76   3]
 [ 19   0  67]]
              precision    recall  f1-score   support

           0       0.83      0.98      0.90       521
           1       0.99      0.45      0.62       168
           2       0.86      0.78      0.82        86

    accuracy                           0.85       775
   macro avg       0.89      0.74      0.78       775
weighted avg       0.86      0.85      0.83       775

997 64.7
367 23.8
178 11.5
1001 64.8
365 23.6
179 11.6
(3087, 57) (3087,) (775, 57) (1545,) (1545,)

4 order Label Accuracy: 0.832
[[980   5  16]
 [175 174  16]
 [ 46   2 131]]
0.8317152103559871 [0.97902098 0.47671233 0.73184358]

 rate=50 and ii =1
Accuracy: 0.848
Macro Precision: 0.892
Macro Recall: 0.743
Macro F1-score: 0.784

[[511   2   7]
 [ 87  78   3]
 [ 19   0  68]]
              precision    recall  f1-score   support

           0       0.83      0.98      0.90       520
           1       0.97      0.46      0.63       168
           2       0.87      0.78      0.82        87

    accuracy                           0.85       775
   macro avg       0.89      0.74      0.78       775
weighted avg       0.86      0.85      0.83       775

Time(sec):  8.0988951
nodes = range(self.m)
range(0, 8)
Graph with 8 nodes and 0 edges
3 1544 8
L
[[2 1 1 ... 1 1 1]
 [1 1 1 ... 1 1 1]
 [1 1 1 ... 1 1 1]
 ...
 [3 3 3 ... 1 3 3]
 [3 3 3 ... 3 3 3]
 [3 3 3 ... 1 3 1]]
L_ind
[[0. 1. 0. ... 1. 0. 0.]
 [1. 0. 0. ... 1. 0. 0.]
 [1. 0. 0. ... 1. 0. 0.]
 ...
 [0. 0. 1. ... 0. 0. 1.]
 [0. 0. 1. ... 0. 0. 1.]
 [0. 0. 1. ... 1. 0. 0.]]
3 1543 8
L
[[1 1 1 ... 1 1 1]
 [1 1 1 ... 1 1 1]
 [1 1 1 ... 1 1 1]
 ...
 [1 1 3 ... 1 3 3]
 [1 1 1 ... 1 3 3]
 [1 1 1 ... 1 3 3]]
L_ind
[[1. 0. 0. ... 1. 0. 0.]
 [1. 0. 0. ... 1. 0. 0.]
 [1. 0. 0. ... 1. 0. 0.]
 ...
 [1. 0. 0. ... 0. 0. 1.]
 [1. 0. 0. ... 0. 0. 1.]
 [1. 0. 0. ... 0. 0. 1.]]
1001 64.8
364 23.6
179 11.6
997 64.6
368 23.8
178 11.5
(3087, 57) (3087,) (775, 57) (775,)

 SNO Accuracy: 0.768
[[823 111  63]
 [140 215  13]
 [ 23   8 147]]

 rate=50 and ii =2
Accuracy: 0.863
Macro Precision: 0.870
Macro Recall: 0.787
Macro F1-score: 0.812

[[501   6  12]
 [ 68  95   5]
 [ 15   0  73]]
              precision    recall  f1-score   support

           0       0.86      0.97      0.91       519
           1       0.94      0.57      0.71       168
           2       0.81      0.83      0.82        88

    accuracy                           0.86       775
   macro avg       0.87      0.79      0.81       775
weighted avg       0.87      0.86      0.85       775

1001 64.8
364 23.6
179 11.6
997 64.6
368 23.8
178 11.5
(3087, 57) (3087,) (775, 57) (775,)

semi-SelfTrain Label Accuracy: 0.830
[[971  10  16]
 [172 186  10]
 [ 53   1 124]]
0.830200907323396 [0.97392177 0.50543478 0.69662921]

 rate=50 and ii =2
Accuracy: 0.867
Macro Precision: 0.912
Macro Recall: 0.766
Macro F1-score: 0.812

[[518   0   7]
 [ 76  89   1]
 [ 19   0  65]]
              precision    recall  f1-score   support

         0.0       0.85      0.99      0.91       525
         1.0       1.00      0.54      0.70       166
         2.0       0.89      0.77      0.83        84

    accuracy                           0.87       775
   macro avg       0.91      0.77      0.81       775
weighted avg       0.88      0.87      0.86       775

1001 64.8
364 23.6
179 11.6
997 64.6
368 23.8
178 11.5
(3087, 57) (3087,) (775, 57) (775,)

semi-LabelSpread Label Accuracy: 0.742
[[997   0   0]
 [233 135   0]
 [165   0  13]]
0.7420609202851588 [1.         0.36684783 0.07303371]

 rate=50 and ii =2
Accuracy: 0.818
Macro Precision: 0.919
Macro Recall: 0.601
Macro F1-score: 0.675

[[534   0   1]
 [ 91  72   0]
 [ 49   0  28]]
              precision    recall  f1-score   support

         0.0       0.79      1.00      0.88       535
         1.0       1.00      0.44      0.61       163
         2.0       0.97      0.36      0.53        77

    accuracy                           0.82       775
   macro avg       0.92      0.60      0.67       775
weighted avg       0.85      0.82      0.79       775

1001 64.8
364 23.6
179 11.6
997 64.6
368 23.8
178 11.5
(3087, 57) (3087,) (775, 57) (1543,) (1543,)

2 order Label Accuracy: 0.828
[[957  14  26]
 [174 185   9]
 [ 38   4 136]]
0.8282566429034348 [0.95987964 0.50271739 0.76404494]

 rate=50 and ii =2
Accuracy: 0.859
Macro Precision: 0.890
Macro Recall: 0.762
Macro F1-score: 0.803

[[511   4   8]
 [ 76  88   2]
 [ 19   0  67]]
              precision    recall  f1-score   support

           0       0.84      0.98      0.91       523
           1       0.96      0.53      0.68       166
           2       0.87      0.78      0.82        86

    accuracy                           0.86       775
   macro avg       0.89      0.76      0.80       775
weighted avg       0.87      0.86      0.85       775

1001 64.8
364 23.6
179 11.6
997 64.6
368 23.8
178 11.5
(3087, 57) (3087,) (775, 57) (1543,) (1543,)

3 order Label Accuracy: 0.804
[[974   1  22]
 [223 136   9]
 [ 47   0 131]]
0.8042773817239145 [0.97693079 0.36956522 0.73595506]

 rate=50 and ii =2
Accuracy: 0.848
Macro Precision: 0.903
Macro Recall: 0.733
Macro F1-score: 0.778

[[518   0   7]
 [ 89  72   2]
 [ 20   0  67]]
              precision    recall  f1-score   support

           0       0.83      0.99      0.90       525
           1       1.00      0.44      0.61       163
           2       0.88      0.77      0.82        87

    accuracy                           0.85       775
   macro avg       0.90      0.73      0.78       775
weighted avg       0.87      0.85      0.83       775

1001 64.8
364 23.6
179 11.6
997 64.6
368 23.8
178 11.5
(3087, 57) (3087,) (775, 57) (1543,) (1543,)

4 order Label Accuracy: 0.826
[[975   7  15]
 [181 179   8]
 [ 55   2 121]]
0.8263123784834737 [0.9779338  0.48641304 0.67977528]

 rate=50 and ii =2
Accuracy: 0.865
Macro Precision: 0.911
Macro Recall: 0.760
Macro F1-score: 0.809

[[517   1   6]
 [ 77  89   1]
 [ 20   0  64]]
              precision    recall  f1-score   support

           0       0.84      0.99      0.91       524
           1       0.99      0.53      0.69       167
           2       0.90      0.76      0.83        84

    accuracy                           0.86       775
   macro avg       0.91      0.76      0.81       775
weighted avg       0.88      0.86      0.85       775

Time(sec):  7.769742399999999

nodes = range(self.m)
range(0, 8)
Graph with 8 nodes and 0 edges
3 1545 8
L
[[1 1 1 ... 1 1 1]
 [1 1 1 ... 1 1 1]
 [1 1 1 ... 1 1 1]
 ...
 [2 1 3 ... 1 3 3]
 [3 1 3 ... 1 3 3]
 [1 1 3 ... 1 3 3]]
L_ind
[[1. 0. 0. ... 1. 0. 0.]
 [1. 0. 0. ... 1. 0. 0.]
 [1. 0. 0. ... 1. 0. 0.]
 ...
 [0. 1. 0. ... 0. 0. 1.]
 [0. 0. 1. ... 0. 0. 1.]
 [1. 0. 0. ... 0. 0. 1.]]
3 1542 8
L
[[2 1 1 ... 1 1 1]
 [1 1 1 ... 1 1 1]
 [1 1 1 ... 1 1 1]
 ...
 [3 3 3 ... 1 3 1]
 [3 1 3 ... 1 1 1]
 [1 1 1 ... 1 3 3]]
L_ind
[[0. 1. 0. ... 1. 0. 0.]
 [1. 0. 0. ... 1. 0. 0.]
 [1. 0. 0. ... 1. 0. 0.]
 ...
 [0. 0. 1. ... 1. 0. 0.]
 [0. 0. 1. ... 1. 0. 0.]
 [1. 0. 0. ... 0. 0. 1.]]
1001 64.8
367 23.8
177 11.5
997 64.7
365 23.7
180 11.7
(3087, 57) (3087,) (775, 57) (775,)

 SNO Accuracy: 0.776
[[837  94  66]
 [134 213  18]
 [ 24   9 147]]

 rate=50 and ii =3
Accuracy: 0.849
Macro Precision: 0.862
Macro Recall: 0.763
Macro F1-score: 0.790

[[500   6  11]
 [ 78  85   6]
 [ 16   0  73]]
              precision    recall  f1-score   support

           0       0.84      0.97      0.90       517
           1       0.93      0.50      0.65       169
           2       0.81      0.82      0.82        89

    accuracy                           0.85       775
   macro avg       0.86      0.76      0.79       775
weighted avg       0.86      0.85      0.84       775

1001 64.8
367 23.8
177 11.5
997 64.7
365 23.7
180 11.7
(3087, 57) (3087,) (775, 57) (775,)

semi-SelfTrain Label Accuracy: 0.835
[[973  13  11]
 [166 184  15]
 [ 46   3 131]]
0.8352788586251622 [0.97592778 0.50410959 0.72777778]

 rate=50 and ii =3
Accuracy: 0.849
Macro Precision: 0.887
Macro Recall: 0.741
Macro F1-score: 0.785

[[514   4   7]
 [ 84  79   2]
 [ 20   0  65]]
              precision    recall  f1-score   support

         0.0       0.83      0.98      0.90       525
         1.0       0.95      0.48      0.64       165
         2.0       0.88      0.76      0.82        85

    accuracy                           0.85       775
   macro avg       0.89      0.74      0.78       775
weighted avg       0.86      0.85      0.83       775

1001 64.8
367 23.8
177 11.5
997 64.7
365 23.7
180 11.7
(3087, 57) (3087,) (775, 57) (775,)

semi-LabelSpread Label Accuracy: 0.743
[[997   0   0]
 [233 132   0]
 [164   0  16]]
0.7425421530479897 [1.         0.36164384 0.08888889]

 rate=50 and ii =3
Accuracy: 0.800
Macro Precision: 0.925
Macro Recall: 0.561
Macro F1-score: 0.631

[[536   0   0]
 [103  60   0]
 [ 52   0  24]]
              precision    recall  f1-score   support

         0.0       0.78      1.00      0.87       536
         1.0       1.00      0.37      0.54       163
         2.0       1.00      0.32      0.48        76

    accuracy                           0.80       775
   macro avg       0.93      0.56      0.63       775
weighted avg       0.84      0.80      0.76       775

1001 64.8
367 23.8
177 11.5
997 64.7
365 23.7
180 11.7
(3087, 57) (3087,) (775, 57) (1542,) (1542,)

2 order Label Accuracy: 0.837
[[973  13  11]
 [168 183  14]
 [ 43   2 135]]
0.8372243839169909 [0.97592778 0.50136986 0.75      ]

 rate=50 and ii =3
Accuracy: 0.849
Macro Precision: 0.888
Macro Recall: 0.742
Macro F1-score: 0.784

[[514   3   7]
 [ 85  77   3]
 [ 19   0  67]]
              precision    recall  f1-score   support

           0       0.83      0.98      0.90       524
           1       0.96      0.47      0.63       165
           2       0.87      0.78      0.82        86

    accuracy                           0.85       775
   macro avg       0.89      0.74      0.78       775
weighted avg       0.86      0.85      0.83       775

1001 64.8
367 23.8
177 11.5
997 64.7
365 23.7
180 11.7
(3087, 57) (3087,) (775, 57) (1542,) (1542,)

3 order Label Accuracy: 0.758
[[928  59  10]
 [219 130  16]
 [ 42  27 111]]
0.75810635538262 [0.93079238 0.35616438 0.61666667]

 rate=50 and ii =3
Accuracy: 0.841
Macro Precision: 0.887
Macro Recall: 0.721
Macro F1-score: 0.765

[[517   1   7]
 [ 90  71   3]
 [ 21   1  64]]
              precision    recall  f1-score   support

           0       0.82      0.98      0.90       525
           1       0.97      0.43      0.60       164
           2       0.86      0.74      0.80        86

    accuracy                           0.84       775
   macro avg       0.89      0.72      0.77       775
weighted avg       0.86      0.84      0.82       775

1001 64.8
367 23.8
177 11.5
997 64.7
365 23.7
180 11.7
(3087, 57) (3087,) (775, 57) (1542,) (1542,)

4 order Label Accuracy: 0.839
[[974  16   7]
 [165 186  14]
 [ 44   3 133]]
0.8385214007782101 [0.97693079 0.50958904 0.73888889]

 rate=50 and ii =3
Accuracy: 0.850
Macro Precision: 0.894
Macro Recall: 0.736
Macro F1-score: 0.782

[[518   2   6]
 [ 84  78   3]
 [ 21   0  63]]
              precision    recall  f1-score   support

           0       0.83      0.98      0.90       526
           1       0.97      0.47      0.64       165
           2       0.88      0.75      0.81        84

    accuracy                           0.85       775
   macro avg       0.89      0.74      0.78       775
weighted avg       0.87      0.85      0.84       775

Time(sec):  8.0014948
nodes = range(self.m)
range(0, 8)
Graph with 8 nodes and 0 edges
3 1543 8
L
[[1 1 1 ... 1 1 1]
 [1 1 1 ... 1 1 1]
 [1 1 1 ... 1 1 1]
 ...
 [3 1 3 ... 3 3 3]
 [1 1 3 ... 3 3 3]
 [1 1 3 ... 3 3 3]]
L_ind
[[1. 0. 0. ... 1. 0. 0.]
 [1. 0. 0. ... 1. 0. 0.]
 [1. 0. 0. ... 1. 0. 0.]
 ...
 [0. 0. 1. ... 0. 0. 1.]
 [1. 0. 0. ... 0. 0. 1.]
 [1. 0. 0. ... 0. 0. 1.]]
3 1544 8
L
[[2 1 1 ... 1 1 1]
 [1 1 1 ... 1 1 1]
 [1 1 1 ... 1 1 1]
 ...
 [1 1 1 ... 3 3 3]
 [1 1 1 ... 1 1 1]
 [2 3 3 ... 1 1 1]]
L_ind
[[0. 1. 0. ... 1. 0. 0.]
 [1. 0. 0. ... 1. 0. 0.]
 [1. 0. 0. ... 1. 0. 0.]
 ...
 [1. 0. 0. ... 0. 0. 1.]
 [1. 0. 0. ... 1. 0. 0.]
 [0. 1. 0. ... 1. 0. 0.]]
999 64.7
365 23.7
179 11.6
999 64.7
367 23.8
178 11.5
(3087, 57) (3087,) (775, 57) (775,)

 SNO Accuracy: 0.729
[[793 106 100]
 [150 195  22]
 [ 24  16 138]]

 rate=50 and ii =4
Accuracy: 0.852
Macro Precision: 0.841
Macro Recall: 0.783
Macro F1-score: 0.799

[[488  11  14]
 [ 68  96   7]
 [ 13   2  76]]
              precision    recall  f1-score   support

           0       0.86      0.95      0.90       513
           1       0.88      0.56      0.69       171
           2       0.78      0.84      0.81        91

    accuracy                           0.85       775
   macro avg       0.84      0.78      0.80       775
weighted avg       0.85      0.85      0.84       775

999 64.7
365 23.7
179 11.6
999 64.7
367 23.8
178 11.5
(3087, 57) (3087,) (775, 57) (775,)

semi-SelfTrain Label Accuracy: 0.822
[[975   9  15]
 [192 171   4]
 [ 48   7 123]]
0.8218911917098446 [0.97597598 0.46594005 0.69101124]

 rate=50 and ii =4
Accuracy: 0.853
Macro Precision: 0.899
Macro Recall: 0.741
Macro F1-score: 0.789

[[515   0   7]
 [ 84  81   1]
 [ 20   2  65]]
              precision    recall  f1-score   support

         0.0       0.83      0.99      0.90       522
         1.0       0.98      0.49      0.65       166
         2.0       0.89      0.75      0.81        87

    accuracy                           0.85       775
   macro avg       0.90      0.74      0.79       775
weighted avg       0.87      0.85      0.84       775

999 64.7
365 23.7
179 11.6
999 64.7
367 23.8
178 11.5
(3087, 57) (3087,) (775, 57) (775,)

semi-LabelSpread Label Accuracy: 0.738
[[999   0   0]
 [243 124   0]
 [161   0  17]]
0.7383419689119171 [1.         0.33787466 0.09550562]

 rate=50 and ii =4
Accuracy: 0.799
Macro Precision: 0.909
Macro Recall: 0.553
Macro F1-score: 0.618

[[534   0   1]
 [ 99  65   0]
 [ 56   0  20]]
              precision    recall  f1-score   support

         0.0       0.78      1.00      0.87       535
         1.0       1.00      0.40      0.57       164
         2.0       0.95      0.26      0.41        76

    accuracy                           0.80       775
   macro avg       0.91      0.55      0.62       775
weighted avg       0.84      0.80      0.76       775

999 64.7
365 23.7
179 11.6
999 64.7
367 23.8
178 11.5
(3087, 57) (3087,) (775, 57) (1544,) (1544,)

2 order Label Accuracy: 0.782
[[922  47  30]
 [187 169  11]
 [ 52   9 117]]
0.7823834196891192 [0.92292292 0.46049046 0.65730337]

 rate=50 and ii =4
Accuracy: 0.848
Macro Precision: 0.878
Macro Recall: 0.740
Macro F1-score: 0.784

[[507   5   7]
 [ 80  85   3]
 [ 22   1  65]]
              precision    recall  f1-score   support

           0       0.83      0.98      0.90       519
           1       0.93      0.51      0.66       168
           2       0.87      0.74      0.80        88

    accuracy                           0.85       775
   macro avg       0.88      0.74      0.78       775
weighted avg       0.86      0.85      0.83       775

999 64.7
365 23.7
179 11.6
999 64.7
367 23.8
178 11.5
(3087, 57) (3087,) (775, 57) (1544,) (1544,)

3 order Label Accuracy: 0.761
[[902  73  24]
 [204 154   9]
 [ 45  14 119]]
0.7610103626943006 [0.9029029  0.41961853 0.66853933]

 rate=50 and ii =4
Accuracy: 0.849
Macro Precision: 0.877
Macro Recall: 0.754
Macro F1-score: 0.792

[[506   7   8]
 [ 82  83   2]
 [ 18   0  69]]
              precision    recall  f1-score   support

           0       0.83      0.97      0.90       521
           1       0.92      0.50      0.65       167
           2       0.87      0.79      0.83        87

    accuracy                           0.85       775
   macro avg       0.88      0.75      0.79       775
weighted avg       0.86      0.85      0.84       775

999 64.7
365 23.7
179 11.6
999 64.7
367 23.8
178 11.5
(3087, 57) (3087,) (775, 57) (1544,) (1544,)

4 order Label Accuracy: 0.814
[[966  17  16]
 [192 171   4]
 [ 53   5 120]]
0.814119170984456 [0.96696697 0.46594005 0.6741573 ]

 rate=50 and ii =4
Accuracy: 0.855
Macro Precision: 0.902
Macro Recall: 0.749
Macro F1-score: 0.797

[[514   2   5]
 [ 84  82   1]
 [ 18   2  67]]
              precision    recall  f1-score   support

           0       0.83      0.99      0.90       521
           1       0.95      0.49      0.65       167
           2       0.92      0.77      0.84        87

    accuracy                           0.86       775
   macro avg       0.90      0.75      0.80       775
weighted avg       0.87      0.86      0.84       775

Time(sec):  8.0792588
nodes = range(self.m)
range(0, 8)
Graph with 8 nodes and 0 edges
3 1544 8
L
[[1 1 1 ... 1 1 1]
 [1 1 1 ... 1 1 1]
 [1 1 1 ... 1 1 1]
 ...
 [3 1 3 ... 1 3 3]
 [1 1 3 ... 1 3 3]
 [1 1 3 ... 1 3 3]]
L_ind
[[1. 0. 0. ... 1. 0. 0.]
 [1. 0. 0. ... 1. 0. 0.]
 [1. 0. 0. ... 1. 0. 0.]
 ...
 [0. 0. 1. ... 0. 0. 1.]
 [1. 0. 0. ... 0. 0. 1.]
 [1. 0. 0. ... 0. 0. 1.]]
3 1543 8
L
[[1 1 3 ... 1 1 1]
 [1 1 1 ... 1 1 1]
 [1 1 1 ... 1 1 1]
 ...
 [1 1 1 ... 1 1 1]
 [2 1 2 ... 1 1 1]
 [1 1 1 ... 1 3 3]]
L_ind
[[1. 0. 0. ... 1. 0. 0.]
 [1. 0. 0. ... 1. 0. 0.]
 [1. 0. 0. ... 1. 0. 0.]
 ...
 [1. 0. 0. ... 1. 0. 0.]
 [0. 1. 0. ... 1. 0. 0.]
 [1. 0. 0. ... 0. 0. 1.]]
999 64.7
367 23.8
178 11.5
999 64.7
365 23.7
179 11.6
(3087, 57) (3087,) (775, 57) (775,)

 SNO Accuracy: 0.781
[[855  79  65]
 [143 205  17]
 [ 24  10 145]]

 rate=50 and ii =5
Accuracy: 0.852
Macro Precision: 0.841
Macro Recall: 0.772
Macro F1-score: 0.793

[[494  10  13]
 [ 67  95   7]
 [ 16   2  71]]
              precision    recall  f1-score   support

           0       0.86      0.96      0.90       517
           1       0.89      0.56      0.69       169
           2       0.78      0.80      0.79        89

    accuracy                           0.85       775
   macro avg       0.84      0.77      0.79       775
weighted avg       0.85      0.85      0.84       775

999 64.7
367 23.8
178 11.5
999 64.7
365 23.7
179 11.6
(3087, 57) (3087,) (775, 57) (775,)

semi-SelfTrain Label Accuracy: 0.832
[[979   8  12]
 [175 181   9]
 [ 53   2 124]]
0.8321451717433571 [0.97997998 0.49589041 0.69273743]

 rate=50 and ii =5
Accuracy: 0.859
Macro Precision: 0.895
Macro Recall: 0.753
Macro F1-score: 0.799

[[513   2   6]
 [ 76  89   3]
 [ 21   1  64]]
              precision    recall  f1-score   support

         0.0       0.84      0.98      0.91       521
         1.0       0.97      0.53      0.68       168
         2.0       0.88      0.74      0.81        86

    accuracy                           0.86       775
   macro avg       0.90      0.75      0.80       775
weighted avg       0.87      0.86      0.85       775

999 64.7
367 23.8
178 11.5
999 64.7
365 23.7
179 11.6
(3087, 57) (3087,) (775, 57) (775,)

semi-LabelSpread Label Accuracy: 0.742
[[999   0   0]
 [231 134   0]
 [167   0  12]]
0.7420609202851588 [1.         0.36712329 0.06703911]

 rate=50 and ii =5
Accuracy: 0.814
Macro Precision: 0.929
Macro Recall: 0.583
Macro F1-score: 0.653

[[532   0   0]
 [ 89  77   0]
 [ 55   0  22]]
              precision    recall  f1-score   support

         0.0       0.79      1.00      0.88       532
         1.0       1.00      0.46      0.63       166
         2.0       1.00      0.29      0.44        77

    accuracy                           0.81       775
   macro avg       0.93      0.58      0.65       775
weighted avg       0.85      0.81      0.78       775

999 64.7
367 23.8
178 11.5
999 64.7
365 23.7
179 11.6
(3087, 57) (3087,) (775, 57) (1543,) (1543,)

2 order Label Accuracy: 0.806
[[975  11  13]
 [219 137   9]
 [ 43   4 132]]
0.8062216461438756 [0.97597598 0.37534247 0.73743017]

 rate=50 and ii =5
Accuracy: 0.852
Macro Precision: 0.896
Macro Recall: 0.741
Macro F1-score: 0.784

[[516   0   6]
 [ 85  78   4]
 [ 19   1  66]]
              precision    recall  f1-score   support

           0       0.83      0.99      0.90       522
           1       0.99      0.47      0.63       167
           2       0.87      0.77      0.81        86

    accuracy                           0.85       775
   macro avg       0.90      0.74      0.78       775
weighted avg       0.87      0.85      0.84       775

999 64.7
367 23.8
178 11.5
999 64.7
365 23.7
179 11.6
(3087, 57) (3087,) (775, 57) (1543,) (1543,)

3 order Label Accuracy: 0.835
[[983   7   9]
 [184 175   6]
 [ 46   2 131]]
0.8353856124432922 [0.98398398 0.47945205 0.73184358]

 rate=50 and ii =5
Accuracy: 0.858
Macro Precision: 0.902
Macro Recall: 0.752
Macro F1-score: 0.797

[[515   0   7]
 [ 81  84   2]
 [ 19   1  66]]
              precision    recall  f1-score   support

           0       0.84      0.99      0.91       522
           1       0.99      0.50      0.67       167
           2       0.88      0.77      0.82        86

    accuracy                           0.86       775
   macro avg       0.90      0.75      0.80       775
weighted avg       0.87      0.86      0.84       775

999 64.7
367 23.8
178 11.5
999 64.7
365 23.7
179 11.6
(3087, 57) (3087,) (775, 57) (1543,) (1543,)

4 order Label Accuracy: 0.835
[[983   7   9]
 [184 174   7]
 [ 46   2 131]]
0.8347375243033053 [0.98398398 0.47671233 0.73184358]

 rate=50 and ii =5
Accuracy: 0.858
Macro Precision: 0.899
Macro Recall: 0.756
Macro F1-score: 0.799

[[514   1   7]
 [ 81  84   2]
 [ 18   1  67]]
              precision    recall  f1-score   support

           0       0.84      0.98      0.91       522
           1       0.98      0.50      0.66       167
           2       0.88      0.78      0.83        86

    accuracy                           0.86       775
   macro avg       0.90      0.76      0.80       775
weighted avg       0.87      0.86      0.84       775

Time(sec):  7.943237000000001
nodes = range(self.m)
range(0, 8)
Graph with 8 nodes and 0 edges
3 1543 8
L
[[1 1 1 ... 1 1 1]
 [1 1 1 ... 1 1 1]
 [1 1 1 ... 1 1 1]
 ...
 [3 3 3 ... 1 3 2]
 [1 1 3 ... 3 3 3]
 [1 1 3 ... 3 3 3]]
L_ind
[[1. 0. 0. ... 1. 0. 0.]
 [1. 0. 0. ... 1. 0. 0.]
 [1. 0. 0. ... 1. 0. 0.]
 ...
 [0. 0. 1. ... 0. 1. 0.]
 [1. 0. 0. ... 0. 0. 1.]
 [1. 0. 0. ... 0. 0. 1.]]
3 1544 8
L
[[2 1 1 ... 1 1 1]
 [1 1 1 ... 1 1 1]
 [1 1 1 ... 1 1 1]
 ...
 [1 3 3 ... 3 3 3]
 [3 1 3 ... 1 1 1]
 [1 1 3 ... 1 3 3]]
L_ind
[[0. 1. 0. ... 1. 0. 0.]
 [1. 0. 0. ... 1. 0. 0.]
 [1. 0. 0. ... 1. 0. 0.]
 ...
 [1. 0. 0. ... 0. 0. 1.]
 [0. 0. 1. ... 1. 0. 0.]
 [1. 0. 0. ... 0. 0. 1.]]
998 64.7
366 23.7
179 11.6
1000 64.8
366 23.7
178 11.5
(3087, 57) (3087,) (775, 57) (775,)

 SNO Accuracy: 0.756
[[825  92  83]
 [148 199  19]
 [ 20  14 144]]

 rate=50 and ii =6
Accuracy: 0.845
Macro Precision: 0.849
Macro Recall: 0.769
Macro F1-score: 0.790

[[492  10  12]
 [ 77  89   6]
 [ 15   0  74]]
              precision    recall  f1-score   support

           0       0.84      0.96      0.90       514
           1       0.90      0.52      0.66       172
           2       0.80      0.83      0.82        89

    accuracy                           0.85       775
   macro avg       0.85      0.77      0.79       775
weighted avg       0.85      0.85      0.83       775

998 64.7
366 23.7
179 11.6
1000 64.8
366 23.7
178 11.5
(3087, 57) (3087,) (775, 57) (775,)

semi-SelfTrain Label Accuracy: 0.829
[[982   5  13]
 [188 169   9]
 [ 49   0 129]]
0.8290155440414507 [0.982      0.46174863 0.7247191 ]

 rate=50 and ii =6
Accuracy: 0.849
Macro Precision: 0.901
Macro Recall: 0.738
Macro F1-score: 0.785

[[514   1   6]
 [ 87  80   2]
 [ 21   0  64]]
              precision    recall  f1-score   support

         0.0       0.83      0.99      0.90       521
         1.0       0.99      0.47      0.64       169
         2.0       0.89      0.75      0.82        85

    accuracy                           0.85       775
   macro avg       0.90      0.74      0.78       775
weighted avg       0.87      0.85      0.83       775

998 64.7
366 23.7
179 11.6
1000 64.8
366 23.7
178 11.5
(3087, 57) (3087,) (775, 57) (775,)

semi-LabelSpread Label Accuracy: 0.745
[[1000    0    0]
 [ 233  133    0]
 [ 160    0   18]]
0.7454663212435233 [1.         0.36338798 0.1011236 ]

 rate=50 and ii =6
Accuracy: 0.812
Macro Precision: 0.928
Macro Recall: 0.600
Macro F1-score: 0.674

[[530   0   0]
 [ 99  69   0]
 [ 47   0  30]]
              precision    recall  f1-score   support

         0.0       0.78      1.00      0.88       530
         1.0       1.00      0.41      0.58       168
         2.0       1.00      0.39      0.56        77

    accuracy                           0.81       775
   macro avg       0.93      0.60      0.67       775
weighted avg       0.85      0.81      0.78       775

998 64.7
366 23.7
179 11.6
1000 64.8
366 23.7
178 11.5
(3087, 57) (3087,) (775, 57) (1544,) (1544,)

2 order Label Accuracy: 0.815
[[945  34  21]
 [174 181  11]
 [ 36   9 133]]
0.8154145077720207 [0.945      0.49453552 0.74719101]

 rate=50 and ii =6
Accuracy: 0.848
Macro Precision: 0.888
Macro Recall: 0.746
Macro F1-score: 0.787

[[507   3   8]
 [ 85  82   2]
 [ 20   0  68]]
              precision    recall  f1-score   support

           0       0.83      0.98      0.90       518
           1       0.96      0.49      0.65       169
           2       0.87      0.77      0.82        88

    accuracy                           0.85       775
   macro avg       0.89      0.75      0.79       775
weighted avg       0.86      0.85      0.83       775

998 64.7
366 23.7
179 11.6
1000 64.8
366 23.7
178 11.5
(3087, 57) (3087,) (775, 57) (1544,) (1544,)

3 order Label Accuracy: 0.830
[[978   7  15]
 [186 172   8]
 [ 44   2 132]]
0.8303108808290155 [0.978      0.46994536 0.74157303]

 rate=50 and ii =6
Accuracy: 0.846
Macro Precision: 0.894
Macro Recall: 0.739
Macro F1-score: 0.784

[[509   2   7]
 [ 87  81   2]
 [ 21   0  66]]
              precision    recall  f1-score   support

           0       0.82      0.98      0.90       518
           1       0.98      0.48      0.64       170
           2       0.88      0.76      0.81        87

    accuracy                           0.85       775
   macro avg       0.89      0.74      0.78       775
weighted avg       0.86      0.85      0.83       775

998 64.7
366 23.7
179 11.6
1000 64.8
366 23.7
178 11.5
(3087, 57) (3087,) (775, 57) (1544,) (1544,)

4 order Label Accuracy: 0.784
[[922  59  19]
 [192 162  12]
 [ 42   9 127]]
0.7843264248704663 [0.922      0.44262295 0.71348315]

 rate=50 and ii =6
Accuracy: 0.850
Macro Precision: 0.887
Macro Recall: 0.754
Macro F1-score: 0.792

[[508   4   6]
 [ 86  81   3]
 [ 16   1  70]]
              precision    recall  f1-score   support

           0       0.83      0.98      0.90       518
           1       0.94      0.48      0.63       170
           2       0.89      0.80      0.84        87

    accuracy                           0.85       775
   macro avg       0.89      0.75      0.79       775
weighted avg       0.86      0.85      0.84       775

Time(sec):  7.9172690999999995
nodes = range(self.m)
range(0, 8)
Graph with 8 nodes and 0 edges
3 1544 8
L
[[1 1 1 ... 1 1 1]
 [1 1 1 ... 1 1 1]
 [1 1 1 ... 1 1 1]
 ...
 [3 3 3 ... 1 3 1]
 [1 1 3 ... 1 3 3]
 [1 1 3 ... 1 3 3]]
L_ind
[[1. 0. 0. ... 1. 0. 0.]
 [1. 0. 0. ... 1. 0. 0.]
 [1. 0. 0. ... 1. 0. 0.]
 ...
 [0. 0. 1. ... 1. 0. 0.]
 [1. 0. 0. ... 0. 0. 1.]
 [1. 0. 0. ... 0. 0. 1.]]
3 1543 8
L
[[2 1 3 ... 1 1 1]
 [1 1 1 ... 1 1 1]
 [1 1 1 ... 1 1 1]
 ...
 [1 1 2 ... 1 1 1]
 [3 1 3 ... 1 1 1]
 [3 1 3 ... 1 3 3]]
L_ind
[[0. 1. 0. ... 1. 0. 0.]
 [1. 0. 0. ... 1. 0. 0.]
 [1. 0. 0. ... 1. 0. 0.]
 ...
 [1. 0. 0. ... 1. 0. 0.]
 [0. 0. 1. ... 1. 0. 0.]
 [0. 0. 1. ... 0. 0. 1.]]
1000 64.8
366 23.7
178 11.5
998 64.7
366 23.7
179 11.6
(3087, 57) (3087,) (775, 57) (775,)

 SNO Accuracy: 0.782
[[868  67  63]
 [153 195  18]
 [ 25  11 143]]

 rate=50 and ii =7
Accuracy: 0.854
Macro Precision: 0.862
Macro Recall: 0.779
Macro F1-score: 0.806

[[493  10  12]
 [ 72  94   3]
 [ 16   0  75]]
              precision    recall  f1-score   support

           0       0.85      0.96      0.90       515
           1       0.90      0.56      0.69       169
           2       0.83      0.82      0.83        91

    accuracy                           0.85       775
   macro avg       0.86      0.78      0.81       775
weighted avg       0.86      0.85      0.85       775

1000 64.8
366 23.7
178 11.5
998 64.7
366 23.7
179 11.6
(3087, 57) (3087,) (775, 57) (775,)

semi-SelfTrain Label Accuracy: 0.830
[[978   7  13]
 [178 173  15]
 [ 48   2 129]]
0.829552819183409 [0.97995992 0.4726776  0.72067039]

 rate=50 and ii =7
Accuracy: 0.862
Macro Precision: 0.897
Macro Recall: 0.761
Macro F1-score: 0.806

[[513   3   7]
 [ 75  89   2]
 [ 20   0  66]]
              precision    recall  f1-score   support

         0.0       0.84      0.98      0.91       523
         1.0       0.97      0.54      0.69       166
         2.0       0.88      0.77      0.82        86

    accuracy                           0.86       775
   macro avg       0.90      0.76      0.81       775
weighted avg       0.87      0.86      0.85       775

1000 64.8
366 23.7
178 11.5
998 64.7
366 23.7
179 11.6
(3087, 57) (3087,) (775, 57) (775,)

semi-LabelSpread Label Accuracy: 0.743
[[998   0   0]
 [234 132   0]
 [163   0  16]]
0.7427090084251459 [1.         0.36065574 0.08938547]

 rate=50 and ii =7
Accuracy: 0.817
Macro Precision: 0.930
Macro Recall: 0.599
Macro F1-score: 0.674

[[533   0   0]
 [ 92  72   0]
 [ 50   0  28]]
              precision    recall  f1-score   support

         0.0       0.79      1.00      0.88       533
         1.0       1.00      0.44      0.61       164
         2.0       1.00      0.36      0.53        78

    accuracy                           0.82       775
   macro avg       0.93      0.60      0.67       775
weighted avg       0.86      0.82      0.79       775

1000 64.8
366 23.7
178 11.5
998 64.7
366 23.7
179 11.6
(3087, 57) (3087,) (775, 57) (1543,) (1543,)

2 order Label Accuracy: 0.826
[[970  14  14]
 [182 173  11]
 [ 43   4 132]]
0.8263123784834737 [0.97194389 0.4726776  0.73743017]

 rate=50 and ii =7
Accuracy: 0.861
Macro Precision: 0.892
Macro Recall: 0.768
Macro F1-score: 0.807

[[508   3   9]
 [ 76  89   2]
 [ 18   0  70]]
              precision    recall  f1-score   support

           0       0.84      0.98      0.91       520
           1       0.97      0.53      0.69       167
           2       0.86      0.80      0.83        88

    accuracy                           0.86       775
   macro avg       0.89      0.77      0.81       775
weighted avg       0.87      0.86      0.85       775

1000 64.8
366 23.7
178 11.5
998 64.7
366 23.7
179 11.6
(3087, 57) (3087,) (775, 57) (1543,) (1543,)

3 order Label Accuracy: 0.831
[[975  11  12]
 [178 177  11]
 [ 45   4 130]]
0.830848995463383 [0.97695391 0.48360656 0.72625698]

 rate=50 and ii =7
Accuracy: 0.861
Macro Precision: 0.899
Macro Recall: 0.755
Macro F1-score: 0.802

[[513   1   7]
 [ 76  89   2]
 [ 21   1  65]]
              precision    recall  f1-score   support

           0       0.84      0.98      0.91       521
           1       0.98      0.53      0.69       167
           2       0.88      0.75      0.81        87

    accuracy                           0.86       775
   macro avg       0.90      0.75      0.80       775
weighted avg       0.87      0.86      0.85       775

1000 64.8
366 23.7
178 11.5
998 64.7
366 23.7
179 11.6
(3087, 57) (3087,) (775, 57) (1543,) (1543,)

4 order Label Accuracy: 0.832
[[980   6  12]
 [182 174  10]
 [ 46   3 130]]
0.8321451717433571 [0.98196393 0.47540984 0.72625698]

 rate=50 and ii =7
Accuracy: 0.862
Macro Precision: 0.903
Macro Recall: 0.759
Macro F1-score: 0.804

[[515   1   7]
 [ 77  87   2]
 [ 20   0  66]]
              precision    recall  f1-score   support

           0       0.84      0.98      0.91       523
           1       0.99      0.52      0.69       166
           2       0.88      0.77      0.82        86

    accuracy                           0.86       775
   macro avg       0.90      0.76      0.80       775
weighted avg       0.88      0.86      0.85       775

Time(sec):  8.063653899999998
nodes = range(self.m)
range(0, 8)
Graph with 8 nodes and 0 edges
3 1541 8
L
[[1 1 1 ... 1 1 1]
 [1 1 1 ... 1 1 1]
 [1 1 1 ... 1 1 1]
 ...
 [3 1 3 ... 1 3 3]
 [3 1 3 ... 3 3 3]
 [1 1 3 ... 3 3 3]]
L_ind
[[1. 0. 0. ... 1. 0. 0.]
 [1. 0. 0. ... 1. 0. 0.]
 [1. 0. 0. ... 1. 0. 0.]
 ...
 [0. 0. 1. ... 0. 0. 1.]
 [0. 0. 1. ... 0. 0. 1.]
 [1. 0. 0. ... 0. 0. 1.]]
3 1546 8
L
[[2 1 1 ... 1 1 1]
 [1 1 1 ... 1 1 1]
 [2 1 1 ... 1 1 1]
 ...
 [1 3 3 ... 1 1 1]
 [3 3 1 ... 3 1 3]
 [3 1 3 ... 1 1 1]]
L_ind
[[0. 1. 0. ... 1. 0. 0.]
 [1. 0. 0. ... 1. 0. 0.]
 [0. 1. 0. ... 1. 0. 0.]
 ...
 [1. 0. 0. ... 1. 0. 0.]
 [0. 0. 1. ... 0. 0. 1.]
 [0. 0. 1. ... 1. 0. 0.]]
998 64.8
366 23.8
177 11.5
1000 64.7
366 23.7
180 11.6
(3087, 57) (3087,) (775, 57) (775,)

 SNO Accuracy: 0.730
[[786 117  97]
 [138 193  35]
 [ 22   8 150]]

 rate=50 and ii =9
Accuracy: 0.837
Macro Precision: 0.831
Macro Recall: 0.762
Macro F1-score: 0.776

[[489  11  14]
 [ 78  84   9]
 [ 14   0  76]]
              precision    recall  f1-score   support

           0       0.84      0.95      0.89       514
           1       0.88      0.49      0.63       171
           2       0.77      0.84      0.80        90

    accuracy                           0.84       775
   macro avg       0.83      0.76      0.78       775
weighted avg       0.84      0.84      0.83       775

998 64.8
366 23.8
177 11.5
1000 64.7
366 23.7
180 11.6
(3087, 57) (3087,) (775, 57) (775,)

semi-SelfTrain Label Accuracy: 0.820
[[964  15  21]
 [169 176  21]
 [ 51   1 128]]
0.8201811125485123 [0.964      0.48087432 0.71111111]

 rate=50 and ii =9
Accuracy: 0.849
Macro Precision: 0.895
Macro Recall: 0.743
Macro F1-score: 0.786

[[511   2   6]
 [ 86  80   3]
 [ 20   0  67]]
              precision    recall  f1-score   support

         0.0       0.83      0.98      0.90       519
         1.0       0.98      0.47      0.64       169
         2.0       0.88      0.77      0.82        87

    accuracy                           0.85       775
   macro avg       0.90      0.74      0.79       775
weighted avg       0.87      0.85      0.83       775

998 64.8
366 23.8
177 11.5
1000 64.7
366 23.7
180 11.6
(3087, 57) (3087,) (775, 57) (775,)

semi-LabelSpread Label Accuracy: 0.739
[[1000    0    0]
 [ 236  130    0]
 [ 168    0   12]]
0.7386804657179818 [1.         0.35519126 0.06666667]

 rate=50 and ii =9
Accuracy: 0.801
Macro Precision: 0.925
Macro Recall: 0.569
Macro F1-score: 0.639

[[532   0   0]
 [101  64   0]
 [ 53   0  25]]
              precision    recall  f1-score   support

         0.0       0.78      1.00      0.87       532
         1.0       1.00      0.39      0.56       165
         2.0       1.00      0.32      0.49        78

    accuracy                           0.80       775
   macro avg       0.93      0.57      0.64       775
weighted avg       0.85      0.80      0.77       775

998 64.8
366 23.8
177 11.5
1000 64.7
366 23.7
180 11.6
(3087, 57) (3087,) (775, 57) (1546,) (1546,)

2 order Label Accuracy: 0.825
[[961  14  25]
 [170 175  21]
 [ 40   1 139]]
0.8247089262613195 [0.961      0.47814208 0.77222222]

 rate=50 and ii =9
Accuracy: 0.848
Macro Precision: 0.893
Macro Recall: 0.747
Macro F1-score: 0.785

[[509   1   8]
 [ 88  78   3]
 [ 18   0  70]]
              precision    recall  f1-score   support

           0       0.83      0.98      0.90       518
           1       0.99      0.46      0.63       169
           2       0.86      0.80      0.83        88

    accuracy                           0.85       775
   macro avg       0.89      0.75      0.79       775
weighted avg       0.87      0.85      0.83       775

998 64.8
366 23.8
177 11.5
1000 64.7
366 23.7
180 11.6
(3087, 57) (3087,) (775, 57) (1546,) (1546,)

3 order Label Accuracy: 0.807
[[976   6  18]
 [206 139  21]
 [ 47   1 132]]
0.8065976714100905 [0.976      0.37978142 0.73333333]

 rate=50 and ii =9
Accuracy: 0.845
Macro Precision: 0.899
Macro Recall: 0.734
Macro F1-score: 0.773

[[518   0   6]
 [ 93  68   4]
 [ 17   0  69]]
              precision    recall  f1-score   support

           0       0.82      0.99      0.90       524
           1       1.00      0.41      0.58       165
           2       0.87      0.80      0.84        86

    accuracy                           0.85       775
   macro avg       0.90      0.73      0.77       775
weighted avg       0.87      0.85      0.83       775

998 64.8
366 23.8
177 11.5
1000 64.7
366 23.7
180 11.6
(3087, 57) (3087,) (775, 57) (1546,) (1546,)

4 order Label Accuracy: 0.823
[[976   8  16]
 [173 172  21]
 [ 54   1 125]]
0.8234152652005174 [0.976      0.46994536 0.69444444]

 rate=50 and ii =9
Accuracy: 0.848
Macro Precision: 0.894
Macro Recall: 0.741
Macro F1-score: 0.784

[[513   2   6]
 [ 88  78   3]
 [ 19   0  66]]
              precision    recall  f1-score   support

           0       0.83      0.98      0.90       521
           1       0.97      0.46      0.63       169
           2       0.88      0.78      0.82        85

    accuracy                           0.85       775
   macro avg       0.89      0.74      0.78       775
weighted avg       0.87      0.85      0.83       775

Time(sec):  8.169310300000001
nodes = range(self.m)
range(0, 8)
Graph with 8 nodes and 0 edges
3 1545 8
L
[[2 1 1 ... 1 1 1]
 [1 1 1 ... 1 1 1]
 [2 1 1 ... 1 1 1]
 ...
 [3 1 3 ... 1 3 1]
 [3 1 3 ... 1 3 3]
 [2 1 3 ... 3 3 3]]
L_ind
[[0. 1. 0. ... 1. 0. 0.]
 [1. 0. 0. ... 1. 0. 0.]
 [0. 1. 0. ... 1. 0. 0.]
 ...
 [0. 0. 1. ... 1. 0. 0.]
 [0. 0. 1. ... 0. 0. 1.]
 [0. 1. 0. ... 0. 0. 1.]]
3 1542 8
L
[[2 1 1 ... 1 1 1]
 [1 1 1 ... 1 1 1]
 [2 1 1 ... 1 1 1]
 ...
 [1 1 3 ... 1 1 1]
 [3 3 3 ... 1 2 1]
 [1 1 1 ... 3 3 3]]
L_ind
[[0. 1. 0. ... 1. 0. 0.]
 [1. 0. 0. ... 1. 0. 0.]
 [0. 1. 0. ... 1. 0. 0.]
 ...
 [1. 0. 0. ... 1. 0. 0.]
 [0. 0. 1. ... 1. 0. 0.]
 [1. 0. 0. ... 0. 0. 1.]]
999 64.7
367 23.8
179 11.6
999 64.8
365 23.7
178 11.5
(3087, 57) (3087,) (775, 57) (775,)

 SNO Accuracy: 0.747
[[822  94  83]
 [156 186  23]
 [ 22  12 144]]

 rate=50 and ii =10
Accuracy: 0.846
Macro Precision: 0.852
Macro Recall: 0.770
Macro F1-score: 0.794

[[492  11  12]
 [ 77  88   4]
 [ 15   0  76]]
              precision    recall  f1-score   support

           0       0.84      0.96      0.90       515
           1       0.89      0.52      0.66       169
           2       0.83      0.84      0.83        91

    accuracy                           0.85       775
   macro avg       0.85      0.77      0.79       775
weighted avg       0.85      0.85      0.84       775

999 64.7
367 23.8
179 11.6
999 64.8
365 23.7
178 11.5
(3087, 57) (3087,) (775, 57) (775,)

semi-SelfTrain Label Accuracy: 0.819
[[982   4  13]
 [197 160   8]
 [ 56   1 121]]
0.8190661478599222 [0.98298298 0.43835616 0.67977528]

 rate=50 and ii =10
Accuracy: 0.850
Macro Precision: 0.898
Macro Recall: 0.742
Macro F1-score: 0.789

[[512   2   7]
 [ 85  83   1]
 [ 21   0  64]]
              precision    recall  f1-score   support

         0.0       0.83      0.98      0.90       521
         1.0       0.98      0.49      0.65       169
         2.0       0.89      0.75      0.82        85

    accuracy                           0.85       775
   macro avg       0.90      0.74      0.79       775
weighted avg       0.87      0.85      0.84       775

999 64.7
367 23.8
179 11.6
999 64.8
365 23.7
178 11.5
(3087, 57) (3087,) (775, 57) (775,)

semi-LabelSpread Label Accuracy: 0.733
[[999   0   0]
 [246 119   0]
 [166   0  12]]
0.7328145265888456 [1.         0.3260274  0.06741573]

 rate=50 and ii =10
Accuracy: 0.808
Macro Precision: 0.927
Macro Recall: 0.570
Macro F1-score: 0.638

[[533   0   0]
 [ 94  72   0]
 [ 55   0  21]]
              precision    recall  f1-score   support

         0.0       0.78      1.00      0.88       533
         1.0       1.00      0.43      0.61       166
         2.0       1.00      0.28      0.43        76

    accuracy                           0.81       775
   macro avg       0.93      0.57      0.64       775
weighted avg       0.85      0.81      0.78       775

999 64.7
367 23.8
179 11.6
999 64.8
365 23.7
178 11.5
(3087, 57) (3087,) (775, 57) (1542,) (1542,)

2 order Label Accuracy: 0.796
[[960  24  15]
 [208 154   3]
 [ 61   4 113]]
0.7957198443579766 [0.96096096 0.42191781 0.63483146]

 rate=50 and ii =10
Accuracy: 0.848
Macro Precision: 0.896
Macro Recall: 0.736
Macro F1-score: 0.785

[[512   3   6]
 [ 86  83   1]
 [ 22   0  62]]
              precision    recall  f1-score   support

           0       0.83      0.98      0.90       521
           1       0.97      0.49      0.65       170
           2       0.90      0.74      0.81        84

    accuracy                           0.85       775
   macro avg       0.90      0.74      0.79       775
weighted avg       0.86      0.85      0.83       775

999 64.7
367 23.8
179 11.6
999 64.8
365 23.7
178 11.5
(3087, 57) (3087,) (775, 57) (1542,) (1542,)

3 order Label Accuracy: 0.794
[[971   8  20]
 [227 128  10]
 [ 49   4 125]]
0.7937743190661478 [0.97197197 0.35068493 0.70224719]

 rate=50 and ii =10
Accuracy: 0.845
Macro Precision: 0.881
Macro Recall: 0.733
Macro F1-score: 0.776

[[514   1   9]
 [ 88  78   1]
 [ 18   3  63]]
              precision    recall  f1-score   support

           0       0.83      0.98      0.90       524
           1       0.95      0.47      0.63       167
           2       0.86      0.75      0.80        84

    accuracy                           0.85       775
   macro avg       0.88      0.73      0.78       775
weighted avg       0.86      0.85      0.83       775

999 64.7
367 23.8
179 11.6
999 64.8
365 23.7
178 11.5
(3087, 57) (3087,) (775, 57) (1542,) (1542,)

4 order Label Accuracy: 0.811
[[974  12  13]
 [204 153   8]
 [ 52   2 124]]
0.811284046692607 [0.97497497 0.41917808 0.69662921]

 rate=50 and ii =10
Accuracy: 0.852
Macro Precision: 0.903
Macro Recall: 0.747
Macro F1-score: 0.794

[[513   3   5]
 [ 87  81   1]
 [ 19   0  66]]
              precision    recall  f1-score   support

           0       0.83      0.98      0.90       521
           1       0.96      0.48      0.64       169
           2       0.92      0.78      0.84        85

    accuracy                           0.85       775
   macro avg       0.90      0.75      0.79       775
weighted avg       0.87      0.85      0.84       775

Time(sec):  8.482476400000001
