nodes = range(self.m)
range(0, 8)
Graph with 8 nodes and 0 edges
3 1852 8
L
[[1 1 1 ... 1 1 1]
 [1 1 1 ... 1 1 1]
 [1 1 1 ... 1 1 1]
 ...
 [3 3 3 ... 1 3 3]
 [3 3 3 ... 1 3 3]
 [1 1 3 ... 1 3 3]]
L_ind
[[1. 0. 0. ... 1. 0. 0.]
 [1. 0. 0. ... 1. 0. 0.]
 [1. 0. 0. ... 1. 0. 0.]
 ...
 [0. 0. 1. ... 0. 0. 1.]
 [0. 0. 1. ... 0. 0. 1.]
 [1. 0. 0. ... 0. 0. 1.]]
3 1235 8
L
[[1 1 1 ... 1 1 1]
 [1 1 1 ... 1 1 1]
 [1 1 1 ... 1 1 1]
 ...
 [1 3 3 ... 1 3 1]
 [3 1 3 ... 1 3 3]
 [1 1 1 ... 3 3 3]]
L_ind
[[1. 0. 0. ... 1. 0. 0.]
 [1. 0. 0. ... 1. 0. 0.]
 [1. 0. 0. ... 1. 0. 0.]
 ...
 [1. 0. 0. ... 1. 0. 0.]
 [0. 0. 1. ... 0. 0. 1.]
 [1. 0. 0. ... 0. 0. 1.]]
1199 64.7
439 23.7
214 11.6
799 64.7
293 23.7
143 11.6
(3087, 57) (3087,) (775, 57) (775,)

 SNO Accuracy: 0.789
[[662  68  69]
 [ 87 194  12]
 [ 16   8 119]]

 rate=60 and ii =1
Accuracy: 0.868
Macro Precision: 0.876
Macro Recall: 0.805
Macro F1-score: 0.831

[[490  11  11]
 [ 64 110   1]
 [ 15   0  73]]
              precision    recall  f1-score   support

           0       0.86      0.96      0.91       512
           1       0.91      0.63      0.74       175
           2       0.86      0.83      0.84        88

    accuracy                           0.87       775
   macro avg       0.88      0.81      0.83       775
weighted avg       0.87      0.87      0.86       775

1199 64.7
439 23.7
214 11.6
799 64.7
293 23.7
143 11.6
(3087, 57) (3087,) (775, 57) (775,)

semi-SelfTrain Label Accuracy: 0.860
[[779  10  10]
 [106 179   8]
 [ 37   2 104]]
0.8599190283400809 [0.97496871 0.6109215  0.72727273]

 rate=60 and ii =1
Accuracy: 0.871
Macro Precision: 0.904
Macro Recall: 0.780
Macro F1-score: 0.825

[[510   6   5]
 [ 69 101   1]
 [ 19   0  64]]
              precision    recall  f1-score   support

         0.0       0.85      0.98      0.91       521
         1.0       0.94      0.59      0.73       171
         2.0       0.91      0.77      0.84        83

    accuracy                           0.87       775
   macro avg       0.90      0.78      0.82       775
weighted avg       0.88      0.87      0.86       775

1199 64.7
439 23.7
214 11.6
799 64.7
293 23.7
143 11.6
(3087, 57) (3087,) (775, 57) (775,)

semi-LabelSpread Label Accuracy: 0.764
[[799   0   0]
 [163 130   0]
 [128   0  15]]
0.7643724696356275 [1.         0.44368601 0.1048951 ]

 rate=60 and ii =1
Accuracy: 0.827
Macro Precision: 0.913
Macro Recall: 0.629
Macro F1-score: 0.702

[[529   0   2]
 [ 87  81   0]
 [ 45   0  31]]
              precision    recall  f1-score   support

         0.0       0.80      1.00      0.89       531
         1.0       1.00      0.48      0.65       168
         2.0       0.94      0.41      0.57        76

    accuracy                           0.83       775
   macro avg       0.91      0.63      0.70       775
weighted avg       0.86      0.83      0.80       775

1199 64.7
439 23.7
214 11.6
799 64.7
293 23.7
143 11.6
(3087, 57) (3087,) (775, 57) (1235,) (1235,)

2 order Label Accuracy: 0.857
[[778   9  12]
 [111 174   8]
 [ 33   4 106]]
0.8566801619433199 [0.97371715 0.59385666 0.74125874]

 rate=60 and ii =1
Accuracy: 0.874
Macro Precision: 0.907
Macro Recall: 0.787
Macro F1-score: 0.829

[[509   4   6]
 [ 69 101   1]
 [ 18   0  67]]
              precision    recall  f1-score   support

           0       0.85      0.98      0.91       519
           1       0.96      0.59      0.73       171
           2       0.91      0.79      0.84        85

    accuracy                           0.87       775
   macro avg       0.91      0.79      0.83       775
weighted avg       0.88      0.87      0.87       775

1199 64.7
439 23.7
214 11.6
799 64.7
293 23.7
143 11.6
(3087, 57) (3087,) (775, 57) (1235,) (1235,)

3 order Label Accuracy: 0.854
[[778   7  14]
 [113 171   9]
 [ 33   4 106]]
0.854251012145749 [0.97371715 0.58361775 0.74125874]

 rate=60 and ii =1
Accuracy: 0.874
Macro Precision: 0.907
Macro Recall: 0.790
Macro F1-score: 0.830

[[509   3   7]
 [ 71  98   1]
 [ 16   0  70]]
              precision    recall  f1-score   support

           0       0.85      0.98      0.91       519
           1       0.97      0.58      0.72       170
           2       0.90      0.81      0.85        86

    accuracy                           0.87       775
   macro avg       0.91      0.79      0.83       775
weighted avg       0.88      0.87      0.86       775

1199 64.7
439 23.7
214 11.6
799 64.7
293 23.7
143 11.6
(3087, 57) (3087,) (775, 57) (1235,) (1235,)

4 order Label Accuracy: 0.859
[[778  12   9]
 [105 180   8]
 [ 38   2 103]]
0.8591093117408907 [0.97371715 0.61433447 0.72027972]

 rate=60 and ii =1
Accuracy: 0.870
Macro Precision: 0.898
Macro Recall: 0.784
Macro F1-score: 0.825

[[507   7   6]
 [ 69 100   1]
 [ 18   0  67]]
              precision    recall  f1-score   support

           0       0.85      0.97      0.91       520
           1       0.93      0.59      0.72       170
           2       0.91      0.79      0.84        85

    accuracy                           0.87       775
   macro avg       0.90      0.78      0.83       775
weighted avg       0.88      0.87      0.86       775

Time(sec):  7.7690635
nodes = range(self.m)
range(0, 8)
Graph with 8 nodes and 0 edges
3 1851 8
L
[[1 1 1 ... 1 1 1]
 [1 1 1 ... 1 1 1]
 [1 1 1 ... 1 1 1]
 ...
 [3 1 3 ... 1 3 3]
 [1 1 3 ... 1 3 3]
 [1 1 3 ... 1 3 3]]
L_ind
[[1. 0. 0. ... 1. 0. 0.]
 [1. 0. 0. ... 1. 0. 0.]
 [1. 0. 0. ... 1. 0. 0.]
 ...
 [0. 0. 1. ... 0. 0. 1.]
 [1. 0. 0. ... 0. 0. 1.]
 [1. 0. 0. ... 0. 0. 1.]]
3 1236 8
L
[[2 1 1 ... 1 1 1]
 [1 1 1 ... 1 1 1]
 [1 1 1 ... 1 1 1]
 ...
 [3 3 3 ... 1 3 3]
 [1 1 1 ... 1 1 1]
 [1 1 1 ... 1 3 3]]
L_ind
[[0. 1. 0. ... 1. 0. 0.]
 [1. 0. 0. ... 1. 0. 0.]
 [1. 0. 0. ... 1. 0. 0.]
 ...
 [0. 0. 1. ... 0. 0. 1.]
 [1. 0. 0. ... 1. 0. 0.]
 [1. 0. 0. ... 0. 0. 1.]]
1199 64.7
439 23.7
214 11.6
799 64.7
293 23.7
143 11.6
(3087, 57) (3088,) (775, 57) (775,)
nodes = range(self.m)
range(0, 8)
Graph with 8 nodes and 0 edges
3 1851 8
L
[[1 1 1 ... 1 1 1]
 [1 1 1 ... 1 1 1]
 [1 1 1 ... 1 1 1]
 ...
 [3 1 3 ... 1 3 3]
 [1 1 3 ... 1 3 3]
 [1 1 3 ... 1 3 3]]
L_ind
[[1. 0. 0. ... 1. 0. 0.]
 [1. 0. 0. ... 1. 0. 0.]
 [1. 0. 0. ... 1. 0. 0.]
 ...
 [0. 0. 1. ... 0. 0. 1.]
 [1. 0. 0. ... 0. 0. 1.]
 [1. 0. 0. ... 0. 0. 1.]]
3 1236 8
L
[[2 1 1 ... 1 1 1]
 [1 1 1 ... 1 1 1]
 [1 1 1 ... 1 1 1]
 ...
 [3 3 3 ... 1 3 3]
 [1 1 1 ... 1 1 1]
 [1 1 1 ... 1 3 3]]
L_ind
[[0. 1. 0. ... 1. 0. 0.]
 [1. 0. 0. ... 1. 0. 0.]
 [1. 0. 0. ... 1. 0. 0.]
 ...
 [0. 0. 1. ... 0. 0. 1.]
 [1. 0. 0. ... 1. 0. 0.]
 [1. 0. 0. ... 0. 0. 1.]]
1199 64.8
439 23.7
213 11.5
799 64.6
293 23.7
144 11.7
(3087, 57) (3087,) (775, 57) (775,)

 SNO Accuracy: 0.759
[[668  68  63]
 [119 157  17]
 [ 24   7 113]]

 rate=60 and ii =2
Accuracy: 0.850
Macro Precision: 0.869
Macro Recall: 0.762
Macro F1-score: 0.789

[[501   3  11]
 [ 78  86   7]
 [ 17   0  72]]
              precision    recall  f1-score   support

           0       0.84      0.97      0.90       515
           1       0.97      0.50      0.66       171
           2       0.80      0.81      0.80        89

    accuracy                           0.85       775
   macro avg       0.87      0.76      0.79       775
weighted avg       0.86      0.85      0.84       775

1199 64.8
439 23.7
213 11.5
799 64.6
293 23.7
144 11.7
(3087, 57) (3087,) (775, 57) (775,)

semi-SelfTrain Label Accuracy: 0.828
[[776   7  16]
 [141 145   7]
 [ 40   1 103]]
0.8284789644012945 [0.97121402 0.49488055 0.71527778]

 rate=60 and ii =2
Accuracy: 0.853
Macro Precision: 0.894
Macro Recall: 0.757
Macro F1-score: 0.797

[[507   2   8]
 [ 84  85   2]
 [ 18   0  69]]
              precision    recall  f1-score   support

         0.0       0.83      0.98      0.90       517
         1.0       0.98      0.50      0.66       171
         2.0       0.87      0.79      0.83        87

    accuracy                           0.85       775
   macro avg       0.89      0.76      0.80       775
weighted avg       0.87      0.85      0.84       775

1199 64.8
439 23.7
213 11.5
799 64.6
293 23.7
144 11.7
(3087, 57) (3087,) (775, 57) (775,)

semi-LabelSpread Label Accuracy: 0.746
[[799   0   0]
 [182 111   0]
 [132   0  12]]
0.7459546925566343 [1.         0.37883959 0.08333333]

 rate=60 and ii =2
Accuracy: 0.814
Macro Precision: 0.908
Macro Recall: 0.603
Macro F1-score: 0.675

[[530   0   2]
 [ 95  72   0]
 [ 47   0  29]]
              precision    recall  f1-score   support

         0.0       0.79      1.00      0.88       532
         1.0       1.00      0.43      0.60       167
         2.0       0.94      0.38      0.54        76

    accuracy                           0.81       775
   macro avg       0.91      0.60      0.67       775
weighted avg       0.85      0.81      0.79       775

1199 64.8
439 23.7
213 11.5
799 64.6
293 23.7
144 11.7
(3087, 57) (3087,) (775, 57) (1236,) (1236,)

2 order Label Accuracy: 0.818
[[763  17  19]
 [141 146   6]
 [ 35   7 102]]
0.8179611650485437 [0.95494368 0.49829352 0.70833333]

 rate=60 and ii =2
Accuracy: 0.853
Macro Precision: 0.898
Macro Recall: 0.753
Macro F1-score: 0.795

[[510   1   7]
 [ 86  82   2]
 [ 17   1  69]]
              precision    recall  f1-score   support

           0       0.83      0.98      0.90       518
           1       0.98      0.48      0.65       170
           2       0.88      0.79      0.84        87

    accuracy                           0.85       775
   macro avg       0.90      0.75      0.79       775
weighted avg       0.87      0.85      0.84       775

1199 64.8
439 23.7
213 11.5
799 64.6
293 23.7
144 11.7
(3087, 57) (3087,) (775, 57) (1236,) (1236,)

3 order Label Accuracy: 0.830
[[779   8  12]
 [141 146   6]
 [ 41   2 101]]
0.8300970873786407 [0.97496871 0.49829352 0.70138889]

 rate=60 and ii =2
Accuracy: 0.854
Macro Precision: 0.902
Macro Recall: 0.754
Macro F1-score: 0.799

[[510   3   5]
 [ 85  85   1]
 [ 18   1  67]]
              precision    recall  f1-score   support

           0       0.83      0.98      0.90       518
           1       0.96      0.50      0.65       171
           2       0.92      0.78      0.84        86

    accuracy                           0.85       775
   macro avg       0.90      0.75      0.80       775
weighted avg       0.87      0.85      0.84       775

1199 64.8
439 23.7
213 11.5
799 64.6
293 23.7
144 11.7
(3087, 57) (3087,) (775, 57) (1236,) (1236,)

4 order Label Accuracy: 0.833
[[785   2  12]
 [145 142   6]
 [ 39   2 103]]
0.8333333333333334 [0.9824781  0.48464164 0.71527778]

 rate=60 and ii =2
Accuracy: 0.853
Macro Precision: 0.901
Macro Recall: 0.753
Macro F1-score: 0.798

[[510   4   4]
 [ 86  82   2]
 [ 18   0  69]]
              precision    recall  f1-score   support

           0       0.83      0.98      0.90       518
           1       0.95      0.48      0.64       170
           2       0.92      0.79      0.85        87

    accuracy                           0.85       775
   macro avg       0.90      0.75      0.80       775
weighted avg       0.87      0.85      0.84       775

Time(sec):  7.7620232
nodes = range(self.m)
range(0, 8)
Graph with 8 nodes and 0 edges
3 1852 8
L
[[2 1 1 ... 1 1 1]
 [1 1 1 ... 1 1 1]
 [1 1 1 ... 1 1 1]
 ...
 [3 3 3 ... 1 3 1]
 [3 1 3 ... 1 3 3]
 [3 1 3 ... 1 3 3]]
L_ind
[[0. 1. 0. ... 1. 0. 0.]
 [1. 0. 0. ... 1. 0. 0.]
 [1. 0. 0. ... 1. 0. 0.]
 ...
 [0. 0. 1. ... 1. 0. 0.]
 [0. 0. 1. ... 0. 0. 1.]
 [0. 0. 1. ... 0. 0. 1.]]
3 1235 8
L
[[1 1 1 ... 1 1 1]
 [1 1 1 ... 1 1 1]
 [1 1 1 ... 1 1 1]
 ...
 [3 3 3 ... 1 3 1]
 [1 1 1 ... 1 3 3]
 [1 1 1 ... 1 3 3]]
L_ind
[[1. 0. 0. ... 1. 0. 0.]
 [1. 0. 0. ... 1. 0. 0.]
 [1. 0. 0. ... 1. 0. 0.]
 ...
 [0. 0. 1. ... 1. 0. 0.]
 [1. 0. 0. ... 0. 0. 1.]
 [1. 0. 0. ... 0. 0. 1.]]
1198 64.7
440 23.8
214 11.6
800 64.8
292 23.6
143 11.6
(3087, 57) (3087,) (775, 57) (775,)

 SNO Accuracy: 0.766
[[654  75  71]
 [112 169  11]
 [ 14   6 123]]

 rate=60 and ii =3
Accuracy: 0.850
Macro Precision: 0.855
Macro Recall: 0.779
Macro F1-score: 0.803

[[490  12  12]
 [ 74  94   3]
 [ 15   0  75]]
              precision    recall  f1-score   support

           0       0.85      0.95      0.90       514
           1       0.89      0.55      0.68       171
           2       0.83      0.83      0.83        90

    accuracy                           0.85       775
   macro avg       0.86      0.78      0.80       775
weighted avg       0.85      0.85      0.84       775

1198 64.7
440 23.8
214 11.6
800 64.8
292 23.6
143 11.6
(3087, 57) (3087,) (775, 57) (775,)

semi-SelfTrain Label Accuracy: 0.840
[[775   6  19]
 [139 151   2]
 [ 31   1 111]]
0.8396761133603239 [0.96875    0.51712329 0.77622378]

 rate=60 and ii =3
Accuracy: 0.863
Macro Precision: 0.903
Macro Recall: 0.768
Macro F1-score: 0.814

[[510   5   5]
 [ 76  92   1]
 [ 19   0  67]]
              precision    recall  f1-score   support

         0.0       0.84      0.98      0.91       520
         1.0       0.95      0.54      0.69       169
         2.0       0.92      0.78      0.84        86

    accuracy                           0.86       775
   macro avg       0.90      0.77      0.81       775
weighted avg       0.87      0.86      0.85       775

1198 64.7
440 23.8
214 11.6
800 64.8
292 23.6
143 11.6
(3087, 57) (3087,) (775, 57) (775,)

semi-LabelSpread Label Accuracy: 0.758
[[800   0   0]
 [167 125   0]
 [132   0  11]]
0.7578947368421053 [1.         0.42808219 0.07692308]

 rate=60 and ii =3
Accuracy: 0.825
Macro Precision: 0.932
Macro Recall: 0.624
Macro F1-score: 0.700

[[528   0   0]
 [ 88  79   0]
 [ 48   0  32]]
              precision    recall  f1-score   support

         0.0       0.80      1.00      0.89       528
         1.0       1.00      0.47      0.64       167
         2.0       1.00      0.40      0.57        80

    accuracy                           0.82       775
   macro avg       0.93      0.62      0.70       775
weighted avg       0.86      0.82      0.80       775

1198 64.7
440 23.8
214 11.6
800 64.8
292 23.6
143 11.6
(3087, 57) (3087,) (775, 57) (1235,) (1235,)

2 order Label Accuracy: 0.834
[[764  12  24]
 [140 150   2]
 [ 25   2 116]]
0.8340080971659919 [0.955      0.51369863 0.81118881]

 rate=60 and ii =3
Accuracy: 0.862
Macro Precision: 0.892
Macro Recall: 0.771
Macro F1-score: 0.810

[[507   4   7]
 [ 75  93   3]
 [ 18   0  68]]
              precision    recall  f1-score   support

           0       0.84      0.98      0.91       518
           1       0.96      0.54      0.69       171
           2       0.87      0.79      0.83        86

    accuracy                           0.86       775
   macro avg       0.89      0.77      0.81       775
weighted avg       0.87      0.86      0.85       775

1198 64.7
440 23.8
214 11.6
800 64.8
292 23.6
143 11.6
(3087, 57) (3087,) (775, 57) (1235,) (1235,)

3 order Label Accuracy: 0.827
[[781   1  18]
 [162 129   1]
 [ 32   0 111]]
0.8267206477732794 [0.97625    0.44178082 0.77622378]

 rate=60 and ii =3
Accuracy: 0.858
Macro Precision: 0.909
Macro Recall: 0.755
Macro F1-score: 0.800

[[516   0   6]
 [ 84  82   2]
 [ 18   0  67]]
              precision    recall  f1-score   support

           0       0.83      0.99      0.91       522
           1       1.00      0.49      0.66       168
           2       0.89      0.79      0.84        85

    accuracy                           0.86       775
   macro avg       0.91      0.75      0.80       775
weighted avg       0.88      0.86      0.84       775

1198 64.7
440 23.8
214 11.6
800 64.8
292 23.6
143 11.6
(3087, 57) (3087,) (775, 57) (1235,) (1235,)

4 order Label Accuracy: 0.840
[[775   5  20]
 [143 148   1]
 [ 28   1 114]]
0.8396761133603239 [0.96875    0.50684932 0.7972028 ]

 rate=60 and ii =3
Accuracy: 0.863
Macro Precision: 0.898
Macro Recall: 0.767
Macro F1-score: 0.809

[[511   2   7]
 [ 76  91   2]
 [ 18   1  67]]
              precision    recall  f1-score   support

           0       0.84      0.98      0.91       520
           1       0.97      0.54      0.69       169
           2       0.88      0.78      0.83        86

    accuracy                           0.86       775
   macro avg       0.90      0.77      0.81       775
weighted avg       0.88      0.86      0.85       775

Time(sec):  7.792922999999999
nodes = range(self.m)
range(0, 8)
Graph with 8 nodes and 0 edges
3 1849 8
L
[[2 1 1 ... 1 1 1]
 [1 1 1 ... 1 1 1]
 [1 1 1 ... 1 1 1]
 ...
 [1 1 3 ... 1 3 3]
 [1 1 3 ... 1 3 3]
 [1 1 3 ... 1 3 3]]
L_ind
[[0. 1. 0. ... 1. 0. 0.]
 [1. 0. 0. ... 1. 0. 0.]
 [1. 0. 0. ... 1. 0. 0.]
 ...
 [1. 0. 0. ... 0. 0. 1.]
 [1. 0. 0. ... 0. 0. 1.]
 [1. 0. 0. ... 0. 0. 1.]]
3 1238 8
L
[[1 1 1 ... 1 1 1]
 [1 1 1 ... 1 1 1]
 [1 1 1 ... 1 1 1]
 ...
 [1 3 2 ... 1 1 1]
 [3 3 3 ... 3 1 3]
 [3 1 3 ... 1 1 1]]
L_ind
[[1. 0. 0. ... 1. 0. 0.]
 [1. 0. 0. ... 1. 0. 0.]
 [1. 0. 0. ... 1. 0. 0.]
 ...
 [1. 0. 0. ... 1. 0. 0.]
 [0. 0. 1. ... 0. 0. 1.]
 [0. 0. 1. ... 1. 0. 0.]]
1198 64.8
437 23.6
214 11.6
800 64.6
295 23.8
143 11.6
(3087, 57) (3087,) (775, 57) (775,)

 SNO Accuracy: 0.746
[[659  86  55]
 [122 151  22]
 [ 22   8 113]]

 rate=60 and ii =4
Accuracy: 0.850
Macro Precision: 0.858
Macro Recall: 0.773
Macro F1-score: 0.798

[[495   9  10]
 [ 77  91   5]
 [ 14   1  73]]
              precision    recall  f1-score   support

           0       0.84      0.96      0.90       514
           1       0.90      0.53      0.66       173
           2       0.83      0.83      0.83        88

    accuracy                           0.85       775
   macro avg       0.86      0.77      0.80       775
weighted avg       0.86      0.85      0.84       775

1198 64.8
437 23.6
214 11.6
800 64.6
295 23.8
143 11.6
(3087, 57) (3087,) (775, 57) (775,)

semi-SelfTrain Label Accuracy: 0.819
[[779   9  12]
 [149 136  10]
 [ 40   4  99]]
0.8190630048465266 [0.97375    0.46101695 0.69230769]

 rate=60 and ii =4
Accuracy: 0.858
Macro Precision: 0.904
Macro Recall: 0.764
Macro F1-score: 0.806

[[509   2   7]
 [ 83  86   1]
 [ 17   0  70]]
              precision    recall  f1-score   support

         0.0       0.84      0.98      0.90       518
         1.0       0.98      0.51      0.67       170
         2.0       0.90      0.80      0.85        87

    accuracy                           0.86       775
   macro avg       0.90      0.76      0.81       775
weighted avg       0.87      0.86      0.85       775

1198 64.8
437 23.6
214 11.6
800 64.6
295 23.8
143 11.6
(3087, 57) (3087,) (775, 57) (775,)

semi-LabelSpread Label Accuracy: 0.751
[[800   0   0]
 [178 117   0]
 [130   0  13]]
0.7512116316639742 [1.         0.39661017 0.09090909]

 rate=60 and ii =4
Accuracy: 0.821
Macro Precision: 0.917
Macro Recall: 0.623
Macro F1-score: 0.696

[[525   1   0]
 [ 89  78   1]
 [ 48   0  33]]
              precision    recall  f1-score   support

         0.0       0.79      1.00      0.88       526
         1.0       0.99      0.46      0.63       168
         2.0       0.97      0.41      0.57        81

    accuracy                           0.82       775
   macro avg       0.92      0.62      0.70       775
weighted avg       0.85      0.82      0.80       775

1198 64.8
437 23.6
214 11.6
800 64.6
295 23.8
143 11.6
(3087, 57) (3087,) (775, 57) (1238,) (1238,)

2 order Label Accuracy: 0.813
[[757  31  12]
 [143 145   7]
 [ 35   3 105]]
0.8134087237479806 [0.94625    0.49152542 0.73426573]

 rate=60 and ii =4
Accuracy: 0.857
Macro Precision: 0.893
Macro Recall: 0.764
Macro F1-score: 0.803

[[508   3   8]
 [ 81  87   2]
 [ 17   0  69]]
              precision    recall  f1-score   support

           0       0.84      0.98      0.90       519
           1       0.97      0.51      0.67       170
           2       0.87      0.80      0.84        86

    accuracy                           0.86       775
   macro avg       0.89      0.76      0.80       775
weighted avg       0.87      0.86      0.84       775

1198 64.8
437 23.6
214 11.6
800 64.6
295 23.8
143 11.6
(3087, 57) (3087,) (775, 57) (1238,) (1238,)

3 order Label Accuracy: 0.827
[[779  10  11]
 [145 143   7]
 [ 39   2 102]]
0.827140549273021 [0.97375    0.48474576 0.71328671]

 rate=60 and ii =4
Accuracy: 0.855
Macro Precision: 0.898
Macro Recall: 0.757
Macro F1-score: 0.799

[[511   2   7]
 [ 83  85   2]
 [ 18   0  67]]
              precision    recall  f1-score   support

           0       0.83      0.98      0.90       520
           1       0.98      0.50      0.66       170
           2       0.88      0.79      0.83        85

    accuracy                           0.86       775
   macro avg       0.90      0.76      0.80       775
weighted avg       0.87      0.86      0.84       775

1198 64.8
437 23.6
214 11.6
800 64.6
295 23.8
143 11.6
(3087, 57) (3087,) (775, 57) (1238,) (1238,)

4 order Label Accuracy: 0.826
[[784   5  11]
 [151 137   7]
 [ 39   2 102]]
0.8263327948303716 [0.98       0.46440678 0.71328671]

 rate=60 and ii =4
Accuracy: 0.854
Macro Precision: 0.901
Macro Recall: 0.753
Macro F1-score: 0.794

[[512   0   7]
 [ 85  82   3]
 [ 18   0  68]]
              precision    recall  f1-score   support

           0       0.83      0.99      0.90       519
           1       1.00      0.48      0.65       170
           2       0.87      0.79      0.83        86

    accuracy                           0.85       775
   macro avg       0.90      0.75      0.79       775
weighted avg       0.87      0.85      0.84       775

Time(sec):  7.7734113
nodes = range(self.m)
range(0, 8)
Graph with 8 nodes and 0 edges
3 1851 8
L
[[1 1 1 ... 1 1 1]
 [1 1 1 ... 1 1 1]
 [1 1 1 ... 1 1 1]
 ...
 [3 1 3 ... 1 3 1]
 [3 1 3 ... 1 3 3]
 [1 1 3 ... 1 3 3]]
L_ind
[[1. 0. 0. ... 1. 0. 0.]
 [1. 0. 0. ... 1. 0. 0.]
 [1. 0. 0. ... 1. 0. 0.]
 ...
 [0. 0. 1. ... 1. 0. 0.]
 [0. 0. 1. ... 0. 0. 1.]
 [1. 0. 0. ... 0. 0. 1.]]
3 1236 8
L
[[1 1 1 ... 1 1 1]
 [2 1 1 ... 1 1 1]
 [1 1 1 ... 1 1 1]
 ...
 [3 3 1 ... 1 1 1]
 [3 3 3 ... 1 3 1]
 [1 1 1 ... 1 3 3]]
L_ind
[[1. 0. 0. ... 1. 0. 0.]
 [0. 1. 0. ... 1. 0. 0.]
 [1. 0. 0. ... 1. 0. 0.]
 ...
 [0. 0. 1. ... 1. 0. 0.]
 [0. 0. 1. ... 1. 0. 0.]
 [1. 0. 0. ... 0. 0. 1.]]
1198 64.7
439 23.7
214 11.6
800 64.7
293 23.7
143 11.6
(3087, 57) (3087,) (775, 57) (775,)

 SNO Accuracy: 0.778
[[678  62  60]
 [111 169  13]
 [ 21   7 115]]

 rate=60 and ii =5
Accuracy: 0.859
Macro Precision: 0.864
Macro Recall: 0.780
Macro F1-score: 0.804

[[500   5  13]
 [ 69  96   6]
 [ 16   0  70]]
              precision    recall  f1-score   support

           0       0.85      0.97      0.91       518
           1       0.95      0.56      0.71       171
           2       0.79      0.81      0.80        86

    accuracy                           0.86       775
   macro avg       0.86      0.78      0.80       775
weighted avg       0.87      0.86      0.85       775

1198 64.7
439 23.7
214 11.6
800 64.7
293 23.7
143 11.6
(3087, 57) (3087,) (775, 57) (775,)

semi-SelfTrain Label Accuracy: 0.837
[[779   5  16]
 [133 156   4]
 [ 41   2 100]]
0.837378640776699 [0.97375    0.53242321 0.6993007 ]

 rate=60 and ii =5
Accuracy: 0.859
Macro Precision: 0.897
Macro Recall: 0.754
Macro F1-score: 0.800

[[512   1   8]
 [ 76  91   2]
 [ 22   0  63]]
              precision    recall  f1-score   support

         0.0       0.84      0.98      0.91       521
         1.0       0.99      0.54      0.70       169
         2.0       0.86      0.74      0.80        85

    accuracy                           0.86       775
   macro avg       0.90      0.75      0.80       775
weighted avg       0.87      0.86      0.85       775

1198 64.7
439 23.7
214 11.6
800 64.7
293 23.7
143 11.6
(3087, 57) (3087,) (775, 57) (775,)

semi-LabelSpread Label Accuracy: 0.748
[[800   0   0]
 [175 118   0]
 [136   0   7]]
0.7483818770226537 [1.         0.40273038 0.04895105]

 rate=60 and ii =5
Accuracy: 0.831
Macro Precision: 0.934
Macro Recall: 0.658
Macro F1-score: 0.732

[[528   0   0]
 [ 94  73   0]
 [ 37   0  43]]
              precision    recall  f1-score   support

         0.0       0.80      1.00      0.89       528
         1.0       1.00      0.44      0.61       167
         2.0       1.00      0.54      0.70        80

    accuracy                           0.83       775
   macro avg       0.93      0.66      0.73       775
weighted avg       0.86      0.83      0.81       775

1198 64.7
439 23.7
214 11.6
800 64.7
293 23.7
143 11.6
(3087, 57) (3087,) (775, 57) (1236,) (1236,)

2 order Label Accuracy: 0.782
[[740  42  18]
 [172 116   5]
 [ 27   5 111]]
0.7823624595469255 [0.925      0.39590444 0.77622378]

 rate=60 and ii =5
Accuracy: 0.850
Macro Precision: 0.875
Macro Recall: 0.749
Macro F1-score: 0.787

[[507   3  10]
 [ 79  87   3]
 [ 20   1  65]]
              precision    recall  f1-score   support

           0       0.84      0.97      0.90       520
           1       0.96      0.51      0.67       169
           2       0.83      0.76      0.79        86

    accuracy                           0.85       775
   macro avg       0.88      0.75      0.79       775
weighted avg       0.86      0.85      0.84       775

1198 64.7
439 23.7
214 11.6
800 64.7
293 23.7
143 11.6
(3087, 57) (3087,) (775, 57) (1236,) (1236,)

3 order Label Accuracy: 0.824
[[760  25  15]
 [142 148   3]
 [ 28   5 110]]
0.8236245954692557 [0.95       0.50511945 0.76923077]

 rate=60 and ii =5
Accuracy: 0.853
Macro Precision: 0.889
Macro Recall: 0.747
Macro F1-score: 0.790

[[512   1   9]
 [ 81  85   2]
 [ 20   1  64]]
              precision    recall  f1-score   support

           0       0.84      0.98      0.90       522
           1       0.98      0.51      0.67       168
           2       0.85      0.75      0.80        85

    accuracy                           0.85       775
   macro avg       0.89      0.75      0.79       775
weighted avg       0.87      0.85      0.84       775

1198 64.7
439 23.7
214 11.6
800 64.7
293 23.7
143 11.6
(3087, 57) (3087,) (775, 57) (1236,) (1236,)

4 order Label Accuracy: 0.785
[[746  41  13]
 [160 124   9]
 [ 36   7 100]]
0.7847896440129449 [0.9325     0.42320819 0.6993007 ]

 rate=60 and ii =5
Accuracy: 0.854
Macro Precision: 0.886
Macro Recall: 0.747
Macro F1-score: 0.790

[[514   3   7]
 [ 79  85   3]
 [ 20   1  63]]
              precision    recall  f1-score   support

           0       0.84      0.98      0.90       524
           1       0.96      0.51      0.66       167
           2       0.86      0.75      0.80        84

    accuracy                           0.85       775
   macro avg       0.89      0.75      0.79       775
weighted avg       0.87      0.85      0.84       775

Time(sec):  8.049036
nodes = range(self.m)
range(0, 8)
Graph with 8 nodes and 0 edges
3 1849 8
L
[[1 1 1 ... 1 1 1]
 [1 1 1 ... 1 1 1]
 [1 1 1 ... 1 1 1]
 ...
 [1 3 3 ... 1 3 1]
 [3 3 3 ... 1 3 1]
 [2 1 3 ... 1 3 3]]
L_ind
[[1. 0. 0. ... 1. 0. 0.]
 [1. 0. 0. ... 1. 0. 0.]
 [1. 0. 0. ... 1. 0. 0.]
 ...
 [1. 0. 0. ... 1. 0. 0.]
 [0. 0. 1. ... 1. 0. 0.]
 [0. 1. 0. ... 0. 0. 1.]]
3 1238 8
L
[[1 1 1 ... 1 1 1]
 [1 1 1 ... 2 1 1]
 [1 1 1 ... 1 1 1]
 ...
 [3 1 3 ... 1 1 1]
 [1 1 3 ... 1 3 3]
 [1 1 1 ... 1 3 3]]
L_ind
[[1. 0. 0. ... 1. 0. 0.]
 [1. 0. 0. ... 1. 0. 0.]
 [1. 0. 0. ... 1. 0. 0.]
 ...
 [0. 0. 1. ... 1. 0. 0.]
 [1. 0. 0. ... 0. 0. 1.]
 [1. 0. 0. ... 0. 0. 1.]]
1199 64.8
437 23.6
213 11.5
799 64.5
295 23.8
144 11.6
(3087, 57) (3087,) (775, 57) (775,)

 SNO Accuracy: 0.759
[[656  84  59]
 [114 172   9]
 [ 25   7 112]]

 rate=60 and ii =6
Accuracy: 0.857
Macro Precision: 0.879
Macro Recall: 0.780
Macro F1-score: 0.812

[[494   8   9]
 [ 76  96   2]
 [ 16   0  74]]
              precision    recall  f1-score   support

           0       0.84      0.97      0.90       511
           1       0.92      0.55      0.69       174
           2       0.87      0.82      0.85        90

    accuracy                           0.86       775
   macro avg       0.88      0.78      0.81       775
weighted avg       0.86      0.86      0.85       775

1199 64.8
437 23.6
213 11.5
799 64.5
295 23.8
144 11.6
(3087, 57) (3087,) (775, 57) (775,)

semi-SelfTrain Label Accuracy: 0.835
[[777   9  13]
 [134 155   6]
 [ 40   2 102]]
0.8352180936995154 [0.97246558 0.52542373 0.70833333]

 rate=60 and ii =6
Accuracy: 0.855
Macro Precision: 0.901
Macro Recall: 0.757
Macro F1-score: 0.801

[[509   2   7]
 [ 83  87   1]
 [ 19   0  67]]
              precision    recall  f1-score   support

         0.0       0.83      0.98      0.90       518
         1.0       0.98      0.51      0.67       171
         2.0       0.89      0.78      0.83        86

    accuracy                           0.86       775
   macro avg       0.90      0.76      0.80       775
weighted avg       0.87      0.86      0.84       775

1199 64.8
437 23.6
213 11.5
799 64.5
295 23.8
144 11.6
(3087, 57) (3087,) (775, 57) (775,)

semi-LabelSpread Label Accuracy: 0.755
[[799   0   0]
 [169 126   0]
 [134   0  10]]
0.7552504038772213 [1.         0.42711864 0.06944444]

 rate=60 and ii =6
Accuracy: 0.832
Macro Precision: 0.926
Macro Recall: 0.659
Macro F1-score: 0.732

[[524   0   0]
 [ 89  80   1]
 [ 40   0  41]]
              precision    recall  f1-score   support

         0.0       0.80      1.00      0.89       524
         1.0       1.00      0.47      0.64       170
         2.0       0.98      0.51      0.67        81

    accuracy                           0.83       775
   macro avg       0.93      0.66      0.73       775
weighted avg       0.86      0.83      0.81       775

1199 64.8
437 23.6
213 11.5
799 64.5
295 23.8
144 11.6
(3087, 57) (3087,) (775, 57) (1238,) (1238,)

2 order Label Accuracy: 0.827
[[764  19  16]
 [134 156   5]
 [ 38   2 104]]
0.827140549273021 [0.95619524 0.52881356 0.72222222]

 rate=60 and ii =6
Accuracy: 0.855
Macro Precision: 0.902
Macro Recall: 0.757
Macro F1-score: 0.804

[[507   4   5]
 [ 82  90   1]
 [ 20   0  66]]
              precision    recall  f1-score   support

           0       0.83      0.98      0.90       516
           1       0.96      0.52      0.67       173
           2       0.92      0.77      0.84        86

    accuracy                           0.86       775
   macro avg       0.90      0.76      0.80       775
weighted avg       0.87      0.86      0.84       775

1199 64.8
437 23.6
213 11.5
799 64.5
295 23.8
144 11.6
(3087, 57) (3087,) (775, 57) (1238,) (1238,)

3 order Label Accuracy: 0.819
[[754  33  12]
 [131 159   5]
 [ 40   3 101]]
0.8190630048465266 [0.9436796  0.53898305 0.70138889]

 rate=60 and ii =6
Accuracy: 0.852
Macro Precision: 0.901
Macro Recall: 0.752
Macro F1-score: 0.798

[[506   4   5]
 [ 85  87   1]
 [ 20   0  67]]
              precision    recall  f1-score   support

           0       0.83      0.98      0.90       515
           1       0.96      0.50      0.66       173
           2       0.92      0.77      0.84        87

    accuracy                           0.85       775
   macro avg       0.90      0.75      0.80       775
weighted avg       0.87      0.85      0.84       775

1199 64.8
437 23.6
213 11.5
799 64.5
295 23.8
144 11.6
(3087, 57) (3087,) (775, 57) (1238,) (1238,)

4 order Label Accuracy: 0.831
[[781   7  11]
 [140 152   3]
 [ 47   1  96]]
0.8311793214862682 [0.97747184 0.51525424 0.66666667]

 rate=60 and ii =6
Accuracy: 0.854
Macro Precision: 0.911
Macro Recall: 0.747
Macro F1-score: 0.797

[[512   1   5]
 [ 85  85   1]
 [ 21   0  65]]
              precision    recall  f1-score   support

           0       0.83      0.99      0.90       518
           1       0.99      0.50      0.66       171
           2       0.92      0.76      0.83        86

    accuracy                           0.85       775
   macro avg       0.91      0.75      0.80       775
weighted avg       0.87      0.85      0.84       775

Time(sec):  8.1029512
nodes = range(self.m)
range(0, 8)
Graph with 8 nodes and 0 edges
3 1853 8
L
[[2 1 1 ... 1 1 1]
 [1 1 1 ... 1 1 1]
 [1 1 1 ... 1 1 1]
 ...
 [3 3 3 ... 1 3 3]
 [3 1 3 ... 1 3 1]
 [2 1 3 ... 1 3 3]]
L_ind
[[0. 1. 0. ... 1. 0. 0.]
 [1. 0. 0. ... 1. 0. 0.]
 [1. 0. 0. ... 1. 0. 0.]
 ...
 [0. 0. 1. ... 0. 0. 1.]
 [0. 0. 1. ... 1. 0. 0.]
 [0. 1. 0. ... 0. 0. 1.]]
3 1234 8
L
[[2 1 1 ... 1 1 1]
 [1 1 1 ... 1 1 1]
 [1 1 1 ... 1 2 2]
 ...
 [3 3 3 ... 1 3 1]
 [3 1 3 ... 1 3 3]
 [1 1 1 ... 1 3 3]]
L_ind
[[0. 1. 0. ... 1. 0. 0.]
 [1. 0. 0. ... 1. 0. 0.]
 [1. 0. 0. ... 0. 1. 0.]
 ...
 [0. 0. 1. ... 1. 0. 0.]
 [0. 0. 1. ... 0. 0. 1.]
 [1. 0. 0. ... 0. 0. 1.]]
1198 64.7
440 23.7
215 11.6
800 64.8
292 23.7
142 11.5
(3087, 57) (3087,) (775, 57) (775,)

 SNO Accuracy: 0.752
[[644  86  70]
 [112 172   8]
 [ 26   4 112]]

 rate=60 and ii =7
Accuracy: 0.877
Macro Precision: 0.895
Macro Recall: 0.805
Macro F1-score: 0.835

[[504   4   9]
 [ 65 103   3]
 [ 14   0  73]]
              precision    recall  f1-score   support

           0       0.86      0.97      0.92       517
           1       0.96      0.60      0.74       171
           2       0.86      0.84      0.85        87

    accuracy                           0.88       775
   macro avg       0.90      0.81      0.84       775
weighted avg       0.89      0.88      0.87       775

1198 64.7
440 23.7
215 11.6
800 64.8
292 23.7
142 11.5
(3087, 57) (3087,) (775, 57) (775,)

semi-SelfTrain Label Accuracy: 0.849
[[782   6  12]
 [129 160   3]
 [ 35   1 106]]
0.8492706645056726 [0.9775     0.54794521 0.74647887]

 rate=60 and ii =7
Accuracy: 0.872
Macro Precision: 0.903
Macro Recall: 0.784
Macro F1-score: 0.826

[[508   3   8]
 [ 68 100   1]
 [ 19   0  68]]
              precision    recall  f1-score   support

         0.0       0.85      0.98      0.91       519
         1.0       0.97      0.59      0.74       169
         2.0       0.88      0.78      0.83        87

    accuracy                           0.87       775
   macro avg       0.90      0.78      0.83       775
weighted avg       0.88      0.87      0.86       775

1198 64.7
440 23.7
215 11.6
800 64.8
292 23.7
142 11.5
(3087, 57) (3087,) (775, 57) (775,)

semi-LabelSpread Label Accuracy: 0.756
[[800   0   0]
 [174 118   0]
 [127   0  15]]
0.7560777957860616 [1.         0.40410959 0.1056338 ]

 rate=60 and ii =7
Accuracy: 0.855
Macro Precision: 0.935
Macro Recall: 0.701
Macro F1-score: 0.774

[[526   0   0]
 [ 75  92   1]
 [ 36   0  45]]
              precision    recall  f1-score   support

         0.0       0.83      1.00      0.90       526
         1.0       1.00      0.55      0.71       168
         2.0       0.98      0.56      0.71        81

    accuracy                           0.86       775
   macro avg       0.93      0.70      0.77       775
weighted avg       0.88      0.86      0.84       775

1198 64.7
440 23.7
215 11.6
800 64.8
292 23.7
142 11.5
(3087, 57) (3087,) (775, 57) (1234,) (1234,)

2 order Label Accuracy: 0.779
[[731  47  22]
 [163 123   6]
 [ 31   4 107]]
0.7787682333873582 [0.91375    0.42123288 0.75352113]

 rate=60 and ii =7
Accuracy: 0.871
Macro Precision: 0.891
Macro Recall: 0.787
Macro F1-score: 0.823

[[506   5   8]
 [ 66 100   3]
 [ 18   0  69]]
              precision    recall  f1-score   support

           0       0.86      0.97      0.91       519
           1       0.95      0.59      0.73       169
           2       0.86      0.79      0.83        87

    accuracy                           0.87       775
   macro avg       0.89      0.79      0.82       775
weighted avg       0.88      0.87      0.86       775

1198 64.7
440 23.7
215 11.6
800 64.8
292 23.7
142 11.5
(3087, 57) (3087,) (775, 57) (1234,) (1234,)

3 order Label Accuracy: 0.738
[[713  68  19]
 [188  99   5]
 [ 35   8  99]]
0.7382495948136143 [0.89125   0.3390411 0.6971831]

 rate=60 and ii =7
Accuracy: 0.868
Macro Precision: 0.900
Macro Recall: 0.776
Macro F1-score: 0.815

[[514   1   9]
 [ 73  91   2]
 [ 17   0  68]]
              precision    recall  f1-score   support

           0       0.85      0.98      0.91       524
           1       0.99      0.55      0.71       166
           2       0.86      0.80      0.83        85

    accuracy                           0.87       775
   macro avg       0.90      0.78      0.82       775
weighted avg       0.88      0.87      0.86       775

1198 64.7
440 23.7
215 11.6
800 64.8
292 23.7
142 11.5
(3087, 57) (3087,) (775, 57) (1234,) (1234,)

4 order Label Accuracy: 0.845
[[783   6  11]
 [131 159   2]
 [ 41   0 101]]
0.8452188006482982 [0.97875    0.54452055 0.71126761]

 rate=60 and ii =7
Accuracy: 0.874
Macro Precision: 0.909
Macro Recall: 0.780
Macro F1-score: 0.826

[[509   3   6]
 [ 67 103   1]
 [ 21   0  65]]
              precision    recall  f1-score   support

           0       0.85      0.98      0.91       518
           1       0.97      0.60      0.74       171
           2       0.90      0.76      0.82        86

    accuracy                           0.87       775
   macro avg       0.91      0.78      0.83       775
weighted avg       0.88      0.87      0.87       775

Time(sec):  7.798856000000001
nodes = range(self.m)
range(0, 8)
Graph with 8 nodes and 0 edges
3 1852 8
L
[[2 1 1 ... 1 1 1]
 [1 1 1 ... 1 1 1]
 [1 1 1 ... 1 1 1]
 ...
 [2 3 3 ... 1 3 3]
 [3 3 3 ... 1 3 3]
 [3 1 3 ... 1 3 3]]
L_ind
[[0. 1. 0. ... 1. 0. 0.]
 [1. 0. 0. ... 1. 0. 0.]
 [1. 0. 0. ... 1. 0. 0.]
 ...
 [0. 1. 0. ... 0. 0. 1.]
 [0. 0. 1. ... 0. 0. 1.]
 [0. 0. 1. ... 0. 0. 1.]]
3 1235 8
L
[[1 1 1 ... 1 1 1]
 [1 1 1 ... 1 1 1]
 [1 1 1 ... 1 1 1]
 ...
 [3 1 3 ... 1 3 3]
 [1 1 1 ... 1 3 3]
 [1 1 1 ... 1 3 3]]
L_ind
[[1. 0. 0. ... 1. 0. 0.]
 [1. 0. 0. ... 1. 0. 0.]
 [1. 0. 0. ... 1. 0. 0.]
 ...
 [0. 0. 1. ... 0. 0. 1.]
 [1. 0. 0. ... 0. 0. 1.]
 [1. 0. 0. ... 0. 0. 1.]]
1199 64.7
439 23.7
214 11.6
799 64.7
293 23.7
143 11.6
(3087, 57) (3087,) (775, 57) (775,)

 SNO Accuracy: 0.776
[[671  74  54]
 [110 163  20]
 [ 15   4 124]]

 rate=60 and ii =8
Accuracy: 0.867
Macro Precision: 0.871
Macro Recall: 0.798
Macro F1-score: 0.819

[[498   7  10]
 [ 66  98   7]
 [ 13   0  76]]
              precision    recall  f1-score   support

           0       0.86      0.97      0.91       515
           1       0.93      0.57      0.71       171
           2       0.82      0.85      0.84        89

    accuracy                           0.87       775
   macro avg       0.87      0.80      0.82       775
weighted avg       0.87      0.87      0.86       775

1199 64.7
439 23.7
214 11.6
799 64.7
293 23.7
143 11.6
(3087, 57) (3087,) (775, 57) (775,)

semi-SelfTrain Label Accuracy: 0.848
[[783   5  11]
 [133 153   7]
 [ 32   0 111]]
0.8477732793522267 [0.97997497 0.5221843  0.77622378]

 rate=60 and ii =8
Accuracy: 0.865
Macro Precision: 0.894
Macro Recall: 0.769
Macro F1-score: 0.811

[[509   2   9]
 [ 72  95   2]
 [ 20   0  66]]
              precision    recall  f1-score   support

         0.0       0.85      0.98      0.91       520
         1.0       0.98      0.56      0.71       169
         2.0       0.86      0.77      0.81        86

    accuracy                           0.86       775
   macro avg       0.89      0.77      0.81       775
weighted avg       0.88      0.86      0.85       775

1199 64.7
439 23.7
214 11.6
799 64.7
293 23.7
143 11.6
(3087, 57) (3087,) (775, 57) (775,)

semi-LabelSpread Label Accuracy: 0.759
[[799   0   0]
 [173 120   0]
 [125   0  18]]
0.7587044534412956 [1.         0.40955631 0.12587413]

 rate=60 and ii =8
Accuracy: 0.840
Macro Precision: 0.928
Macro Recall: 0.654
Macro F1-score: 0.729

[[529   0   1]
 [ 79  88   0]
 [ 44   0  34]]
              precision    recall  f1-score   support

         0.0       0.81      1.00      0.90       530
         1.0       1.00      0.53      0.69       167
         2.0       0.97      0.44      0.60        78

    accuracy                           0.84       775
   macro avg       0.93      0.65      0.73       775
weighted avg       0.87      0.84      0.82       775

1199 64.7
439 23.7
214 11.6
799 64.7
293 23.7
143 11.6
(3087, 57) (3087,) (775, 57) (1235,) (1235,)

2 order Label Accuracy: 0.832
[[778  10  11]
 [138 150   5]
 [ 42   1 100]]
0.8323886639676114 [0.97371715 0.51194539 0.6993007 ]

 rate=60 and ii =8
Accuracy: 0.859
Macro Precision: 0.908
Macro Recall: 0.742
Macro F1-score: 0.797

[[517   2   4]
 [ 76  90   2]
 [ 25   0  59]]
              precision    recall  f1-score   support

           0       0.84      0.99      0.91       523
           1       0.98      0.54      0.69       168
           2       0.91      0.70      0.79        84

    accuracy                           0.86       775
   macro avg       0.91      0.74      0.80       775
weighted avg       0.87      0.86      0.85       775

1199 64.7
439 23.7
214 11.6
799 64.7
293 23.7
143 11.6
(3087, 57) (3087,) (775, 57) (1235,) (1235,)

3 order Label Accuracy: 0.849
[[787   4   8]
 [139 147   7]
 [ 28   0 115]]
0.8493927125506073 [0.98498123 0.50170648 0.8041958 ]

 rate=60 and ii =8
Accuracy: 0.865
Macro Precision: 0.902
Macro Recall: 0.765
Macro F1-score: 0.810

[[513   2   6]
 [ 75  91   2]
 [ 19   1  66]]
              precision    recall  f1-score   support

           0       0.85      0.98      0.91       521
           1       0.97      0.54      0.69       168
           2       0.89      0.77      0.82        86

    accuracy                           0.86       775
   macro avg       0.90      0.76      0.81       775
weighted avg       0.88      0.86      0.85       775

1199 64.7
439 23.7
214 11.6
799 64.7
293 23.7
143 11.6
(3087, 57) (3087,) (775, 57) (1235,) (1235,)

4 order Label Accuracy: 0.849
[[787   4   8]
 [139 147   7]
 [ 28   0 115]]
0.8493927125506073 [0.98498123 0.50170648 0.8041958 ]

 rate=60 and ii =8
Accuracy: 0.865
Macro Precision: 0.902
Macro Recall: 0.768
Macro F1-score: 0.812

[[512   2   7]
 [ 76  91   1]
 [ 18   1  67]]
              precision    recall  f1-score   support

           0       0.84      0.98      0.91       521
           1       0.97      0.54      0.69       168
           2       0.89      0.78      0.83        86

    accuracy                           0.86       775
   macro avg       0.90      0.77      0.81       775
weighted avg       0.88      0.86      0.85       775

Time(sec):  8.0092932
nodes = range(self.m)
range(0, 8)
Graph with 8 nodes and 0 edges
3 1852 8
L
[[1 1 1 ... 1 1 1]
 [1 1 1 ... 1 1 1]
 [1 1 1 ... 1 1 1]
 ...
 [3 3 3 ... 1 3 3]
 [1 1 3 ... 1 3 3]
 [2 1 3 ... 1 3 3]]
L_ind
[[1. 0. 0. ... 1. 0. 0.]
 [1. 0. 0. ... 1. 0. 0.]
 [1. 0. 0. ... 1. 0. 0.]
 ...
 [0. 0. 1. ... 0. 0. 1.]
 [1. 0. 0. ... 0. 0. 1.]
 [0. 1. 0. ... 0. 0. 1.]]
3 1235 8
L
[[1 1 1 ... 1 2 1]
 [1 1 1 ... 1 1 1]
 [1 1 1 ... 1 1 1]
 ...
 [1 1 3 ... 1 3 1]
 [3 3 1 ... 1 1 1]
 [1 1 3 ... 1 3 1]]
L_ind
[[1. 0. 0. ... 1. 0. 0.]
 [1. 0. 0. ... 1. 0. 0.]
 [1. 0. 0. ... 1. 0. 0.]
 ...
 [1. 0. 0. ... 1. 0. 0.]
 [0. 0. 1. ... 1. 0. 0.]
 [1. 0. 0. ... 1. 0. 0.]]
1199 64.7
438 23.7
215 11.6
799 64.7
294 23.8
142 11.5
(3087, 57) (3087,) (775, 57) (775,)

 SNO Accuracy: 0.736
[[620  67 112]
 [ 96 174  24]
 [ 18   9 115]]

 rate=60 and ii =9
Accuracy: 0.853
Macro Precision: 0.859
Macro Recall: 0.775
Macro F1-score: 0.799

[[494   8  11]
 [ 72  91   7]
 [ 16   0  76]]
              precision    recall  f1-score   support

           0       0.85      0.96      0.90       513
           1       0.92      0.54      0.68       170
           2       0.81      0.83      0.82        92

    accuracy                           0.85       775
   macro avg       0.86      0.77      0.80       775
weighted avg       0.86      0.85      0.84       775

1199 64.7
438 23.7
215 11.6
799 64.7
294 23.8
142 11.5
(3087, 57) (3087,) (775, 57) (775,)

semi-SelfTrain Label Accuracy: 0.845
[[784   7   8]
 [133 157   4]
 [ 38   1 103]]
0.8453441295546559 [0.98122653 0.53401361 0.72535211]

 rate=60 and ii =9
Accuracy: 0.855
Macro Precision: 0.892
Macro Recall: 0.760
Macro F1-score: 0.802

[[507   4   8]
 [ 80  89   1]
 [ 19   0  67]]
              precision    recall  f1-score   support

         0.0       0.84      0.98      0.90       519
         1.0       0.96      0.52      0.68       170
         2.0       0.88      0.78      0.83        86

    accuracy                           0.86       775
   macro avg       0.89      0.76      0.80       775
weighted avg       0.87      0.86      0.84       775

1199 64.7
438 23.7
215 11.6
799 64.7
294 23.8
142 11.5
(3087, 57) (3087,) (775, 57) (775,)

semi-LabelSpread Label Accuracy: 0.757
[[799   0   0]
 [171 123   0]
 [129   0  13]]
0.757085020242915 [1.         0.41836735 0.0915493 ]

 rate=60 and ii =9
Accuracy: 0.825
Macro Precision: 0.909
Macro Recall: 0.629
Macro F1-score: 0.702

[[527   1   2]
 [ 88  80   0]
 [ 45   0  32]]
              precision    recall  f1-score   support

         0.0       0.80      0.99      0.89       530
         1.0       0.99      0.48      0.64       168
         2.0       0.94      0.42      0.58        77

    accuracy                           0.82       775
   macro avg       0.91      0.63      0.70       775
weighted avg       0.85      0.82      0.80       775

1199 64.7
438 23.7
215 11.6
799 64.7
294 23.8
142 11.5
(3087, 57) (3087,) (775, 57) (1235,) (1235,)

2 order Label Accuracy: 0.836
[[772  19   8]
 [131 158   5]
 [ 37   2 103]]
0.8364372469635628 [0.96620776 0.53741497 0.72535211]

 rate=60 and ii =9
Accuracy: 0.861
Macro Precision: 0.903
Macro Recall: 0.760
Macro F1-score: 0.805

[[512   1   7]
 [ 79  89   1]
 [ 19   1  66]]
              precision    recall  f1-score   support

           0       0.84      0.98      0.91       520
           1       0.98      0.53      0.68       169
           2       0.89      0.77      0.82        86

    accuracy                           0.86       775
   macro avg       0.90      0.76      0.81       775
weighted avg       0.88      0.86      0.85       775

1199 64.7
438 23.7
215 11.6
799 64.7
294 23.8
142 11.5
(3087, 57) (3087,) (775, 57) (1235,) (1235,)

3 order Label Accuracy: 0.846
[[790   4   5]
 [136 152   6]
 [ 38   1 103]]
0.8461538461538461 [0.98873592 0.5170068  0.72535211]

 rate=60 and ii =9
Accuracy: 0.858
Macro Precision: 0.901
Macro Recall: 0.756
Macro F1-score: 0.800

[[514   1   8]
 [ 81  86   1]
 [ 19   0  65]]
              precision    recall  f1-score   support

           0       0.84      0.98      0.90       523
           1       0.99      0.51      0.67       168
           2       0.88      0.77      0.82        84

    accuracy                           0.86       775
   macro avg       0.90      0.76      0.80       775
weighted avg       0.87      0.86      0.85       775

1199 64.7
438 23.7
215 11.6
799 64.7
294 23.8
142 11.5
(3087, 57) (3087,) (775, 57) (1235,) (1235,)

4 order Label Accuracy: 0.845
[[790   4   5]
 [135 154   5]
 [ 41   2  99]]
0.8445344129554656 [0.98873592 0.52380952 0.6971831 ]

 rate=60 and ii =9
Accuracy: 0.861
Macro Precision: 0.902
Macro Recall: 0.762
Macro F1-score: 0.805

[[512   1   7]
 [ 79  90   2]
 [ 19   0  65]]
              precision    recall  f1-score   support

           0       0.84      0.98      0.91       520
           1       0.99      0.53      0.69       171
           2       0.88      0.77      0.82        84

    accuracy                           0.86       775
   macro avg       0.90      0.76      0.81       775
weighted avg       0.88      0.86      0.85       775

Time(sec):  7.629389100000001
nodes = range(self.m)
range(0, 8)
Graph with 8 nodes and 0 edges
3 1850 8
L
[[2 1 1 ... 1 1 1]
 [1 1 1 ... 1 1 1]
 [1 1 1 ... 1 1 1]
 ...
 [1 1 3 ... 1 3 1]
 [3 3 3 ... 1 3 1]
 [1 1 3 ... 3 3 3]]
L_ind
[[0. 1. 0. ... 1. 0. 0.]
 [1. 0. 0. ... 1. 0. 0.]
 [1. 0. 0. ... 1. 0. 0.]
 ...
 [1. 0. 0. ... 1. 0. 0.]
 [0. 0. 1. ... 1. 0. 0.]
 [1. 0. 0. ... 0. 0. 1.]]
3 1237 8
L
[[2 1 1 ... 1 1 1]
 [1 1 1 ... 1 1 1]
 [1 1 1 ... 1 1 1]
 ...
 [3 1 3 ... 1 1 1]
 [3 1 3 ... 1 3 3]
 [1 1 1 ... 3 3 3]]
L_ind
[[0. 1. 0. ... 1. 0. 0.]
 [1. 0. 0. ... 1. 0. 0.]
 [1. 0. 0. ... 1. 0. 0.]
 ...
 [0. 0. 1. ... 1. 0. 0.]
 [0. 0. 1. ... 0. 0. 1.]
 [1. 0. 0. ... 0. 0. 1.]]
1199 64.8
437 23.6
214 11.6
799 64.6
295 23.8
143 11.6
(3087, 57) (3087,) (775, 57) (775,)

 SNO Accuracy: 0.753
[[646  77  76]
 [106 170  19]
 [ 16  11 116]]

 rate=60 and ii =10
Accuracy: 0.848
Macro Precision: 0.846
Macro Recall: 0.772
Macro F1-score: 0.794

[[488  10  12]
 [ 72  96   7]
 [ 16   1  73]]
              precision    recall  f1-score   support

           0       0.85      0.96      0.90       510
           1       0.90      0.55      0.68       175
           2       0.79      0.81      0.80        90

    accuracy                           0.85       775
   macro avg       0.85      0.77      0.79       775
weighted avg       0.85      0.85      0.84       775

1199 64.8
437 23.6
214 11.6
799 64.6
295 23.8
143 11.6
(3087, 57) (3087,) (775, 57) (775,)

semi-SelfTrain Label Accuracy: 0.826
[[770   9  20]
 [136 155   4]
 [ 44   2  97]]
0.826192400970089 [0.96370463 0.52542373 0.67832168]

 rate=60 and ii =10
Accuracy: 0.848
Macro Precision: 0.880
Macro Recall: 0.740
Macro F1-score: 0.785

[[507   5   7]
 [ 80  86   3]
 [ 23   0  64]]
              precision    recall  f1-score   support

         0.0       0.83      0.98      0.90       519
         1.0       0.95      0.51      0.66       169
         2.0       0.86      0.74      0.80        87

    accuracy                           0.85       775
   macro avg       0.88      0.74      0.78       775
weighted avg       0.86      0.85      0.83       775

1199 64.8
437 23.6
214 11.6
799 64.6
295 23.8
143 11.6
(3087, 57) (3087,) (775, 57) (775,)

semi-LabelSpread Label Accuracy: 0.759
[[799   0   0]
 [169 126   0]
 [129   0  14]]
0.7590945836701698 [1.         0.42711864 0.0979021 ]

 rate=60 and ii =10
Accuracy: 0.830
Macro Precision: 0.914
Macro Recall: 0.647
Macro F1-score: 0.719

[[527   0   1]
 [ 88  78   1]
 [ 41   1  38]]
              precision    recall  f1-score   support

         0.0       0.80      1.00      0.89       528
         1.0       0.99      0.47      0.63       167
         2.0       0.95      0.47      0.63        80

    accuracy                           0.83       775
   macro avg       0.91      0.65      0.72       775
weighted avg       0.86      0.83      0.81       775

1199 64.8
437 23.6
214 11.6
799 64.6
295 23.8
143 11.6
(3087, 57) (3087,) (775, 57) (1237,) (1237,)

2 order Label Accuracy: 0.813
[[761  14  24]
 [159 131   5]
 [ 27   2 114]]
0.8132578819725141 [0.95244055 0.4440678  0.7972028 ]

 rate=60 and ii =10
Accuracy: 0.848
Macro Precision: 0.882
Macro Recall: 0.746
Macro F1-score: 0.787

[[509   6   6]
 [ 84  80   3]
 [ 19   0  68]]
              precision    recall  f1-score   support

           0       0.83      0.98      0.90       521
           1       0.93      0.48      0.63       167
           2       0.88      0.78      0.83        87

    accuracy                           0.85       775
   macro avg       0.88      0.75      0.79       775
weighted avg       0.86      0.85      0.83       775

1199 64.8
437 23.6
214 11.6
799 64.6
295 23.8
143 11.6
(3087, 57) (3087,) (775, 57) (1237,) (1237,)

3 order Label Accuracy: 0.827
[[759  22  18]
 [135 155   5]
 [ 30   4 109]]
0.8270008084074374 [0.94993742 0.52542373 0.76223776]

 rate=60 and ii =10
Accuracy: 0.855
Macro Precision: 0.891
Macro Recall: 0.758
Macro F1-score: 0.799

[[509   3   8]
 [ 80  87   2]
 [ 19   0  67]]
              precision    recall  f1-score   support

           0       0.84      0.98      0.90       520
           1       0.97      0.51      0.67       169
           2       0.87      0.78      0.82        86

    accuracy                           0.86       775
   macro avg       0.89      0.76      0.80       775
weighted avg       0.87      0.86      0.84       775

1199 64.8
437 23.6
214 11.6
799 64.6
295 23.8
143 11.6
(3087, 57) (3087,) (775, 57) (1237,) (1237,)

4 order Label Accuracy: 0.839
[[772   9  18]
 [135 155   5]
 [ 32   0 111]]
0.8391269199676638 [0.96620776 0.52542373 0.77622378]

 rate=60 and ii =10
Accuracy: 0.857
Macro Precision: 0.896
Macro Recall: 0.758
Macro F1-score: 0.802

[[510   4   6]
 [ 80  87   2]
 [ 19   0  67]]
              precision    recall  f1-score   support

           0       0.84      0.98      0.90       520
           1       0.96      0.51      0.67       169
           2       0.89      0.78      0.83        86

    accuracy                           0.86       775
   macro avg       0.90      0.76      0.80       775
weighted avg       0.87      0.86      0.84       775

Time(sec):  7.797979499999999
