nodes = range(self.m)
range(0, 8)
Graph with 8 nodes and 0 edges
3 2159 8
L
[[2 1 1 ... 1 1 1]
 [1 1 1 ... 1 1 1]
 [2 1 1 ... 1 1 1]
 ...
 [3 3 3 ... 3 3 3]
 [3 1 3 ... 1 3 3]
 [1 1 3 ... 1 3 3]]
L_ind
[[0. 1. 0. ... 1. 0. 0.]
 [1. 0. 0. ... 1. 0. 0.]
 [0. 1. 0. ... 1. 0. 0.]
 ...
 [0. 0. 1. ... 0. 0. 1.]
 [0. 0. 1. ... 0. 0. 1.]
 [1. 0. 0. ... 0. 0. 1.]]
3 928 8
L
[[1 1 2 ... 1 2 1]
 [2 1 1 ... 1 1 1]
 [1 1 1 ... 1 1 1]
 ...
 [1 1 1 ... 2 1 1]
 [1 1 2 ... 1 2 2]
 [1 1 2 ... 1 2 1]]
L_ind
[[1. 0. 0. ... 1. 0. 0.]
 [0. 1. 0. ... 1. 0. 0.]
 [1. 0. 0. ... 1. 0. 0.]
 ...
 [1. 0. 0. ... 1. 0. 0.]
 [1. 0. 0. ... 0. 1. 0.]
 [1. 0. 0. ... 1. 0. 0.]]
1399 64.8
511 23.7
249 11.5
599 64.5
221 23.8
108 11.6
(3087, 57) (3087,) (775, 57) (775,)

 SNO Accuracy: 0.794
[[516  47  36]
 [ 70 144   7]
 [ 24   7  77]]

 rate=70 and ii =1
Accuracy: 0.871
Macro Precision: 0.890
Macro Recall: 0.792
Macro F1-score: 0.825

[[503   4   9]
 [ 68  99   3]
 [ 15   1  73]]
              precision    recall  f1-score   support

           0       0.86      0.97      0.91       516
           1       0.95      0.58      0.72       170
           2       0.86      0.82      0.84        89

    accuracy                           0.87       775
   macro avg       0.89      0.79      0.82       775
weighted avg       0.88      0.87      0.86       775

1399 64.8
511 23.7
249 11.5
599 64.5
221 23.8
108 11.6
(3087, 57) (3087,) (775, 57) (775,)

semi-SelfTrain Label Accuracy: 0.848
[[589   4   6]
 [ 84 131   6]
 [ 39   2  67]]
0.8480603448275862 [0.98330551 0.59276018 0.62037037]

 rate=70 and ii =1
Accuracy: 0.871
Macro Precision: 0.912
Macro Recall: 0.775
Macro F1-score: 0.822

[[512   2   5]
 [ 72  97   1]
 [ 19   1  66]]
              precision    recall  f1-score   support

         0.0       0.85      0.99      0.91       519
         1.0       0.97      0.57      0.72       170
         2.0       0.92      0.77      0.84        86

    accuracy                           0.87       775
   macro avg       0.91      0.77      0.82       775
weighted avg       0.88      0.87      0.86       775

1399 64.8
511 23.7
249 11.5
599 64.5
221 23.8
108 11.6
(3087, 57) (3087,) (775, 57) (775,)

semi-LabelSpread Label Accuracy: 0.773
[[599   0   0]
 [115 106   0]
 [ 96   0  12]]
0.7726293103448276 [1.         0.47963801 0.11111111]

 rate=70 and ii =1
Accuracy: 0.858
Macro Precision: 0.915
Macro Recall: 0.735
Macro F1-score: 0.794

[[518   1   4]
 [ 78  90   0]
 [ 26   1  57]]
              precision    recall  f1-score   support

         0.0       0.83      0.99      0.90       523
         1.0       0.98      0.54      0.69       168
         2.0       0.93      0.68      0.79        84

    accuracy                           0.86       775
   macro avg       0.92      0.73      0.79       775
weighted avg       0.88      0.86      0.85       775

1399 64.8
511 23.7
249 11.5
599 64.5
221 23.8
108 11.6
(3087, 57) (3087,) (775, 57) (928,) (928,)

2 order Label Accuracy: 0.848
[[584   8   7]
 [ 86 131   4]
 [ 34   2  72]]
0.8480603448275862 [0.97495826 0.59276018 0.66666667]

 rate=70 and ii =1
Accuracy: 0.875
Macro Precision: 0.913
Macro Recall: 0.787
Macro F1-score: 0.830

[[510   1   7]
 [ 70  99   1]
 [ 18   0  69]]
              precision    recall  f1-score   support

           0       0.85      0.98      0.91       518
           1       0.99      0.58      0.73       170
           2       0.90      0.79      0.84        87

    accuracy                           0.87       775
   macro avg       0.91      0.79      0.83       775
weighted avg       0.89      0.87      0.87       775

1399 64.8
511 23.7
249 11.5
599 64.5
221 23.8
108 11.6
(3087, 57) (3087,) (775, 57) (928,) (928,)

3 order Label Accuracy: 0.837
[[576  16   7]
 [ 88 129   4]
 [ 34   2  72]]
0.8372844827586207 [0.96160267 0.58371041 0.66666667]

 rate=70 and ii =1
Accuracy: 0.868
Macro Precision: 0.904
Macro Recall: 0.779
Macro F1-score: 0.820

[[509   2   8]
 [ 73  96   1]
 [ 18   0  68]]
              precision    recall  f1-score   support

           0       0.85      0.98      0.91       519
           1       0.98      0.56      0.72       170
           2       0.88      0.79      0.83        86

    accuracy                           0.87       775
   macro avg       0.90      0.78      0.82       775
weighted avg       0.88      0.87      0.86       775

1399 64.8
511 23.7
249 11.5
599 64.5
221 23.8
108 11.6
(3087, 57) (3087,) (775, 57) (928,) (928,)

4 order Label Accuracy: 0.852
[[591   2   6]
 [ 90 128   3]
 [ 36   0  72]]
0.8523706896551724 [0.98664441 0.57918552 0.66666667]

 rate=70 and ii =1
Accuracy: 0.872
Macro Precision: 0.909
Macro Recall: 0.783
Macro F1-score: 0.826

[[510   2   7]
 [ 71  98   1]
 [ 18   0  68]]
              precision    recall  f1-score   support

           0       0.85      0.98      0.91       519
           1       0.98      0.58      0.73       170
           2       0.89      0.79      0.84        86

    accuracy                           0.87       775
   macro avg       0.91      0.78      0.83       775
weighted avg       0.88      0.87      0.86       775

Time(sec):  7.754089700000001
nodes = range(self.m)
range(0, 8)
Graph with 8 nodes and 0 edges
3 2160 8
L
[[1 1 1 ... 1 1 1]
 [1 1 1 ... 1 1 1]
 [2 1 1 ... 1 1 1]
 ...
 [3 1 3 ... 1 3 3]
 [1 1 3 ... 1 3 3]
 [1 1 3 ... 1 3 3]]
L_ind
[[1. 0. 0. ... 1. 0. 0.]
 [1. 0. 0. ... 1. 0. 0.]
 [0. 1. 0. ... 1. 0. 0.]
 ...
 [0. 0. 1. ... 0. 0. 1.]
 [1. 0. 0. ... 0. 0. 1.]
 [1. 0. 0. ... 0. 0. 1.]]
3 927 8
L
[[2 1 1 ... 1 1 1]
 [1 1 1 ... 1 1 1]
 [1 1 1 ... 1 1 1]
 ...
 [2 1 1 ... 1 1 1]
 [2 1 2 ... 1 1 1]
 [2 3 2 ... 1 2 2]]
L_ind
[[0. 1. 0. ... 1. 0. 0.]
 [1. 0. 0. ... 1. 0. 0.]
 [1. 0. 0. ... 1. 0. 0.]
 ...
 [0. 1. 0. ... 1. 0. 0.]
 [0. 1. 0. ... 1. 0. 0.]
 [0. 1. 0. ... 0. 1. 0.]]
1398 64.7
511 23.7
251 11.6
600 64.7
221 23.8
106 11.4
(3087, 57) (3087,) (775, 57) (775,)

 SNO Accuracy: 0.777
[[493  58  49]
 [ 68 145   8]
 [ 14  10  82]]

 rate=70 and ii =2
Accuracy: 0.874
Macro Precision: 0.890
Macro Recall: 0.797
Macro F1-score: 0.829

[[501   4  10]
 [ 64 104   3]
 [ 17   0  72]]
              precision    recall  f1-score   support

           0       0.86      0.97      0.91       515
           1       0.96      0.61      0.75       171
           2       0.85      0.81      0.83        89

    accuracy                           0.87       775
   macro avg       0.89      0.80      0.83       775
weighted avg       0.88      0.87      0.87       775

1398 64.7
511 23.7
251 11.6
600 64.7
221 23.8
106 11.4
(3087, 57) (3087,) (775, 57) (775,)

semi-SelfTrain Label Accuracy: 0.862
[[586   5   9]
 [ 81 138   2]
 [ 29   2  75]]
0.8619201725997843 [0.97666667 0.62443439 0.70754717]

 rate=70 and ii =2
Accuracy: 0.875
Macro Precision: 0.907
Macro Recall: 0.790
Macro F1-score: 0.831

[[507   2   8]
 [ 68 102   1]
 [ 18   0  69]]
              precision    recall  f1-score   support

         0.0       0.85      0.98      0.91       517
         1.0       0.98      0.60      0.74       171
         2.0       0.88      0.79      0.84        87

    accuracy                           0.87       775
   macro avg       0.91      0.79      0.83       775
weighted avg       0.89      0.87      0.87       775

1398 64.7
511 23.7
251 11.6
600 64.7
221 23.8
106 11.4
(3087, 57) (3087,) (775, 57) (775,)

semi-LabelSpread Label Accuracy: 0.769
[[600   0   0]
 [117 104   0]
 [ 97   0   9]]
0.7691477885652643 [1.         0.47058824 0.08490566]

 rate=70 and ii =2
Accuracy: 0.855
Macro Precision: 0.919
Macro Recall: 0.721
Macro F1-score: 0.785

[[520   0   3]
 [ 78  91   1]
 [ 30   0  52]]
              precision    recall  f1-score   support

         0.0       0.83      0.99      0.90       523
         1.0       1.00      0.54      0.70       170
         2.0       0.93      0.63      0.75        82

    accuracy                           0.86       775
   macro avg       0.92      0.72      0.78       775
weighted avg       0.88      0.86      0.84       775

1398 64.7
511 23.7
251 11.6
600 64.7
221 23.8
106 11.4
(3087, 57) (3087,) (775, 57) (927,) (927,)

2 order Label Accuracy: 0.847
[[582   9   9]
 [ 86 132   3]
 [ 26   9  71]]
0.8468176914778857 [0.97       0.59728507 0.66981132]

 rate=70 and ii =2
Accuracy: 0.871
Macro Precision: 0.898
Macro Recall: 0.787
Macro F1-score: 0.826

[[505   5   7]
 [ 68 100   2]
 [ 18   0  70]]
              precision    recall  f1-score   support

           0       0.85      0.98      0.91       517
           1       0.95      0.59      0.73       170
           2       0.89      0.80      0.84        88

    accuracy                           0.87       775
   macro avg       0.90      0.79      0.83       775
weighted avg       0.88      0.87      0.86       775

1398 64.7
511 23.7
251 11.6
600 64.7
221 23.8
106 11.4
(3087, 57) (3087,) (775, 57) (927,) (927,)

3 order Label Accuracy: 0.838
[[570  21   9]
 [ 80 136   5]
 [ 26   9  71]]
0.8381877022653722 [0.95       0.61538462 0.66981132]

 rate=70 and ii =2
Accuracy: 0.876
Macro Precision: 0.907
Macro Recall: 0.797
Macro F1-score: 0.836

[[506   5   6]
 [ 68 101   1]
 [ 16   0  72]]
              precision    recall  f1-score   support

           0       0.86      0.98      0.91       517
           1       0.95      0.59      0.73       170
           2       0.91      0.82      0.86        88

    accuracy                           0.88       775
   macro avg       0.91      0.80      0.84       775
weighted avg       0.88      0.88      0.87       775

1398 64.7
511 23.7
251 11.6
600 64.7
221 23.8
106 11.4
(3087, 57) (3087,) (775, 57) (927,) (927,)

4 order Label Accuracy: 0.859
[[586   7   7]
 [ 82 136   3]
 [ 29   3  74]]
0.8586839266450917 [0.97666667 0.61538462 0.69811321]

 rate=70 and ii =2
Accuracy: 0.872
Macro Precision: 0.903
Macro Recall: 0.787
Macro F1-score: 0.828

[[506   3   8]
 [ 69 101   1]
 [ 18   0  69]]
              precision    recall  f1-score   support

           0       0.85      0.98      0.91       517
           1       0.97      0.59      0.73       171
           2       0.88      0.79      0.84        87

    accuracy                           0.87       775
   macro avg       0.90      0.79      0.83       775
weighted avg       0.88      0.87      0.86       775

Time(sec):  7.724942100000001

nodes = range(self.m)
range(0, 8)
Graph with 8 nodes and 0 edges
3 2162 8
L
[[1 1 1 ... 1 1 1]
 [1 1 1 ... 1 1 1]
 [1 1 1 ... 1 1 1]
 ...
 [1 1 3 ... 1 3 3]
 [1 1 3 ... 1 3 3]
 [2 1 3 ... 1 3 3]]
L_ind
[[1. 0. 0. ... 1. 0. 0.]
 [1. 0. 0. ... 1. 0. 0.]
 [1. 0. 0. ... 1. 0. 0.]
 ...
 [1. 0. 0. ... 0. 0. 1.]
 [1. 0. 0. ... 0. 0. 1.]
 [0. 1. 0. ... 0. 0. 1.]]
3 925 8
L
[[2 1 3 ... 1 1 1]
 [1 1 1 ... 1 1 1]
 [1 1 2 ... 1 2 1]
 ...
 [3 3 3 ... 1 1 1]
 [1 3 3 ... 1 1 1]
 [1 1 2 ... 1 2 1]]
L_ind
[[0. 1. 0. ... 1. 0. 0.]
 [1. 0. 0. ... 1. 0. 0.]
 [1. 0. 0. ... 1. 0. 0.]
 ...
 [0. 0. 1. ... 1. 0. 0.]
 [1. 0. 0. ... 1. 0. 0.]
 [1. 0. 0. ... 1. 0. 0.]]
1401 64.8
512 23.7
249 11.5
597 64.5
220 23.8
108 11.7
(3087, 57) (3087,) (775, 57) (775,)

 SNO Accuracy: 0.795
[[510  40  47]
 [ 78 134   8]
 [ 13   4  91]]

 rate=70 and ii =3
Accuracy: 0.867
Macro Precision: 0.885
Macro Recall: 0.790
Macro F1-score: 0.820

[[500   3  11]
 [ 70  99   3]
 [ 15   1  73]]
              precision    recall  f1-score   support

           0       0.85      0.97      0.91       514
           1       0.96      0.58      0.72       172
           2       0.84      0.82      0.83        89

    accuracy                           0.87       775
   macro avg       0.88      0.79      0.82       775
weighted avg       0.88      0.87      0.86       775

1401 64.8
512 23.7
249 11.5
597 64.5
220 23.8
108 11.7
(3087, 57) (3087,) (775, 57) (775,)

semi-SelfTrain Label Accuracy: 0.855
[[587   2   8]
 [ 86 126   8]
 [ 28   2  78]]
0.8551351351351352 [0.98324958 0.57272727 0.72222222]

 rate=70 and ii =3
Accuracy: 0.872
Macro Precision: 0.917
Macro Recall: 0.783
Macro F1-score: 0.829

[[511   3   4]
 [ 74  96   1]
 [ 17   0  69]]
              precision    recall  f1-score   support

         0.0       0.85      0.99      0.91       518
         1.0       0.97      0.56      0.71       171
         2.0       0.93      0.80      0.86        86

    accuracy                           0.87       775
   macro avg       0.92      0.78      0.83       775
weighted avg       0.88      0.87      0.86       775

1401 64.8
512 23.7
249 11.5
597 64.5
220 23.8
108 11.7
(3087, 57) (3087,) (775, 57) (775,)

semi-LabelSpread Label Accuracy: 0.765
[[597   0   0]
 [122  98   0]
 [ 95   0  13]]
0.7654054054054054 [1.         0.44545455 0.12037037]

 rate=70 and ii =3
Accuracy: 0.853
Macro Precision: 0.923
Macro Recall: 0.714
Macro F1-score: 0.780

[[523   0   2]
 [ 81  86   1]
 [ 30   0  52]]
              precision    recall  f1-score   support

         0.0       0.82      1.00      0.90       525
         1.0       1.00      0.51      0.68       168
         2.0       0.95      0.63      0.76        82

    accuracy                           0.85       775
   macro avg       0.92      0.71      0.78       775
weighted avg       0.88      0.85      0.84       775

1401 64.8
512 23.7
249 11.5
597 64.5
220 23.8
108 11.7
(3087, 57) (3089,) (775, 57) (925,) (927,)
nodes = range(self.m)
range(0, 8)
Graph with 8 nodes and 0 edges
3 2162 8
L
[[1 1 1 ... 1 1 1]
 [1 1 1 ... 1 1 1]
 [1 1 1 ... 1 1 1]
 ...
 [1 1 3 ... 1 3 3]
 [1 1 3 ... 1 3 3]
 [2 1 3 ... 1 3 3]]
L_ind
[[1. 0. 0. ... 1. 0. 0.]
 [1. 0. 0. ... 1. 0. 0.]
 [1. 0. 0. ... 1. 0. 0.]
 ...
 [1. 0. 0. ... 0. 0. 1.]
 [1. 0. 0. ... 0. 0. 1.]
 [0. 1. 0. ... 0. 0. 1.]]
3 925 8
L
[[2 1 3 ... 1 1 1]
 [1 1 1 ... 1 1 1]
 [1 1 2 ... 1 2 1]
 ...
 [3 3 3 ... 1 1 1]
 [1 3 3 ... 1 1 1]
 [1 1 2 ... 1 2 1]]
L_ind
[[0. 1. 0. ... 1. 0. 0.]
 [1. 0. 0. ... 1. 0. 0.]
 [1. 0. 0. ... 1. 0. 0.]
 ...
 [0. 0. 1. ... 1. 0. 0.]
 [1. 0. 0. ... 1. 0. 0.]
 [1. 0. 0. ... 1. 0. 0.]]
1401 64.8
512 23.7
249 11.5
597 64.5
220 23.8
108 11.7
(3087, 57) (3087,) (775, 57) (775,)

 SNO Accuracy: 0.795
[[510  40  47]
 [ 78 134   8]
 [ 13   4  91]]

 rate=70 and ii =3
Accuracy: 0.867
Macro Precision: 0.885
Macro Recall: 0.790
Macro F1-score: 0.820

[[500   3  11]
 [ 70  99   3]
 [ 15   1  73]]
              precision    recall  f1-score   support

           0       0.85      0.97      0.91       514
           1       0.96      0.58      0.72       172
           2       0.84      0.82      0.83        89

    accuracy                           0.87       775
   macro avg       0.88      0.79      0.82       775
weighted avg       0.88      0.87      0.86       775

1401 64.8
512 23.7
249 11.5
597 64.5
220 23.8
108 11.7
(3087, 57) (3087,) (775, 57) (775,)

semi-SelfTrain Label Accuracy: 0.855
[[587   2   8]
 [ 86 126   8]
 [ 28   2  78]]
0.8551351351351352 [0.98324958 0.57272727 0.72222222]

 rate=70 and ii =3
Accuracy: 0.872
Macro Precision: 0.917
Macro Recall: 0.783
Macro F1-score: 0.829

[[511   3   4]
 [ 74  96   1]
 [ 17   0  69]]
              precision    recall  f1-score   support

         0.0       0.85      0.99      0.91       518
         1.0       0.97      0.56      0.71       171
         2.0       0.93      0.80      0.86        86

    accuracy                           0.87       775
   macro avg       0.92      0.78      0.83       775
weighted avg       0.88      0.87      0.86       775

1401 64.8
512 23.7
249 11.5
597 64.5
220 23.8
108 11.7
(3087, 57) (3087,) (775, 57) (775,)

semi-LabelSpread Label Accuracy: 0.765
[[597   0   0]
 [122  98   0]
 [ 95   0  13]]
0.7654054054054054 [1.         0.44545455 0.12037037]

 rate=70 and ii =3
Accuracy: 0.853
Macro Precision: 0.923
Macro Recall: 0.714
Macro F1-score: 0.780

[[523   0   2]
 [ 81  86   1]
 [ 30   0  52]]
              precision    recall  f1-score   support

         0.0       0.82      1.00      0.90       525
         1.0       1.00      0.51      0.68       168
         2.0       0.95      0.63      0.76        82

    accuracy                           0.85       775
   macro avg       0.92      0.71      0.78       775
weighted avg       0.88      0.85      0.84       775

1401 64.8
512 23.7
249 11.5
597 64.5
220 23.8
108 11.7
(3087, 57) (3087,) (775, 57) (925,) (925,)

2 order Label Accuracy: 0.854
[[578  11   8]
 [ 84 128   8]
 [ 21   3  84]]
0.8540540540540541 [0.9681742  0.58181818 0.77777778]

 rate=70 and ii =3
Accuracy: 0.867
Macro Precision: 0.901
Macro Recall: 0.781
Macro F1-score: 0.821

[[505   3   8]
 [ 73  98   1]
 [ 18   0  69]]
              precision    recall  f1-score   support

           0       0.85      0.98      0.91       516
           1       0.97      0.57      0.72       172
           2       0.88      0.79      0.84        87

    accuracy                           0.87       775
   macro avg       0.90      0.78      0.82       775
weighted avg       0.88      0.87      0.86       775

1401 64.8
512 23.7
249 11.5
597 64.5
220 23.8
108 11.7
(3087, 57) (3087,) (775, 57) (925,) (925,)

3 order Label Accuracy: 0.841
[[569  20   8]
 [ 87 125   8]
 [ 21   3  84]]
0.841081081081081 [0.95309883 0.56818182 0.77777778]

 rate=70 and ii =3
Accuracy: 0.872
Macro Precision: 0.912
Macro Recall: 0.786
Macro F1-score: 0.827

[[509   1   7]
 [ 73  98   1]
 [ 17   0  69]]
              precision    recall  f1-score   support

           0       0.85      0.98      0.91       517
           1       0.99      0.57      0.72       172
           2       0.90      0.80      0.85        86

    accuracy                           0.87       775
   macro avg       0.91      0.79      0.83       775
weighted avg       0.89      0.87      0.86       775

1401 64.8
512 23.7
249 11.5
597 64.5
220 23.8
108 11.7
(3087, 57) (3087,) (775, 57) (925,) (925,)

4 order Label Accuracy: 0.858
[[584   5   8]
 [ 85 127   8]
 [ 23   2  83]]
0.8583783783783784 [0.97822446 0.57727273 0.76851852]

 rate=70 and ii =3
Accuracy: 0.868
Macro Precision: 0.895
Macro Recall: 0.784
Macro F1-score: 0.820

[[506   3   8]
 [ 71  98   3]
 [ 17   0  69]]
              precision    recall  f1-score   support

           0       0.85      0.98      0.91       517
           1       0.97      0.57      0.72       172
           2       0.86      0.80      0.83        86

    accuracy                           0.87       775
   macro avg       0.89      0.78      0.82       775
weighted avg       0.88      0.87      0.86       775

Time(sec):  7.777411100000001
nodes = range(self.m)
range(0, 8)
Graph with 8 nodes and 0 edges
3 2159 8
L
[[1 1 1 ... 1 1 1]
 [1 1 1 ... 1 1 1]
 [2 1 1 ... 1 1 1]
 ...
 [1 1 3 ... 1 3 3]
 [1 1 3 ... 1 3 3]
 [1 1 3 ... 1 3 3]]
L_ind
[[1. 0. 0. ... 1. 0. 0.]
 [1. 0. 0. ... 1. 0. 0.]
 [0. 1. 0. ... 1. 0. 0.]
 ...
 [1. 0. 0. ... 0. 0. 1.]
 [1. 0. 0. ... 0. 0. 1.]
 [1. 0. 0. ... 0. 0. 1.]]
3 928 8
L
[[2 1 1 ... 1 1 1]
 [1 1 1 ... 1 1 1]
 [2 1 2 ... 1 1 1]
 ...
 [1 1 2 ... 1 2 2]
 [2 1 1 ... 1 1 1]
 [2 3 2 ... 1 2 1]]
L_ind
[[0. 1. 0. ... 1. 0. 0.]
 [1. 0. 0. ... 1. 0. 0.]
 [0. 1. 0. ... 1. 0. 0.]
 ...
 [1. 0. 0. ... 0. 1. 0.]
 [0. 1. 0. ... 1. 0. 0.]
 [0. 1. 0. ... 1. 0. 0.]]
1399 64.8
511 23.7
249 11.5
599 64.5
221 23.8
108 11.6
(3087, 57) (3087,) (775, 57) (775,)

 SNO Accuracy: 0.808
[[525  40  34]
 [ 68 143  10]
 [ 20   6  82]]

 rate=70 and ii =4
Accuracy: 0.872
Macro Precision: 0.879
Macro Recall: 0.792
Macro F1-score: 0.823

[[500   4  10]
 [ 62 106   4]
 [ 16   3  70]]
              precision    recall  f1-score   support

           0       0.87      0.97      0.92       514
           1       0.94      0.62      0.74       172
           2       0.83      0.79      0.81        89

    accuracy                           0.87       775
   macro avg       0.88      0.79      0.82       775
weighted avg       0.88      0.87      0.87       775

1399 64.8
511 23.7
249 11.5
599 64.5
221 23.8
108 11.6
(3087, 57) (3087,) (775, 57) (775,)

semi-SelfTrain Label Accuracy: 0.856
[[588   2   9]
 [ 83 133   5]
 [ 35   0  73]]
0.8556034482758621 [0.98163606 0.60180995 0.67592593]

 rate=70 and ii =4
Accuracy: 0.879
Macro Precision: 0.914
Macro Recall: 0.784
Macro F1-score: 0.830

[[514   1   5]
 [ 66 102   2]
 [ 19   1  65]]
              precision    recall  f1-score   support

         0.0       0.86      0.99      0.92       520
         1.0       0.98      0.60      0.74       170
         2.0       0.90      0.76      0.83        85

    accuracy                           0.88       775
   macro avg       0.91      0.78      0.83       775
weighted avg       0.89      0.88      0.87       775

1399 64.8
511 23.7
249 11.5
599 64.5
221 23.8
108 11.6
(3087, 57) (3087,) (775, 57) (775,)

semi-LabelSpread Label Accuracy: 0.779
[[599   0   0]
 [110 111   0]
 [ 95   0  13]]
0.7790948275862069 [1.         0.50226244 0.12037037]

 rate=70 and ii =4
Accuracy: 0.862
Macro Precision: 0.918
Macro Recall: 0.730
Macro F1-score: 0.793

[[522   1   3]
 [ 72  94   1]
 [ 30   0  52]]
              precision    recall  f1-score   support

         0.0       0.84      0.99      0.91       526
         1.0       0.99      0.56      0.72       167
         2.0       0.93      0.63      0.75        82

    accuracy                           0.86       775
   macro avg       0.92      0.73      0.79       775
weighted avg       0.88      0.86      0.85       775

1399 64.8
511 23.7
249 11.5
599 64.5
221 23.8
108 11.6
(3087, 57) (3087,) (775, 57) (928,) (928,)

2 order Label Accuracy: 0.857
[[588   2   9]
 [ 83 133   5]
 [ 28   6  74]]
0.8566810344827587 [0.98163606 0.60180995 0.68518519]

 rate=70 and ii =4
Accuracy: 0.868
Macro Precision: 0.889
Macro Recall: 0.765
Macro F1-score: 0.810

[[511   1   8]
 [ 67 100   2]
 [ 20   4  62]]
              precision    recall  f1-score   support

           0       0.85      0.98      0.91       520
           1       0.95      0.59      0.73       169
           2       0.86      0.72      0.78        86

    accuracy                           0.87       775
   macro avg       0.89      0.77      0.81       775
weighted avg       0.88      0.87      0.86       775

1399 64.8
511 23.7
249 11.5
599 64.5
221 23.8
108 11.6
(3087, 57) (3087,) (775, 57) (928,) (928,)

3 order Label Accuracy: 0.837
[[590   0   9]
 [107 111   3]
 [ 32   0  76]]
0.8372844827586207 [0.98497496 0.50226244 0.7037037 ]

 rate=70 and ii =4
Accuracy: 0.870
Macro Precision: 0.909
Macro Recall: 0.769
Macro F1-score: 0.816

[[514   0   7]
 [ 71  94   2]
 [ 21   0  66]]
              precision    recall  f1-score   support

           0       0.85      0.99      0.91       521
           1       1.00      0.56      0.72       167
           2       0.88      0.76      0.81        87

    accuracy                           0.87       775
   macro avg       0.91      0.77      0.82       775
weighted avg       0.88      0.87      0.86       775

1399 64.8
511 23.7
249 11.5
599 64.5
221 23.8
108 11.6
(3087, 57) (3087,) (775, 57) (928,) (928,)

4 order Label Accuracy: 0.858
[[590   1   8]
 [ 86 131   4]
 [ 33   0  75]]
0.8577586206896551 [0.98497496 0.59276018 0.69444444]

 rate=70 and ii =4
Accuracy: 0.875
Macro Precision: 0.903
Macro Recall: 0.787
Macro F1-score: 0.826

[[510   1   8]
 [ 67  99   3]
 [ 18   0  69]]
              precision    recall  f1-score   support

           0       0.86      0.98      0.92       519
           1       0.99      0.59      0.74       169
           2       0.86      0.79      0.83        87

    accuracy                           0.87       775
   macro avg       0.90      0.79      0.83       775
weighted avg       0.89      0.87      0.87       775

Time(sec):  7.7204477
nodes = range(self.m)
range(0, 8)
Graph with 8 nodes and 0 edges
3 2158 8
L
[[2 1 1 ... 1 1 1]
 [1 1 1 ... 1 1 1]
 [1 1 1 ... 1 1 1]
 ...
 [3 1 3 ... 1 3 3]
 [1 1 3 ... 1 3 3]
 [2 1 3 ... 1 3 3]]
L_ind
[[0. 1. 0. ... 1. 0. 0.]
 [1. 0. 0. ... 1. 0. 0.]
 [1. 0. 0. ... 1. 0. 0.]
 ...
 [0. 0. 1. ... 0. 0. 1.]
 [1. 0. 0. ... 0. 0. 1.]
 [0. 1. 0. ... 0. 0. 1.]]
3 929 8
L
[[1 1 1 ... 1 1 1]
 [1 1 1 ... 1 1 1]
 [1 1 1 ... 1 1 1]
 ...
 [1 1 1 ... 1 1 1]
 [2 1 2 ... 1 2 1]
 [2 3 2 ... 1 2 2]]
L_ind
[[1. 0. 0. ... 1. 0. 0.]
 [1. 0. 0. ... 1. 0. 0.]
 [1. 0. 0. ... 1. 0. 0.]
 ...
 [1. 0. 0. ... 1. 0. 0.]
 [0. 1. 0. ... 1. 0. 0.]
 [0. 1. 0. ... 0. 1. 0.]]
1398 64.8
511 23.7
249 11.5
600 64.6
221 23.8
108 11.6
(3087, 57) (3087,) (775, 57) (775,)

 SNO Accuracy: 0.783
[[510  54  36]
 [ 84 129   8]
 [ 15   5  88]]

 rate=70 and ii =5
Accuracy: 0.870
Macro Precision: 0.900
Macro Recall: 0.792
Macro F1-score: 0.826

[[506   3   9]
 [ 74  95   1]
 [ 14   0  73]]
              precision    recall  f1-score   support

           0       0.85      0.98      0.91       518
           1       0.97      0.56      0.71       170
           2       0.88      0.84      0.86        87

    accuracy                           0.87       775
   macro avg       0.90      0.79      0.83       775
weighted avg       0.88      0.87      0.86       775

1398 64.8
511 23.7
249 11.5
600 64.6
221 23.8
108 11.6
(3087, 57) (3087,) (775, 57) (775,)

semi-SelfTrain Label Accuracy: 0.845
[[587   7   6]
 [ 99 119   3]
 [ 29   0  79]]
0.844994617868676 [0.97833333 0.53846154 0.73148148]

 rate=70 and ii =5
Accuracy: 0.872
Macro Precision: 0.920
Macro Recall: 0.784
Macro F1-score: 0.828

[[512   1   5]
 [ 76  93   1]
 [ 16   0  71]]
              precision    recall  f1-score   support

         0.0       0.85      0.99      0.91       518
         1.0       0.99      0.55      0.70       170
         2.0       0.92      0.82      0.87        87

    accuracy                           0.87       775
   macro avg       0.92      0.78      0.83       775
weighted avg       0.89      0.87      0.86       775

1398 64.8
511 23.7
249 11.5
600 64.6
221 23.8
108 11.6
(3087, 57) (3087,) (775, 57) (775,)

semi-LabelSpread Label Accuracy: 0.759
[[600   0   0]
 [129  92   0]
 [ 95   0  13]]
0.7588805166846071 [1.         0.41628959 0.12037037]

 rate=70 and ii =5
Accuracy: 0.839
Macro Precision: 0.914
Macro Recall: 0.689
Macro F1-score: 0.756

[[521   0   3]
 [ 89  78   0]
 [ 32   1  51]]
              precision    recall  f1-score   support

         0.0       0.81      0.99      0.89       524
         1.0       0.99      0.47      0.63       167
         2.0       0.94      0.61      0.74        84

    accuracy                           0.84       775
   macro avg       0.91      0.69      0.76       775
weighted avg       0.86      0.84      0.82       775

1398 64.8
511 23.7
249 11.5
600 64.6
221 23.8
108 11.6
(3087, 57) (3087,) (775, 57) (929,) (929,)

2 order Label Accuracy: 0.841
[[578  14   8]
 [ 95 120   6]
 [ 25   0  83]]
0.8406889128094726 [0.96333333 0.54298643 0.76851852]

 rate=70 and ii =5
Accuracy: 0.863
Macro Precision: 0.893
Macro Recall: 0.777
Macro F1-score: 0.814

[[505   3   9]
 [ 75  93   2]
 [ 17   0  71]]
              precision    recall  f1-score   support

           0       0.85      0.98      0.91       517
           1       0.97      0.55      0.70       170
           2       0.87      0.81      0.84        88

    accuracy                           0.86       775
   macro avg       0.89      0.78      0.81       775
weighted avg       0.88      0.86      0.85       775

1398 64.8
511 23.7
249 11.5
600 64.6
221 23.8
108 11.6
(3087, 57) (3087,) (775, 57) (929,) (929,)

3 order Label Accuracy: 0.848
[[589   6   5]
 [ 95 120   6]
 [ 28   1  79]]
0.8482238966630786 [0.98166667 0.54298643 0.73148148]

 rate=70 and ii =5
Accuracy: 0.865
Macro Precision: 0.899
Macro Recall: 0.774
Macro F1-score: 0.814

[[508   2   8]
 [ 75  93   2]
 [ 18   0  69]]
              precision    recall  f1-score   support

           0       0.85      0.98      0.91       518
           1       0.98      0.55      0.70       170
           2       0.87      0.79      0.83        87

    accuracy                           0.86       775
   macro avg       0.90      0.77      0.81       775
weighted avg       0.88      0.86      0.85       775

1398 64.8
511 23.7
249 11.5
600 64.6
221 23.8
108 11.6
(3087, 57) (3087,) (775, 57) (929,) (929,)

4 order Label Accuracy: 0.850
[[589   6   5]
 [ 95 120   6]
 [ 25   2  81]]
0.8503767491926802 [0.98166667 0.54298643 0.75      ]

 rate=70 and ii =5
Accuracy: 0.865
Macro Precision: 0.900
Macro Recall: 0.775
Macro F1-score: 0.817

[[509   5   6]
 [ 76  93   1]
 [ 17   0  68]]
              precision    recall  f1-score   support

           0       0.85      0.98      0.91       520
           1       0.95      0.55      0.69       170
           2       0.91      0.80      0.85        85

    accuracy                           0.86       775
   macro avg       0.90      0.78      0.82       775
weighted avg       0.87      0.86      0.85       775

Time(sec):  7.763531599999999
nodes = range(self.m)
range(0, 8)
Graph with 8 nodes and 0 edges
3 2158 8
L
[[1 1 1 ... 1 1 1]
 [1 1 1 ... 1 1 1]
 [1 1 1 ... 1 1 1]
 ...
 [3 3 3 ... 3 3 3]
 [3 1 3 ... 1 3 1]
 [3 1 3 ... 1 3 3]]
L_ind
[[1. 0. 0. ... 1. 0. 0.]
 [1. 0. 0. ... 1. 0. 0.]
 [1. 0. 0. ... 1. 0. 0.]
 ...
 [0. 0. 1. ... 0. 0. 1.]
 [0. 0. 1. ... 1. 0. 0.]
 [0. 0. 1. ... 0. 0. 1.]]
3 929 8
L
[[1 1 1 ... 1 1 1]
 [1 1 1 ... 1 1 1]
 [1 1 2 ... 1 2 1]
 ...
 [1 1 2 ... 1 2 1]
 [1 1 1 ... 1 1 1]
 [1 1 2 ... 1 2 1]]
L_ind
[[1. 0. 0. ... 1. 0. 0.]
 [1. 0. 0. ... 1. 0. 0.]
 [1. 0. 0. ... 1. 0. 0.]
 ...
 [1. 0. 0. ... 1. 0. 0.]
 [1. 0. 0. ... 1. 0. 0.]
 [1. 0. 0. ... 1. 0. 0.]]
1397 64.7
512 23.7
249 11.5
601 64.7
220 23.7
108 11.6
(3087, 57) (3087,) (775, 57) (775,)

 SNO Accuracy: 0.785
[[512  53  36]
 [ 84 126  10]
 [  7  10  91]]

 rate=70 and ii =6
Accuracy: 0.874
Macro Precision: 0.888
Macro Recall: 0.796
Macro F1-score: 0.827

[[505   5   7]
 [ 66 100   5]
 [ 14   1  72]]
              precision    recall  f1-score   support

           0       0.86      0.98      0.92       517
           1       0.94      0.58      0.72       171
           2       0.86      0.83      0.84        87

    accuracy                           0.87       775
   macro avg       0.89      0.80      0.83       775
weighted avg       0.88      0.87      0.87       775

1397 64.7
512 23.7
249 11.5
601 64.7
220 23.7
108 11.6
(3087, 57) (3087,) (775, 57) (775,)

semi-SelfTrain Label Accuracy: 0.853
[[588   4   9]
 [ 91 123   6]
 [ 26   1  81]]
0.852529601722282 [0.97836938 0.55909091 0.75      ]

 rate=70 and ii =6
Accuracy: 0.868
Macro Precision: 0.894
Macro Recall: 0.777
Macro F1-score: 0.816

[[509   3   7]
 [ 69  97   4]
 [ 19   0  67]]
              precision    recall  f1-score   support

         0.0       0.85      0.98      0.91       519
         1.0       0.97      0.57      0.72       170
         2.0       0.86      0.78      0.82        86

    accuracy                           0.87       775
   macro avg       0.89      0.78      0.82       775
weighted avg       0.88      0.87      0.86       775

1397 64.7
512 23.7
249 11.5
601 64.7
220 23.7
108 11.6
(3087, 57) (3087,) (775, 57) (775,)

semi-LabelSpread Label Accuracy: 0.776
[[601   0   0]
 [116 104   0]
 [ 92   0  16]]
0.7761033369214209 [1.         0.47272727 0.14814815]

 rate=70 and ii =6
Accuracy: 0.854
Macro Precision: 0.912
Macro Recall: 0.718
Macro F1-score: 0.781

[[521   1   3]
 [ 78  90   1]
 [ 29   1  51]]
              precision    recall  f1-score   support

         0.0       0.83      0.99      0.90       525
         1.0       0.98      0.53      0.69       169
         2.0       0.93      0.63      0.75        81

    accuracy                           0.85       775
   macro avg       0.91      0.72      0.78       775
weighted avg       0.87      0.85      0.84       775

1397 64.7
512 23.7
249 11.5
601 64.7
220 23.7
108 11.6
(3087, 57) (3087,) (775, 57) (929,) (929,)

2 order Label Accuracy: 0.837
[[571  19  11]
 [ 90 123   7]
 [ 19   5  84]]
0.83745963401507 [0.95008319 0.55909091 0.77777778]

 rate=70 and ii =6
Accuracy: 0.868
Macro Precision: 0.896
Macro Recall: 0.781
Macro F1-score: 0.821

[[507   5   6]
 [ 71  98   2]
 [ 17   1  68]]
              precision    recall  f1-score   support

           0       0.85      0.98      0.91       518
           1       0.94      0.57      0.71       171
           2       0.89      0.79      0.84        86

    accuracy                           0.87       775
   macro avg       0.90      0.78      0.82       775
weighted avg       0.88      0.87      0.86       775

1397 64.7
512 23.7
249 11.5
601 64.7
220 23.7
108 11.6
(3087, 57) (3087,) (775, 57) (929,) (929,)

3 order Label Accuracy: 0.855
[[590   5   6]
 [ 91 123   6]
 [ 23   4  81]]
0.8546824542518837 [0.98169717 0.55909091 0.75      ]

 rate=70 and ii =6
Accuracy: 0.871
Macro Precision: 0.899
Macro Recall: 0.781
Macro F1-score: 0.822

[[509   3   7]
 [ 69  99   2]
 [ 18   1  67]]
              precision    recall  f1-score   support

           0       0.85      0.98      0.91       519
           1       0.96      0.58      0.73       170
           2       0.88      0.78      0.83        86

    accuracy                           0.87       775
   macro avg       0.90      0.78      0.82       775
weighted avg       0.88      0.87      0.86       775

1397 64.7
512 23.7
249 11.5
601 64.7
220 23.7
108 11.6
(3087, 57) (3087,) (775, 57) (929,) (929,)

4 order Label Accuracy: 0.856
[[588   5   8]
 [ 91 123   6]
 [ 22   2  84]]
0.8557588805166846 [0.97836938 0.55909091 0.77777778]

 rate=70 and ii =6
Accuracy: 0.870
Macro Precision: 0.897
Macro Recall: 0.786
Macro F1-score: 0.823

[[508   5   6]
 [ 71  96   3]
 [ 16   0  70]]
              precision    recall  f1-score   support

           0       0.85      0.98      0.91       519
           1       0.95      0.56      0.71       170
           2       0.89      0.81      0.85        86

    accuracy                           0.87       775
   macro avg       0.90      0.79      0.82       775
weighted avg       0.88      0.87      0.86       775

Time(sec):  9.7482626
nodes = range(self.m)
range(0, 8)
Graph with 8 nodes and 0 edges
3 2162 8
L
[[1 1 1 ... 1 1 1]
 [1 1 1 ... 1 1 1]
 [1 1 1 ... 1 1 1]
 ...
 [3 3 3 ... 1 3 1]
 [3 1 3 ... 1 3 3]
 [1 1 3 ... 1 3 3]]
L_ind
[[1. 0. 0. ... 1. 0. 0.]
 [1. 0. 0. ... 1. 0. 0.]
 [1. 0. 0. ... 1. 0. 0.]
 ...
 [0. 0. 1. ... 1. 0. 0.]
 [0. 0. 1. ... 0. 0. 1.]
 [1. 0. 0. ... 0. 0. 1.]]
3 925 8
L
[[2 1 1 ... 1 1 1]
 [1 1 2 ... 1 2 1]
 [1 1 1 ... 1 1 1]
 ...
 [2 1 2 ... 1 2 1]
 [1 1 2 ... 1 2 2]
 [2 1 2 ... 1 2 1]]
L_ind
[[0. 1. 0. ... 1. 0. 0.]
 [1. 0. 0. ... 1. 0. 0.]
 [1. 0. 0. ... 1. 0. 0.]
 ...
 [0. 1. 0. ... 1. 0. 0.]
 [1. 0. 0. ... 0. 1. 0.]
 [0. 1. 0. ... 1. 0. 0.]]
1398 64.7
514 23.8
250 11.6
600 64.9
218 23.6
107 11.6
(3087, 57) (3087,) (775, 57) (775,)

 SNO Accuracy: 0.775
[[503  57  40]
 [ 75 131  12]
 [ 18   6  83]]

 rate=70 and ii =7
Accuracy: 0.870
Macro Precision: 0.883
Macro Recall: 0.794
Macro F1-score: 0.824

[[501   6  10]
 [ 66 102   3]
 [ 16   0  71]]
              precision    recall  f1-score   support

           0       0.86      0.97      0.91       517
           1       0.94      0.60      0.73       171
           2       0.85      0.82      0.83        87

    accuracy                           0.87       775
   macro avg       0.88      0.79      0.82       775
weighted avg       0.88      0.87      0.86       775

1398 64.7
514 23.8
250 11.6
600 64.9
218 23.6
107 11.6
(3087, 57) (3087,) (775, 57) (775,)

semi-SelfTrain Label Accuracy: 0.842
[[586   2  12]
 [ 91 120   7]
 [ 33   1  73]]
0.8421621621621621 [0.97666667 0.55045872 0.68224299]

 rate=70 and ii =7
Accuracy: 0.871
Macro Precision: 0.899
Macro Recall: 0.787
Macro F1-score: 0.825

[[507   3   8]
 [ 70  99   2]
 [ 17   0  69]]
              precision    recall  f1-score   support

         0.0       0.85      0.98      0.91       518
         1.0       0.97      0.58      0.73       171
         2.0       0.87      0.80      0.84        86

    accuracy                           0.87       775
   macro avg       0.90      0.79      0.82       775
weighted avg       0.88      0.87      0.86       775

1398 64.7
514 23.8
250 11.6
600 64.9
218 23.6
107 11.6
(3087, 57) (3087,) (775, 57) (775,)

semi-LabelSpread Label Accuracy: 0.765
[[600   0   0]
 [119  99   0]
 [ 98   0   9]]
0.7654054054054054 [1.         0.45412844 0.08411215]

 rate=70 and ii =7
Accuracy: 0.858
Macro Precision: 0.926
Macro Recall: 0.716
Macro F1-score: 0.784

[[525   1   2]
 [ 76  93   0]
 [ 31   0  47]]
              precision    recall  f1-score   support

         0.0       0.83      0.99      0.91       528
         1.0       0.99      0.55      0.71       169
         2.0       0.96      0.60      0.74        78

    accuracy                           0.86       775
   macro avg       0.93      0.72      0.78       775
weighted avg       0.88      0.86      0.85       775

1398 64.7
514 23.8
250 11.6
600 64.9
218 23.6
107 11.6
(3087, 57) (3087,) (775, 57) (925,) (925,)

2 order Label Accuracy: 0.837
[[585   5  10]
 [ 97 114   7]
 [ 32   0  75]]
0.8367567567567568 [0.975      0.52293578 0.70093458]

 rate=70 and ii =7
Accuracy: 0.867
Macro Precision: 0.895
Macro Recall: 0.780
Macro F1-score: 0.819

[[506   4   8]
 [ 71  97   2]
 [ 18   0  69]]
              precision    recall  f1-score   support

           0       0.85      0.98      0.91       518
           1       0.96      0.57      0.72       170
           2       0.87      0.79      0.83        87

    accuracy                           0.87       775
   macro avg       0.89      0.78      0.82       775
weighted avg       0.88      0.87      0.86       775

1398 64.7
514 23.8
250 11.6
600 64.9
218 23.6
107 11.6
(3087, 57) (3087,) (775, 57) (925,) (925,)

3 order Label Accuracy: 0.762
[[552  38  10]
 [122  90   6]
 [ 33  11  63]]
0.7621621621621621 [0.92       0.41284404 0.58878505]

 rate=70 and ii =7
Accuracy: 0.863
Macro Precision: 0.901
Macro Recall: 0.767
Macro F1-score: 0.812

[[509   3   7]
 [ 75  94   1]
 [ 20   0  66]]
              precision    recall  f1-score   support

           0       0.84      0.98      0.91       519
           1       0.97      0.55      0.70       170
           2       0.89      0.77      0.82        86

    accuracy                           0.86       775
   macro avg       0.90      0.77      0.81       775
weighted avg       0.88      0.86      0.85       775

1398 64.7
514 23.8
250 11.6
600 64.9
218 23.6
107 11.6
(3087, 57) (3087,) (775, 57) (925,) (925,)

4 order Label Accuracy: 0.835
[[578  13   9]
 [ 91 121   6]
 [ 31   3  73]]
0.8345945945945946 [0.96333333 0.55504587 0.68224299]

 rate=70 and ii =7
Accuracy: 0.874
Macro Precision: 0.905
Macro Recall: 0.783
Macro F1-score: 0.825

[[510   2   7]
 [ 68 101   2]
 [ 19   0  66]]
              precision    recall  f1-score   support

           0       0.85      0.98      0.91       519
           1       0.98      0.59      0.74       171
           2       0.88      0.78      0.82        85

    accuracy                           0.87       775
   macro avg       0.90      0.78      0.83       775
weighted avg       0.88      0.87      0.87       775

Time(sec):  7.694941
nodes = range(self.m)
range(0, 8)
Graph with 8 nodes and 0 edges
3 2162 8
L
[[2 1 1 ... 1 1 1]
 [1 1 1 ... 1 1 1]
 [1 1 1 ... 1 1 1]
 ...
 [3 3 3 ... 1 3 3]
 [3 1 3 ... 1 3 3]
 [1 1 3 ... 1 3 3]]
L_ind
[[0. 1. 0. ... 1. 0. 0.]
 [1. 0. 0. ... 1. 0. 0.]
 [1. 0. 0. ... 1. 0. 0.]
 ...
 [0. 0. 1. ... 0. 0. 1.]
 [0. 0. 1. ... 0. 0. 1.]
 [1. 0. 0. ... 0. 0. 1.]]
3 925 8
L
[[1 1 1 ... 1 1 1]
 [1 1 1 ... 1 1 1]
 [1 1 2 ... 1 2 1]
 ...
 [1 1 2 ... 1 2 1]
 [1 1 2 ... 1 2 1]
 [1 1 2 ... 1 2 1]]
L_ind
[[1. 0. 0. ... 1. 0. 0.]
 [1. 0. 0. ... 1. 0. 0.]
 [1. 0. 0. ... 1. 0. 0.]
 ...
 [1. 0. 0. ... 1. 0. 0.]
 [1. 0. 0. ... 1. 0. 0.]
 [1. 0. 0. ... 1. 0. 0.]]
1400 64.8
512 23.7
250 11.6
598 64.6
220 23.8
107 11.6
(3087, 57) (3087,) (775, 57) (775,)

 SNO Accuracy: 0.772
[[493  59  46]
 [ 79 132   9]
 [ 12   6  89]]

 rate=70 and ii =8
Accuracy: 0.862
Macro Precision: 0.869
Macro Recall: 0.785
Macro F1-score: 0.810

[[500   6  11]
 [ 69  96   6]
 [ 15   0  72]]
              precision    recall  f1-score   support

           0       0.86      0.97      0.91       517
           1       0.94      0.56      0.70       171
           2       0.81      0.83      0.82        87

    accuracy                           0.86       775
   macro avg       0.87      0.79      0.81       775
weighted avg       0.87      0.86      0.85       775

1400 64.8
512 23.7
250 11.6
598 64.6
220 23.8
107 11.6
(3087, 57) (3087,) (775, 57) (775,)

semi-SelfTrain Label Accuracy: 0.845
[[579  10   9]
 [ 95 124   1]
 [ 25   3  79]]
0.8454054054054054 [0.96822742 0.56363636 0.73831776]

 rate=70 and ii =8
Accuracy: 0.867
Macro Precision: 0.904
Macro Recall: 0.779
Macro F1-score: 0.820

[[509   3   7]
 [ 75  95   1]
 [ 17   0  68]]
              precision    recall  f1-score   support

         0.0       0.85      0.98      0.91       519
         1.0       0.97      0.56      0.71       171
         2.0       0.89      0.80      0.84        85

    accuracy                           0.87       775
   macro avg       0.90      0.78      0.82       775
weighted avg       0.88      0.87      0.86       775

1400 64.8
512 23.7
250 11.6
598 64.6
220 23.8
107 11.6
(3087, 57) (3087,) (775, 57) (775,)

semi-LabelSpread Label Accuracy: 0.765
[[598   0   0]
 [123  97   0]
 [ 94   0  13]]
0.7654054054054054 [1.         0.44090909 0.12149533]

 rate=70 and ii =8
Accuracy: 0.855
Macro Precision: 0.925
Macro Recall: 0.724
Macro F1-score: 0.786

[[525   0   2]
 [ 83  84   1]
 [ 26   0  54]]
              precision    recall  f1-score   support

         0.0       0.83      1.00      0.90       527
         1.0       1.00      0.50      0.67       168
         2.0       0.95      0.68      0.79        80

    accuracy                           0.86       775
   macro avg       0.93      0.72      0.79       775
weighted avg       0.88      0.86      0.84       775

1400 64.8
512 23.7
250 11.6
598 64.6
220 23.8
107 11.6
(3087, 57) (3087,) (775, 57) (925,) (925,)

2 order Label Accuracy: 0.834
[[567  13  18]
 [ 94 123   3]
 [ 23   3  81]]
0.8335135135135135 [0.94816054 0.55909091 0.75700935]

 rate=70 and ii =8
Accuracy: 0.862
Macro Precision: 0.888
Macro Recall: 0.769
Macro F1-score: 0.808

[[507   3   8]
 [ 74  94   3]
 [ 18   1  67]]
              precision    recall  f1-score   support

           0       0.85      0.98      0.91       518
           1       0.96      0.55      0.70       171
           2       0.86      0.78      0.82        86

    accuracy                           0.86       775
   macro avg       0.89      0.77      0.81       775
weighted avg       0.87      0.86      0.85       775

1400 64.8
512 23.7
250 11.6
598 64.6
220 23.8
107 11.6
(3087, 57) (3087,) (775, 57) (925,) (925,)

3 order Label Accuracy: 0.834
[[569  14  15]
 [ 96 122   2]
 [ 24   3  80]]
0.8335135135135135 [0.95150502 0.55454545 0.74766355]

 rate=70 and ii =8
Accuracy: 0.865
Macro Precision: 0.902
Macro Recall: 0.774
Macro F1-score: 0.815

[[507   1   9]
 [ 76  94   1]
 [ 18   0  69]]
              precision    recall  f1-score   support

           0       0.84      0.98      0.91       517
           1       0.99      0.55      0.71       171
           2       0.87      0.79      0.83        87

    accuracy                           0.86       775
   macro avg       0.90      0.77      0.82       775
weighted avg       0.88      0.86      0.85       775

1400 64.8
512 23.7
250 11.6
598 64.6
220 23.8
107 11.6
(3087, 57) (3087,) (775, 57) (925,) (925,)

4 order Label Accuracy: 0.845
[[584   6   8]
 [ 99 120   1]
 [ 26   3  78]]
0.8454054054054054 [0.97658863 0.54545455 0.72897196]

 rate=70 and ii =8
Accuracy: 0.867
Macro Precision: 0.900
Macro Recall: 0.781
Macro F1-score: 0.818

[[509   2   8]
 [ 75  94   2]
 [ 16   0  69]]
              precision    recall  f1-score   support

           0       0.85      0.98      0.91       519
           1       0.98      0.55      0.70       171
           2       0.87      0.81      0.84        85

    accuracy                           0.87       775
   macro avg       0.90      0.78      0.82       775
weighted avg       0.88      0.87      0.86       775

Time(sec):  7.8251119
nodes = range(self.m)
range(0, 8)
Graph with 8 nodes and 0 edges
3 2157 8
L
[[1 1 1 ... 1 1 1]
 [1 1 1 ... 1 1 1]
 [2 1 1 ... 1 1 1]
 ...
 [3 3 3 ... 1 3 3]
 [1 1 3 ... 1 3 3]
 [2 1 3 ... 1 3 3]]
L_ind
[[1. 0. 0. ... 1. 0. 0.]
 [1. 0. 0. ... 1. 0. 0.]
 [0. 1. 0. ... 1. 0. 0.]
 ...
 [0. 0. 1. ... 0. 0. 1.]
 [1. 0. 0. ... 0. 0. 1.]
 [0. 1. 0. ... 0. 0. 1.]]
3 930 8
L
[[1 1 1 ... 1 1 1]
 [1 1 2 ... 1 2 1]
 [2 1 1 ... 1 1 1]
 ...
 [1 1 2 ... 1 2 2]
 [3 3 2 ... 1 2 1]
 [1 1 2 ... 1 2 1]]
L_ind
[[1. 0. 0. ... 1. 0. 0.]
 [1. 0. 0. ... 1. 0. 0.]
 [0. 1. 0. ... 1. 0. 0.]
 ...
 [1. 0. 0. ... 0. 1. 0.]
 [0. 0. 1. ... 1. 0. 0.]
 [1. 0. 0. ... 1. 0. 0.]]
1396 64.7
512 23.7
249 11.5
602 64.7
220 23.7
108 11.6
(3087, 57) (3087,) (775, 57) (775,)

 SNO Accuracy: 0.775
[[502  50  50]
 [ 78 136   6]
 [ 15  10  83]]

 rate=70 and ii =9
Accuracy: 0.868
Macro Precision: 0.883
Macro Recall: 0.793
Macro F1-score: 0.824

[[500   7  10]
 [ 67 101   2]
 [ 16   0  72]]
              precision    recall  f1-score   support

           0       0.86      0.97      0.91       517
           1       0.94      0.59      0.73       170
           2       0.86      0.82      0.84        88

    accuracy                           0.87       775
   macro avg       0.88      0.79      0.82       775
weighted avg       0.87      0.87      0.86       775

1396 64.7
512 23.7
249 11.5
602 64.7
220 23.7
108 11.6
(3087, 57) (3087,) (775, 57) (775,)

semi-SelfTrain Label Accuracy: 0.845
[[588   5   9]
 [ 91 125   4]
 [ 34   1  73]]
0.8451612903225807 [0.97674419 0.56818182 0.67592593]

 rate=70 and ii =9
Accuracy: 0.870
Macro Precision: 0.903
Macro Recall: 0.784
Macro F1-score: 0.825

[[508   5   6]
 [ 72  97   1]
 [ 17   0  69]]
              precision    recall  f1-score   support

         0.0       0.85      0.98      0.91       519
         1.0       0.95      0.57      0.71       170
         2.0       0.91      0.80      0.85        86

    accuracy                           0.87       775
   macro avg       0.90      0.78      0.83       775
weighted avg       0.88      0.87      0.86       775

1396 64.7
512 23.7
249 11.5
602 64.7
220 23.7
108 11.6
(3087, 57) (3087,) (775, 57) (775,)

semi-LabelSpread Label Accuracy: 0.774
[[602   0   0]
 [114 106   0]
 [ 96   0  12]]
0.7741935483870968 [1.         0.48181818 0.11111111]

 rate=70 and ii =9
Accuracy: 0.857
Macro Precision: 0.929
Macro Recall: 0.718
Macro F1-score: 0.786

[[524   1   1]
 [ 79  90   0]
 [ 29   1  50]]
              precision    recall  f1-score   support

         0.0       0.83      1.00      0.91       526
         1.0       0.98      0.53      0.69       169
         2.0       0.98      0.62      0.76        80

    accuracy                           0.86       775
   macro avg       0.93      0.72      0.79       775
weighted avg       0.88      0.86      0.84       775

1396 64.7
512 23.7
249 11.5
602 64.7
220 23.7
108 11.6
(3087, 57) (3087,) (775, 57) (930,) (930,)

2 order Label Accuracy: 0.843
[[583   8  11]
 [ 90 126   4]
 [ 29   4  75]]
0.843010752688172 [0.96843854 0.57272727 0.69444444]

 rate=70 and ii =9
Accuracy: 0.870
Macro Precision: 0.906
Macro Recall: 0.781
Macro F1-score: 0.824

[[508   4   6]
 [ 72  97   1]
 [ 18   0  69]]
              precision    recall  f1-score   support

           0       0.85      0.98      0.91       518
           1       0.96      0.57      0.72       170
           2       0.91      0.79      0.85        87

    accuracy                           0.87       775
   macro avg       0.91      0.78      0.82       775
weighted avg       0.88      0.87      0.86       775

1396 64.7
512 23.7
249 11.5
602 64.7
220 23.7
108 11.6
(3087, 57) (3087,) (775, 57) (930,) (930,)

3 order Label Accuracy: 0.839
[[593   1   8]
 [104 112   4]
 [ 32   1  75]]
0.8387096774193549 [0.98504983 0.50909091 0.69444444]

 rate=70 and ii =9
Accuracy: 0.866
Macro Precision: 0.902
Macro Recall: 0.773
Macro F1-score: 0.815

[[511   2   8]
 [ 75  93   1]
 [ 18   0  67]]
              precision    recall  f1-score   support

           0       0.85      0.98      0.91       521
           1       0.98      0.55      0.70       169
           2       0.88      0.79      0.83        85

    accuracy                           0.87       775
   macro avg       0.90      0.77      0.82       775
weighted avg       0.88      0.87      0.86       775

1396 64.7
512 23.7
249 11.5
602 64.7
220 23.7
108 11.6
(3087, 57) (3087,) (775, 57) (930,) (930,)

4 order Label Accuracy: 0.852
[[591   4   7]
 [ 90 126   4]
 [ 33   0  75]]
0.8516129032258064 [0.98172757 0.57272727 0.69444444]

 rate=70 and ii =9
Accuracy: 0.868
Macro Precision: 0.898
Macro Recall: 0.781
Macro F1-score: 0.820

[[507   3   8]
 [ 71  98   2]
 [ 18   0  68]]
              precision    recall  f1-score   support

           0       0.85      0.98      0.91       518
           1       0.97      0.57      0.72       171
           2       0.87      0.79      0.83        86

    accuracy                           0.87       775
   macro avg       0.90      0.78      0.82       775
weighted avg       0.88      0.87      0.86       775

Time(sec):  7.5932588999999995
nodes = range(self.m)
range(0, 8)
Graph with 8 nodes and 0 edges
3 2158 8
L
[[1 1 1 ... 1 1 1]
 [1 1 1 ... 1 1 1]
 [1 1 1 ... 1 1 1]
 ...
 [3 3 3 ... 1 3 1]
 [3 1 3 ... 1 3 3]
 [1 1 3 ... 3 3 3]]
L_ind
[[1. 0. 0. ... 1. 0. 0.]
 [1. 0. 0. ... 1. 0. 0.]
 [1. 0. 0. ... 1. 0. 0.]
 ...
 [0. 0. 1. ... 1. 0. 0.]
 [0. 0. 1. ... 0. 0. 1.]
 [1. 0. 0. ... 0. 0. 1.]]
3 929 8
L
[[1 1 1 ... 1 1 1]
 [1 1 1 ... 1 1 1]
 [1 1 1 ... 1 1 1]
 ...
 [2 1 2 ... 1 2 1]
 [2 1 2 ... 1 2 1]
 [1 1 2 ... 1 2 1]]
L_ind
[[1. 0. 0. ... 1. 0. 0.]
 [1. 0. 0. ... 1. 0. 0.]
 [1. 0. 0. ... 1. 0. 0.]
 ...
 [0. 1. 0. ... 1. 0. 0.]
 [0. 1. 0. ... 1. 0. 0.]
 [1. 0. 0. ... 1. 0. 0.]]
1397 64.7
511 23.7
250 11.6
601 64.7
221 23.8
107 11.5
(3087, 57) (3087,) (775, 57) (775,)

 SNO Accuracy: 0.772
[[493  53  55]
 [ 66 142  13]
 [ 18   7  82]]

 rate=70 and ii =10
Accuracy: 0.875
Macro Precision: 0.871
Macro Recall: 0.814
Macro F1-score: 0.830

[[494   6  13]
 [ 58 108   7]
 [ 13   0  76]]
              precision    recall  f1-score   support

           0       0.87      0.96      0.92       513
           1       0.95      0.62      0.75       173
           2       0.79      0.85      0.82        89

    accuracy                           0.87       775
   macro avg       0.87      0.81      0.83       775
weighted avg       0.88      0.87      0.87       775

1397 64.7
511 23.7
250 11.6
601 64.7
221 23.8
107 11.5
(3087, 57) (3087,) (775, 57) (775,)

semi-SelfTrain Label Accuracy: 0.853
[[589   3   9]
 [ 87 130   4]
 [ 32   2  73]]
0.852529601722282 [0.98003328 0.58823529 0.68224299]

 rate=70 and ii =10
Accuracy: 0.874
Macro Precision: 0.903
Macro Recall: 0.785
Macro F1-score: 0.824

[[510   1   7]
 [ 69  98   3]
 [ 17   1  69]]
              precision    recall  f1-score   support

         0.0       0.86      0.98      0.92       518
         1.0       0.98      0.58      0.73       170
         2.0       0.87      0.79      0.83        87

    accuracy                           0.87       775
   macro avg       0.90      0.78      0.82       775
weighted avg       0.88      0.87      0.86       775

1397 64.7
511 23.7
250 11.6
601 64.7
221 23.8
107 11.5
(3087, 57) (3087,) (775, 57) (775,)

semi-LabelSpread Label Accuracy: 0.769
[[601   0   0]
 [116 105   0]
 [ 99   0   8]]
0.7685683530678149 [1.         0.47511312 0.07476636]

 rate=70 and ii =10
Accuracy: 0.857
Macro Precision: 0.930
Macro Recall: 0.720
Macro F1-score: 0.787

[[522   0   1]
 [ 78  89   1]
 [ 31   0  53]]
              precision    recall  f1-score   support

         0.0       0.83      1.00      0.90       523
         1.0       1.00      0.53      0.69       168
         2.0       0.96      0.63      0.76        84

    accuracy                           0.86       775
   macro avg       0.93      0.72      0.79       775
weighted avg       0.88      0.86      0.84       775

1397 64.7
511 23.7
250 11.6
601 64.7
221 23.8
107 11.5
(3087, 57) (3087,) (775, 57) (929,) (929,)

2 order Label Accuracy: 0.827
[[581  10  10]
 [103 114   4]
 [ 31   3  73]]
0.8266953713670614 [0.96672213 0.5158371  0.68224299]

 rate=70 and ii =10
Accuracy: 0.862
Macro Precision: 0.899
Macro Recall: 0.757
Macro F1-score: 0.802

[[514   0   7]
 [ 76  89   3]
 [ 20   1  65]]
              precision    recall  f1-score   support

           0       0.84      0.99      0.91       521
           1       0.99      0.53      0.69       168
           2       0.87      0.76      0.81        86

    accuracy                           0.86       775
   macro avg       0.90      0.76      0.80       775
weighted avg       0.88      0.86      0.85       775

1397 64.7
511 23.7
250 11.6
601 64.7
221 23.8
107 11.5
(3087, 57) (3087,) (775, 57) (929,) (929,)

3 order Label Accuracy: 0.829
[[594   0   7]
 [109 107   5]
 [ 36   2  69]]
0.8288482238966631 [0.98835275 0.4841629  0.64485981]

 rate=70 and ii =10
Accuracy: 0.865
Macro Precision: 0.902
Macro Recall: 0.765
Macro F1-score: 0.810

[[512   2   6]
 [ 74  91   3]
 [ 20   0  67]]
              precision    recall  f1-score   support

           0       0.84      0.98      0.91       520
           1       0.98      0.54      0.70       168
           2       0.88      0.77      0.82        87

    accuracy                           0.86       775
   macro avg       0.90      0.77      0.81       775
weighted avg       0.88      0.86      0.85       775

1397 64.7
511 23.7
250 11.6
601 64.7
221 23.8
107 11.5
(3087, 57) (3087,) (775, 57) (929,) (929,)

4 order Label Accuracy: 0.856
[[591   2   8]
 [ 86 130   5]
 [ 30   3  74]]
0.8557588805166846 [0.98336106 0.58823529 0.69158879]

 rate=70 and ii =10
Accuracy: 0.870
Macro Precision: 0.896
Macro Recall: 0.775
Macro F1-score: 0.816

[[511   1   8]
 [ 69  98   3]
 [ 19   1  65]]
              precision    recall  f1-score   support

           0       0.85      0.98      0.91       520
           1       0.98      0.58      0.73       170
           2       0.86      0.76      0.81        85

    accuracy                           0.87       775
   macro avg       0.90      0.77      0.82       775
weighted avg       0.88      0.87      0.86       775

Time(sec):  7.6180707
