nodes = range(self.m)
range(0, 8)
Graph with 8 nodes and 0 edges
3 1234 8
L
[[1 1 1 ... 1 1 1]
 [1 1 1 ... 1 1 1]
 [1 1 1 ... 1 1 1]
 ...
 [3 3 3 ... 1 3 2]
 [3 1 3 ... 1 3 3]
 [1 1 3 ... 1 3 3]]
L_ind
[[1. 0. 0. ... 1. 0. 0.]
 [1. 0. 0. ... 1. 0. 0.]
 [1. 0. 0. ... 1. 0. 0.]
 ...
 [0. 0. 1. ... 0. 1. 0.]
 [0. 0. 1. ... 0. 0. 1.]
 [1. 0. 0. ... 0. 0. 1.]]
3 1853 8
L
[[1 1 3 ... 1 1 1]
 [1 1 1 ... 1 1 1]
 [1 1 1 ... 1 1 1]
 ...
 [3 3 3 ... 1 3 3]
 [3 1 3 ... 1 3 3]
 [1 1 1 ... 1 3 3]]
L_ind
[[1. 0. 0. ... 1. 0. 0.]
 [1. 0. 0. ... 1. 0. 0.]
 [1. 0. 0. ... 1. 0. 0.]
 ...
 [0. 0. 1. ... 0. 0. 1.]
 [0. 0. 1. ... 0. 0. 1.]
 [1. 0. 0. ... 0. 0. 1.]]
799 64.7
292 23.7
143 11.6
1199 64.7
440 23.7
214 11.5
(3087, 57) (3087,) (775, 57) (775,)

 SNO Accuracy: 0.745
[[990 141  68]
 [207 222  11]
 [ 23  23 168]]

 rate=40 and ii =1
Accuracy: 0.845
Macro Precision: 0.846
Macro Recall: 0.772
Macro F1-score: 0.795

[[490  14   9]
 [ 79  89   4]
 [ 11   3  76]]
              precision    recall  f1-score   support

           0       0.84      0.96      0.90       513
           1       0.84      0.52      0.64       172
           2       0.85      0.84      0.85        90

    accuracy                           0.85       775
   macro avg       0.85      0.77      0.80       775
weighted avg       0.84      0.85      0.83       775

799 64.7
292 23.7
143 11.6
1199 64.7
440 23.7
214 11.5
(3087, 57) (3087,) (775, 57) (775,)

semi-SelfTrain Label Accuracy: 0.822
[[1174    5   20]
 [ 243  192    5]
 [  52    4  158]]
0.8224500809498111 [0.97914929 0.43636364 0.73831776]

 rate=40 and ii =1
Accuracy: 0.841
Macro Precision: 0.884
Macro Recall: 0.727
Macro F1-score: 0.772

[[513   3   7]
 [ 91  74   1]
 [ 19   2  65]]
              precision    recall  f1-score   support

         0.0       0.82      0.98      0.90       523
         1.0       0.94      0.45      0.60       166
         2.0       0.89      0.76      0.82        86

    accuracy                           0.84       775
   macro avg       0.88      0.73      0.77       775
weighted avg       0.86      0.84      0.82       775

799 64.7
292 23.7
143 11.6
1199 64.7
440 23.7
214 11.5
(3087, 57) (3087,) (775, 57) (775,)

semi-LabelSpread Label Accuracy: 0.733
[[1199    0    0]
 [ 293  147    0]
 [ 202    0   12]]
0.7328656233135457 [1.         0.33409091 0.05607477]

 rate=40 and ii =1
Accuracy: 0.779
Macro Precision: 0.920
Macro Recall: 0.502
Macro F1-score: 0.554

[[539   0   0]
 [112  51   0]
 [ 59   0  14]]
              precision    recall  f1-score   support

         0.0       0.76      1.00      0.86       539
         1.0       1.00      0.31      0.48       163
         2.0       1.00      0.19      0.32        73

    accuracy                           0.78       775
   macro avg       0.92      0.50      0.55       775
weighted avg       0.83      0.78      0.73       775

799 64.7
292 23.7
143 11.6
1199 64.7
440 23.7
214 11.5
(3087, 57) (3087,) (775, 57) (1853,) (1853,)

2 order Label Accuracy: 0.760
[[1080   94   25]
 [ 264  168    8]
 [  42   12  160]]
0.7598488936859147 [0.90075063 0.38181818 0.74766355]

 rate=40 and ii =1
Accuracy: 0.836
Macro Precision: 0.869
Macro Recall: 0.736
Macro F1-score: 0.773

[[506   8   7]
 [ 94  72   1]
 [ 16   1  70]]
              precision    recall  f1-score   support

           0       0.82      0.97      0.89       521
           1       0.89      0.43      0.58       167
           2       0.90      0.80      0.85        87

    accuracy                           0.84       775
   macro avg       0.87      0.74      0.77       775
weighted avg       0.84      0.84      0.82       775

799 64.7
292 23.7
143 11.6
1199 64.7
440 23.7
214 11.5
(3087, 57) (3087,) (775, 57) (1853,) (1853,)

3 order Label Accuracy: 0.820
[[1169   13   17]
 [ 243  193    4]
 [  52    5  157]]
0.8197517539125742 [0.97497915 0.43863636 0.73364486]

 rate=40 and ii =1
Accuracy: 0.844
Macro Precision: 0.893
Macro Recall: 0.735
Macro F1-score: 0.779

[[513   3   6]
 [ 92  73   1]
 [ 18   1  68]]
              precision    recall  f1-score   support

           0       0.82      0.98      0.90       522
           1       0.95      0.44      0.60       166
           2       0.91      0.78      0.84        87

    accuracy                           0.84       775
   macro avg       0.89      0.73      0.78       775
weighted avg       0.86      0.84      0.83       775

799 64.7
292 23.7
143 11.6
1199 64.7
440 23.7
214 11.5
(3087, 57) (3087,) (775, 57) (1853,) (1853,)

4 order Label Accuracy: 0.819
[[1169   13   17]
 [ 243  193    4]
 [  51    7  156]]
0.8192120885051268 [0.97497915 0.43863636 0.72897196]

 rate=40 and ii =1
Accuracy: 0.840
Macro Precision: 0.883
Macro Recall: 0.729
Macro F1-score: 0.772

[[512   4   7]
 [ 92  73   1]
 [ 19   1  66]]
              precision    recall  f1-score   support

           0       0.82      0.98      0.89       523
           1       0.94      0.44      0.60       166
           2       0.89      0.77      0.82        86

    accuracy                           0.84       775
   macro avg       0.88      0.73      0.77       775
weighted avg       0.85      0.84      0.82       775

Time(sec):  7.7474698
nodes = range(self.m)
range(0, 8)
Graph with 8 nodes and 0 edges
3 1234 8
L
[[1 1 1 ... 1 1 1]
 [1 1 1 ... 1 1 1]
 [2 1 1 ... 1 1 1]
 ...
 [3 3 3 ... 3 3 3]
 [2 3 3 ... 1 3 1]
 [1 1 3 ... 1 3 3]]
L_ind
[[1. 0. 0. ... 1. 0. 0.]
 [1. 0. 0. ... 1. 0. 0.]
 [0. 1. 0. ... 1. 0. 0.]
 ...
 [0. 0. 1. ... 0. 0. 1.]
 [0. 1. 0. ... 1. 0. 0.]
 [1. 0. 0. ... 0. 0. 1.]]
3 1853 8
L
[[1 1 1 ... 1 1 1]
 [1 1 1 ... 1 1 1]
 [2 1 1 ... 1 1 1]
 ...
 [3 3 3 ... 1 1 1]
 [3 3 3 ... 1 3 3]
 [1 1 1 ... 1 3 3]]
L_ind
[[1. 0. 0. ... 1. 0. 0.]
 [1. 0. 0. ... 1. 0. 0.]
 [0. 1. 0. ... 1. 0. 0.]
 ...
 [0. 0. 1. ... 1. 0. 0.]
 [0. 0. 1. ... 0. 0. 1.]
 [1. 0. 0. ... 0. 0. 1.]]
800 64.8
292 23.7
142 11.5
1198 64.7
440 23.7
215 11.6
(3087, 57) (3087,) (775, 57) (775,)

 SNO Accuracy: 0.667
[[845 258  95]
 [187 225  28]
 [ 28  21 166]]

 rate=40 and ii =2
Accuracy: 0.827
Macro Precision: 0.801
Macro Recall: 0.763
Macro F1-score: 0.771

[[477  21  16]
 [ 76  89   7]
 [ 12   2  75]]
              precision    recall  f1-score   support

           0       0.84      0.93      0.88       514
           1       0.79      0.52      0.63       172
           2       0.77      0.84      0.80        89

    accuracy                           0.83       775
   macro avg       0.80      0.76      0.77       775
weighted avg       0.82      0.83      0.82       775

800 64.8
292 23.7
142 11.5
1198 64.7
440 23.7
215 11.6
(3087, 57) (3087,) (775, 57) (775,)

semi-SelfTrain Label Accuracy: 0.806
[[1167    5   26]
 [ 250  178   12]
 [  64    3  148]]
0.8057204533189423 [0.97412354 0.40454545 0.68837209]

 rate=40 and ii =2
Accuracy: 0.841
Macro Precision: 0.876
Macro Recall: 0.730
Macro F1-score: 0.766

[[515   1  11]
 [ 88  72   4]
 [ 19   0  65]]
              precision    recall  f1-score   support

         0.0       0.83      0.98      0.90       527
         1.0       0.99      0.44      0.61       164
         2.0       0.81      0.77      0.79        84

    accuracy                           0.84       775
   macro avg       0.88      0.73      0.77       775
weighted avg       0.86      0.84      0.82       775

800 64.8
292 23.7
142 11.5
1198 64.7
440 23.7
215 11.6
(3087, 57) (3087,) (775, 57) (775,)

semi-LabelSpread Label Accuracy: 0.718
[[1198    0    0]
 [ 322  118    0]
 [ 201    0   14]]
0.7177549919050189 [1.         0.26818182 0.06511628]

 rate=40 and ii =2
Accuracy: 0.782
Macro Precision: 0.901
Macro Recall: 0.515
Macro F1-score: 0.571

[[535   0   1]
 [108  55   0]
 [ 60   0  16]]
              precision    recall  f1-score   support

         0.0       0.76      1.00      0.86       536
         1.0       1.00      0.34      0.50       163
         2.0       0.94      0.21      0.34        76

    accuracy                           0.78       775
   macro avg       0.90      0.52      0.57       775
weighted avg       0.83      0.78      0.74       775

800 64.8
292 23.7
142 11.5
1198 64.7
440 23.7
215 11.6
(3087, 57) (3087,) (775, 57) (1853,) (1853,)

2 order Label Accuracy: 0.755
[[1073   97   28]
 [ 249  176   15]
 [  49   16  150]]
0.7549919050188882 [0.89565943 0.4        0.69767442]

 rate=40 and ii =2
Accuracy: 0.834
Macro Precision: 0.843
Macro Recall: 0.728
Macro F1-score: 0.764

[[506  12   7]
 [ 87  76   3]
 [ 17   3  64]]
              precision    recall  f1-score   support

           0       0.83      0.96      0.89       525
           1       0.84      0.46      0.59       166
           2       0.86      0.76      0.81        84

    accuracy                           0.83       775
   macro avg       0.84      0.73      0.76       775
weighted avg       0.83      0.83      0.82       775

800 64.8
292 23.7
142 11.5
1198 64.7
440 23.7
215 11.6
(3087, 57) (3087,) (775, 57) (1853,) (1853,)

3 order Label Accuracy: 0.799
[[1161   13   24]
 [ 252  182    6]
 [  71    6  138]]
0.7992444684295736 [0.96911519 0.41363636 0.64186047]

 rate=40 and ii =2
Accuracy: 0.840
Macro Precision: 0.874
Macro Recall: 0.720
Macro F1-score: 0.763

[[517   4   7]
 [ 87  73   4]
 [ 22   0  61]]
              precision    recall  f1-score   support

           0       0.83      0.98      0.90       528
           1       0.95      0.45      0.61       164
           2       0.85      0.73      0.79        83

    accuracy                           0.84       775
   macro avg       0.87      0.72      0.76       775
weighted avg       0.85      0.84      0.82       775

800 64.8
292 23.7
142 11.5
1198 64.7
440 23.7
215 11.6
(3087, 57) (3087,) (775, 57) (1853,) (1853,)

4 order Label Accuracy: 0.807
[[1163   16   19]
 [ 249  181   10]
 [  59    5  151]]
0.806799784133837 [0.97078464 0.41136364 0.70232558]

 rate=40 and ii =2
Accuracy: 0.840
Macro Precision: 0.863
Macro Recall: 0.732
Macro F1-score: 0.765

[[514   4  10]
 [ 88  72   4]
 [ 17   1  65]]
              precision    recall  f1-score   support

           0       0.83      0.97      0.90       528
           1       0.94      0.44      0.60       164
           2       0.82      0.78      0.80        83

    accuracy                           0.84       775
   macro avg       0.86      0.73      0.77       775
weighted avg       0.85      0.84      0.82       775

Time(sec):  7.932406
nodes = range(self.m)
range(0, 8)
Graph with 8 nodes and 0 edges
3 1232 8
L
[[1 1 1 ... 1 1 1]
 [1 1 1 ... 1 1 1]
 [1 1 1 ... 1 1 1]
 ...
 [3 3 3 ... 1 3 1]
 [3 1 3 ... 1 3 3]
 [3 1 3 ... 3 3 3]]
L_ind
[[1. 0. 0. ... 1. 0. 0.]
 [1. 0. 0. ... 1. 0. 0.]
 [1. 0. 0. ... 1. 0. 0.]
 ...
 [0. 0. 1. ... 1. 0. 0.]
 [0. 0. 1. ... 0. 0. 1.]
 [0. 0. 1. ... 0. 0. 1.]]
3 1855 8
L
[[2 1 1 ... 1 1 1]
 [1 1 1 ... 1 1 1]
 [1 1 1 ... 1 1 1]
 ...
 [3 3 3 ... 3 3 3]
 [1 1 1 ... 3 3 3]
 [1 1 1 ... 3 3 3]]
L_ind
[[0. 1. 0. ... 1. 0. 0.]
 [1. 0. 0. ... 1. 0. 0.]
 [1. 0. 0. ... 1. 0. 0.]
 ...
 [0. 0. 1. ... 0. 0. 1.]
 [1. 0. 0. ... 0. 0. 1.]
 [1. 0. 0. ... 0. 0. 1.]]
798 64.8
292 23.7
142 11.5
1200 64.7
440 23.7
215 11.6
(3087, 57) (3087,) (775, 57) (775,)

 SNO Accuracy: 0.732
[[935 129 136]
 [171 242  27]
 [ 22  13 180]]

 rate=40 and ii =3
Accuracy: 0.814
Macro Precision: 0.790
Macro Recall: 0.756
Macro F1-score: 0.754

[[469  18  22]
 [ 85  81   8]
 [ 10   1  81]]
              precision    recall  f1-score   support

           0       0.83      0.92      0.87       509
           1       0.81      0.47      0.59       174
           2       0.73      0.88      0.80        92

    accuracy                           0.81       775
   macro avg       0.79      0.76      0.75       775
weighted avg       0.81      0.81      0.80       775

798 64.8
292 23.7
142 11.5
1200 64.7
440 23.7
215 11.6
(3087, 57) (3087,) (775, 57) (775,)

semi-SelfTrain Label Accuracy: 0.819
[[1176    6   18]
 [ 237  192   11]
 [  61    2  152]]
0.8194070080862533 [0.98       0.43636364 0.70697674]

 rate=40 and ii =3
Accuracy: 0.827
Macro Precision: 0.876
Macro Recall: 0.706
Macro F1-score: 0.752

[[509   5   6]
 [ 99  67   1]
 [ 22   1  65]]
              precision    recall  f1-score   support

         0.0       0.81      0.98      0.89       520
         1.0       0.92      0.40      0.56       167
         2.0       0.90      0.74      0.81        88

    accuracy                           0.83       775
   macro avg       0.88      0.71      0.75       775
weighted avg       0.84      0.83      0.81       775

798 64.8
292 23.7
142 11.5
1200 64.7
440 23.7
215 11.6
(3087, 57) (3087,) (775, 57) (775,)

semi-LabelSpread Label Accuracy: 0.729
[[1200    0    0]
 [ 305  135    0]
 [ 198    0   17]]
0.7288409703504043 [1.         0.30681818 0.07906977]

 rate=40 and ii =3
Accuracy: 0.764
Macro Precision: 0.915
Macro Recall: 0.483
Macro F1-score: 0.528

[[534   0   0]
 [120  44   0]
 [ 63   0  14]]
              precision    recall  f1-score   support

         0.0       0.74      1.00      0.85       534
         1.0       1.00      0.27      0.42       164
         2.0       1.00      0.18      0.31        77

    accuracy                           0.76       775
   macro avg       0.91      0.48      0.53       775
weighted avg       0.82      0.76      0.71       775

798 64.8
292 23.7
142 11.5
1200 64.7
440 23.7
215 11.6
(3087, 57) (3087,) (775, 57) (1855,) (1855,)

2 order Label Accuracy: 0.812
[[1145   28   27]
 [ 228  202   10]
 [  50    5  160]]
0.8123989218328841 [0.95416667 0.45909091 0.74418605]

 rate=40 and ii =3
Accuracy: 0.832
Macro Precision: 0.887
Macro Recall: 0.721
Macro F1-score: 0.761

[[512   3   7]
 [101  66   1]
 [ 18   0  67]]
              precision    recall  f1-score   support

           0       0.81      0.98      0.89       522
           1       0.96      0.39      0.56       168
           2       0.89      0.79      0.84        85

    accuracy                           0.83       775
   macro avg       0.89      0.72      0.76       775
weighted avg       0.85      0.83      0.81       775

798 64.8
292 23.7
142 11.5
1200 64.7
440 23.7
215 11.6
(3087, 57) (3087,) (775, 57) (1855,) (1855,)

3 order Label Accuracy: 0.797
[[1179    5   16]
 [ 289  140   11]
 [  55    0  160]]
0.7973045822102426 [0.9825     0.31818182 0.74418605]

 rate=40 and ii =3
Accuracy: 0.814
Macro Precision: 0.899
Macro Recall: 0.682
Macro F1-score: 0.715

[[520   0   6]
 [119  44   1]
 [ 18   0  67]]
              precision    recall  f1-score   support

           0       0.79      0.99      0.88       526
           1       1.00      0.27      0.42       164
           2       0.91      0.79      0.84        85

    accuracy                           0.81       775
   macro avg       0.90      0.68      0.71       775
weighted avg       0.85      0.81      0.78       775

798 64.8
292 23.7
142 11.5
1200 64.7
440 23.7
215 11.6
(3087, 57) (3087,) (775, 57) (1855,) (1855,)

4 order Label Accuracy: 0.825
[[1165   20   15]
 [ 224  205   11]
 [  53    2  160]]
0.8247978436657682 [0.97083333 0.46590909 0.74418605]

 rate=40 and ii =3
Accuracy: 0.834
Macro Precision: 0.888
Macro Recall: 0.721
Macro F1-score: 0.764

[[510   3   7]
 [ 98  69   1]
 [ 20   0  67]]
              precision    recall  f1-score   support

           0       0.81      0.98      0.89       520
           1       0.96      0.41      0.57       168
           2       0.89      0.77      0.83        87

    accuracy                           0.83       775
   macro avg       0.89      0.72      0.76       775
weighted avg       0.85      0.83      0.81       775

Time(sec):  8.3540841
nodes = range(self.m)
range(0, 8)
Graph with 8 nodes and 0 edges
3 1234 8
L
[[1 1 1 ... 1 1 1]
 [2 1 1 ... 1 1 1]
 [1 1 1 ... 1 1 1]
 ...
 [1 1 3 ... 1 3 3]
 [3 1 3 ... 1 3 3]
 [1 1 3 ... 3 3 3]]
L_ind
[[1. 0. 0. ... 1. 0. 0.]
 [0. 1. 0. ... 1. 0. 0.]
 [1. 0. 0. ... 1. 0. 0.]
 ...
 [1. 0. 0. ... 0. 0. 1.]
 [0. 0. 1. ... 0. 0. 1.]
 [1. 0. 0. ... 0. 0. 1.]]
3 1853 8
L
[[2 1 1 ... 1 1 1]
 [1 1 1 ... 1 1 1]
 [1 1 1 ... 1 1 1]
 ...
 [3 3 3 ... 1 1 1]
 [3 1 3 ... 1 1 1]
 [1 1 1 ... 3 3 3]]
L_ind
[[0. 1. 0. ... 1. 0. 0.]
 [1. 0. 0. ... 1. 0. 0.]
 [1. 0. 0. ... 1. 0. 0.]
 ...
 [0. 0. 1. ... 1. 0. 0.]
 [0. 0. 1. ... 1. 0. 0.]
 [1. 0. 0. ... 0. 0. 1.]]
799 64.7
293 23.7
142 11.5
1199 64.7
439 23.7
215 11.6
(3087, 57) (3087,) (775, 57) (775,)

 SNO Accuracy: 0.719
[[935 133 131]
 [186 228  25]
 [ 26  20 169]]

 rate=40 and ii =4
Accuracy: 0.835
Macro Precision: 0.821
Macro Recall: 0.765
Macro F1-score: 0.779

[[481  16  13]
 [ 78  85   7]
 [ 11   3  81]]
              precision    recall  f1-score   support

           0       0.84      0.94      0.89       510
           1       0.82      0.50      0.62       170
           2       0.80      0.85      0.83        95

    accuracy                           0.83       775
   macro avg       0.82      0.77      0.78       775
weighted avg       0.83      0.83      0.82       775

799 64.7
293 23.7
142 11.5
1199 64.7
439 23.7
215 11.6
(3087, 57) (3087,) (775, 57) (775,)

semi-SelfTrain Label Accuracy: 0.804
[[1155   10   34]
 [ 240  187   12]
 [  59    9  147]]
0.8035617916891528 [0.96330275 0.42596811 0.68372093]

 rate=40 and ii =4
Accuracy: 0.844
Macro Precision: 0.876
Macro Recall: 0.736
Macro F1-score: 0.775

[[510   2   9]
 [ 87  76   3]
 [ 18   2  68]]
              precision    recall  f1-score   support

         0.0       0.83      0.98      0.90       521
         1.0       0.95      0.46      0.62       166
         2.0       0.85      0.77      0.81        88

    accuracy                           0.84       775
   macro avg       0.88      0.74      0.78       775
weighted avg       0.86      0.84      0.83       775

799 64.7
293 23.7
142 11.5
1199 64.7
439 23.7
215 11.6
(3087, 57) (3087,) (775, 57) (775,)

semi-LabelSpread Label Accuracy: 0.714
[[1199    0    0]
 [ 328  111    0]
 [ 202    0   13]]
0.7139773340528872 [1.         0.25284738 0.06046512]

 rate=40 and ii =4
Accuracy: 0.785
Macro Precision: 0.903
Macro Recall: 0.526
Macro F1-score: 0.584

[[533   0   0]
 [105  57   1]
 [ 61   0  18]]
              precision    recall  f1-score   support

         0.0       0.76      1.00      0.87       533
         1.0       1.00      0.35      0.52       163
         2.0       0.95      0.23      0.37        79

    accuracy                           0.78       775
   macro avg       0.90      0.53      0.58       775
weighted avg       0.83      0.78      0.74       775

799 64.7
293 23.7
142 11.5
1199 64.7
439 23.7
215 11.6
(3087, 57) (3087,) (775, 57) (1853,) (1853,)

2 order Label Accuracy: 0.795
[[1134   29   36]
 [ 239  187   13]
 [  53    9  153]]
0.795466810577442 [0.94578816 0.42596811 0.71162791]

 rate=40 and ii =4
Accuracy: 0.840
Macro Precision: 0.877
Macro Recall: 0.733
Macro F1-score: 0.772

[[510   4   8]
 [ 91  73   2]
 [ 18   1  68]]
              precision    recall  f1-score   support

           0       0.82      0.98      0.89       522
           1       0.94      0.44      0.60       166
           2       0.87      0.78      0.82        87

    accuracy                           0.84       775
   macro avg       0.88      0.73      0.77       775
weighted avg       0.85      0.84      0.82       775

799 64.7
293 23.7
142 11.5
1199 64.7
439 23.7
215 11.6
(3087, 57) (3087,) (775, 57) (1853,) (1853,)

3 order Label Accuracy: 0.797
[[1148   16   35]
 [ 247  181   11]
 [  61    6  148]]
0.7970858067997841 [0.95746455 0.41230068 0.68837209]

 rate=40 and ii =4
Accuracy: 0.841
Macro Precision: 0.871
Macro Recall: 0.732
Macro F1-score: 0.770

[[511   3   9]
 [ 88  75   3]
 [ 18   2  66]]
              precision    recall  f1-score   support

           0       0.83      0.98      0.90       523
           1       0.94      0.45      0.61       166
           2       0.85      0.77      0.80        86

    accuracy                           0.84       775
   macro avg       0.87      0.73      0.77       775
weighted avg       0.85      0.84      0.82       775

799 64.7
293 23.7
142 11.5
1199 64.7
439 23.7
215 11.6
(3087, 57) (3087,) (775, 57) (1853,) (1853,)

4 order Label Accuracy: 0.798
[[1150   17   32]
 [ 252  181    6]
 [  62    6  147]]
0.7976254722072316 [0.95913261 0.41230068 0.68372093]

 rate=40 and ii =4
Accuracy: 0.844
Macro Precision: 0.881
Macro Recall: 0.732
Macro F1-score: 0.775

[[513   4   6]
 [ 87  76   3]
 [ 20   1  65]]
              precision    recall  f1-score   support

           0       0.83      0.98      0.90       523
           1       0.94      0.46      0.62       166
           2       0.88      0.76      0.81        86

    accuracy                           0.84       775
   macro avg       0.88      0.73      0.78       775
weighted avg       0.86      0.84      0.83       775

Time(sec):  7.7690866
nodes = range(self.m)
range(0, 8)
Graph with 8 nodes and 0 edges
3 1237 8
L
[[1 1 1 ... 1 1 1]
 [1 1 1 ... 1 1 1]
 [1 1 1 ... 1 1 1]
 ...
 [3 3 3 ... 1 3 3]
 [1 1 3 ... 1 3 1]
 [3 1 3 ... 1 3 3]]
L_ind
[[1. 0. 0. ... 1. 0. 0.]
 [1. 0. 0. ... 1. 0. 0.]
 [1. 0. 0. ... 1. 0. 0.]
 ...
 [0. 0. 1. ... 0. 0. 1.]
 [1. 0. 0. ... 1. 0. 0.]
 [0. 0. 1. ... 0. 0. 1.]]
3 1850 8
L
[[2 1 1 ... 1 1 1]
 [1 1 1 ... 1 1 1]
 [1 1 1 ... 1 1 1]
 ...
 [3 1 3 ... 1 2 1]
 [1 1 1 ... 1 3 3]
 [2 1 1 ... 1 3 3]]
L_ind
[[0. 1. 0. ... 1. 0. 0.]
 [1. 0. 0. ... 1. 0. 0.]
 [1. 0. 0. ... 1. 0. 0.]
 ...
 [0. 0. 1. ... 1. 0. 0.]
 [1. 0. 0. ... 0. 0. 1.]
 [0. 1. 0. ... 0. 0. 1.]]
800 64.7
294 23.8
143 11.6
1198 64.8
438 23.7
214 11.6
(3087, 57) (3087,) (775, 57) (775,)

 SNO Accuracy: 0.719
[[937 155 106]
 [189 218  31]
 [ 21  17 176]]

 rate=40 and ii =5
Accuracy: 0.830
Macro Precision: 0.825
Macro Recall: 0.744
Macro F1-score: 0.761

[[493  10  15]
 [ 84  78   7]
 [ 15   1  72]]
              precision    recall  f1-score   support

           0       0.83      0.95      0.89       518
           1       0.88      0.46      0.60       169
           2       0.77      0.82      0.79        88

    accuracy                           0.83       775
   macro avg       0.83      0.74      0.76       775
weighted avg       0.83      0.83      0.82       775

800 64.7
294 23.8
143 11.6
1198 64.8
438 23.7
214 11.6
(3087, 57) (3087,) (775, 57) (775,)

semi-SelfTrain Label Accuracy: 0.821
[[1170   13   15]
 [ 240  189    9]
 [  51    3  160]]
0.8210810810810811 [0.97662771 0.43150685 0.74766355]

 rate=40 and ii =5
Accuracy: 0.837
Macro Precision: 0.877
Macro Recall: 0.719
Macro F1-score: 0.760

[[517   2   8]
 [ 94  68   2]
 [ 18   2  64]]
              precision    recall  f1-score   support

         0.0       0.82      0.98      0.89       527
         1.0       0.94      0.41      0.58       164
         2.0       0.86      0.76      0.81        84

    accuracy                           0.84       775
   macro avg       0.88      0.72      0.76       775
weighted avg       0.85      0.84      0.82       775

800 64.7
294 23.8
143 11.6
1198 64.8
438 23.7
214 11.6
(3087, 57) (3087,) (775, 57) (775,)

semi-LabelSpread Label Accuracy: 0.731
[[1198    0    0]
 [ 299  139    0]
 [ 199    0   15]]
0.7308108108108108 [1.         0.3173516  0.07009346]

 rate=40 and ii =5
Accuracy: 0.783
Macro Precision: 0.921
Macro Recall: 0.506
Macro F1-score: 0.560

[[540   0   0]
 [109  53   0]
 [ 59   0  14]]
              precision    recall  f1-score   support

         0.0       0.76      1.00      0.87       540
         1.0       1.00      0.33      0.49       162
         2.0       1.00      0.19      0.32        73

    accuracy                           0.78       775
   macro avg       0.92      0.51      0.56       775
weighted avg       0.83      0.78      0.74       775

800 64.7
294 23.8
143 11.6
1198 64.8
438 23.7
214 11.6
(3087, 57) (3087,) (775, 57) (1850,) (1850,)

2 order Label Accuracy: 0.794
[[1115   48   35]
 [ 235  193   10]
 [  45    9  160]]
0.7935135135135135 [0.93071786 0.44063927 0.74766355]

 rate=40 and ii =5
Accuracy: 0.841
Macro Precision: 0.874
Macro Recall: 0.733
Macro F1-score: 0.771

[[512   3   8]
 [ 90  73   3]
 [ 17   2  67]]
              precision    recall  f1-score   support

           0       0.83      0.98      0.90       523
           1       0.94      0.44      0.60       166
           2       0.86      0.78      0.82        86

    accuracy                           0.84       775
   macro avg       0.87      0.73      0.77       775
weighted avg       0.85      0.84      0.82       775

800 64.7
294 23.8
143 11.6
1198 64.8
438 23.7
214 11.6
(3087, 57) (3087,) (775, 57) (1850,) (1850,)

3 order Label Accuracy: 0.814
[[1165   12   21]
 [ 246  184    8]
 [  50    7  157]]
0.8140540540540541 [0.97245409 0.42009132 0.73364486]

 rate=40 and ii =5
Accuracy: 0.843
Macro Precision: 0.895
Macro Recall: 0.726
Macro F1-score: 0.770

[[519   1   6]
 [ 94  68   2]
 [ 18   1  66]]
              precision    recall  f1-score   support

           0       0.82      0.99      0.90       526
           1       0.97      0.41      0.58       164
           2       0.89      0.78      0.83        85

    accuracy                           0.84       775
   macro avg       0.90      0.73      0.77       775
weighted avg       0.86      0.84      0.82       775

800 64.7
294 23.8
143 11.6
1198 64.8
438 23.7
214 11.6
(3087, 57) (3087,) (775, 57) (1850,) (1850,)

4 order Label Accuracy: 0.817
[[1167   15   16]
 [ 239  191    8]
 [  52    8  154]]
0.8172972972972973 [0.97412354 0.43607306 0.71962617]

 rate=40 and ii =5
Accuracy: 0.843
Macro Precision: 0.891
Macro Recall: 0.724
Macro F1-score: 0.769

[[519   2   5]
 [ 93  69   2]
 [ 18   2  65]]
              precision    recall  f1-score   support

           0       0.82      0.99      0.90       526
           1       0.95      0.42      0.58       164
           2       0.90      0.76      0.83        85

    accuracy                           0.84       775
   macro avg       0.89      0.72      0.77       775
weighted avg       0.86      0.84      0.82       775

Time(sec):  8.324997699999999
nodes = range(self.m)
range(0, 8)
Graph with 8 nodes and 0 edges
3 1234 8
L
[[1 1 1 ... 1 1 1]
 [1 1 1 ... 1 1 1]
 [1 1 1 ... 1 1 1]
 ...
 [1 3 3 ... 3 3 3]
 [3 1 3 ... 1 3 3]
 [3 1 3 ... 3 3 3]]
L_ind
[[1. 0. 0. ... 1. 0. 0.]
 [1. 0. 0. ... 1. 0. 0.]
 [1. 0. 0. ... 1. 0. 0.]
 ...
 [1. 0. 0. ... 0. 0. 1.]
 [0. 0. 1. ... 0. 0. 1.]
 [0. 0. 1. ... 0. 0. 1.]]
3 1853 8
L
[[2 1 3 ... 1 1 1]
 [1 1 1 ... 1 1 1]
 [1 1 1 ... 1 1 1]
 ...
 [3 3 3 ... 1 3 1]
 [1 1 1 ... 3 3 3]
 [1 1 1 ... 3 3 3]]
L_ind
[[0. 1. 0. ... 1. 0. 0.]
 [1. 0. 0. ... 1. 0. 0.]
 [1. 0. 0. ... 1. 0. 0.]
 ...
 [0. 0. 1. ... 1. 0. 0.]
 [1. 0. 0. ... 0. 0. 1.]
 [1. 0. 0. ... 0. 0. 1.]]
798 64.7
293 23.7
143 11.6
1200 64.8
439 23.7
214 11.5
(3087, 57) (3087,) (775, 57) (775,)

 SNO Accuracy: 0.726
[[926 145 129]
 [164 238  37]
 [ 20  13 181]]

 rate=40 and ii =6
Accuracy: 0.813
Macro Precision: 0.783
Macro Recall: 0.742
Macro F1-score: 0.745

[[475  18  20]
 [ 83  77  10]
 [ 12   2  78]]
              precision    recall  f1-score   support

           0       0.83      0.93      0.88       513
           1       0.79      0.45      0.58       170
           2       0.72      0.85      0.78        92

    accuracy                           0.81       775
   macro avg       0.78      0.74      0.74       775
weighted avg       0.81      0.81      0.80       775

798 64.7
293 23.7
143 11.6
1200 64.8
439 23.7
214 11.5
(3087, 57) (3087,) (775, 57) (775,)

semi-SelfTrain Label Accuracy: 0.812
[[1160   15   25]
 [ 234  183   22]
 [  51    2  161]]
0.8116567728008635 [0.96666667 0.41685649 0.75233645]

 rate=40 and ii =6
Accuracy: 0.836
Macro Precision: 0.873
Macro Recall: 0.728
Macro F1-score: 0.761

[[512   3   8]
 [ 94  67   5]
 [ 17   0  69]]
              precision    recall  f1-score   support

         0.0       0.82      0.98      0.89       523
         1.0       0.96      0.40      0.57       166
         2.0       0.84      0.80      0.82        86

    accuracy                           0.84       775
   macro avg       0.87      0.73      0.76       775
weighted avg       0.85      0.84      0.82       775

798 64.7
293 23.7
143 11.6
1200 64.8
439 23.7
214 11.5
(3087, 57) (3087,) (775, 57) (775,)

semi-LabelSpread Label Accuracy: 0.726
[[1200    0    0]
 [ 307  132    0]
 [ 200    0   14]]
0.726389638424177 [1.         0.30068337 0.06542056]

 rate=40 and ii =6
Accuracy: 0.779
Macro Precision: 0.920
Macro Recall: 0.500
Macro F1-score: 0.552

[[540   0   0]
 [112  50   0]
 [ 59   0  14]]
              precision    recall  f1-score   support

         0.0       0.76      1.00      0.86       540
         1.0       1.00      0.31      0.47       162
         2.0       1.00      0.19      0.32        73

    accuracy                           0.78       775
   macro avg       0.92      0.50      0.55       775
weighted avg       0.83      0.78      0.73       775

798 64.7
293 23.7
143 11.6
1200 64.8
439 23.7
214 11.5
(3087, 57) (3087,) (775, 57) (1853,) (1853,)

2 order Label Accuracy: 0.804
[[1124   48   28]
 [ 220  197   22]
 [  41    4  169]]
0.8041014570966001 [0.93666667 0.44874715 0.78971963]

 rate=40 and ii =6
Accuracy: 0.830
Macro Precision: 0.856
Macro Recall: 0.725
Macro F1-score: 0.753

[[508   6   9]
 [ 96  64   5]
 [ 16   0  71]]
              precision    recall  f1-score   support

           0       0.82      0.97      0.89       523
           1       0.91      0.39      0.54       165
           2       0.84      0.82      0.83        87

    accuracy                           0.83       775
   macro avg       0.86      0.73      0.75       775
weighted avg       0.84      0.83      0.81       775

798 64.7
293 23.7
143 11.6
1200 64.8
439 23.7
214 11.5
(3087, 57) (3087,) (775, 57) (1853,) (1853,)

3 order Label Accuracy: 0.813
[[1150   24   26]
 [ 227  190   22]
 [  44    3  167]]
0.8132757690232056 [0.95833333 0.43280182 0.78037383]

 rate=40 and ii =6
Accuracy: 0.834
Macro Precision: 0.869
Macro Recall: 0.726
Macro F1-score: 0.754

[[513   3   8]
 [ 98  61   5]
 [ 14   1  72]]
              precision    recall  f1-score   support

           0       0.82      0.98      0.89       524
           1       0.94      0.37      0.53       164
           2       0.85      0.83      0.84        87

    accuracy                           0.83       775
   macro avg       0.87      0.73      0.75       775
weighted avg       0.85      0.83      0.81       775

798 64.7
293 23.7
143 11.6
1200 64.8
439 23.7
214 11.5
(3087, 57) (3087,) (775, 57) (1853,) (1853,)

4 order Label Accuracy: 0.815
[[1158   24   18]
 [ 230  188   21]
 [  48    2  164]]
0.8148947652455477 [0.965      0.42824601 0.76635514]

 rate=40 and ii =6
Accuracy: 0.836
Macro Precision: 0.876
Macro Recall: 0.728
Macro F1-score: 0.761

[[513   4   6]
 [ 96  64   5]
 [ 16   0  71]]
              precision    recall  f1-score   support

           0       0.82      0.98      0.89       523
           1       0.94      0.39      0.55       165
           2       0.87      0.82      0.84        87

    accuracy                           0.84       775
   macro avg       0.88      0.73      0.76       775
weighted avg       0.85      0.84      0.81       775

Time(sec):  8.4167433
nodes = range(self.m)
range(0, 8)
Graph with 8 nodes and 0 edges
3 1233 8
L
[[1 1 1 ... 1 1 1]
 [1 1 1 ... 1 1 1]
 [1 1 1 ... 1 1 1]
 ...
 [3 1 3 ... 1 3 3]
 [3 1 3 ... 1 3 3]
 [1 1 3 ... 1 3 3]]
L_ind
[[1. 0. 0. ... 1. 0. 0.]
 [1. 0. 0. ... 1. 0. 0.]
 [1. 0. 0. ... 1. 0. 0.]
 ...
 [0. 0. 1. ... 0. 0. 1.]
 [0. 0. 1. ... 0. 0. 1.]
 [1. 0. 0. ... 0. 0. 1.]]
3 1854 8
L
[[2 1 1 ... 1 1 1]
 [2 1 1 ... 1 2 2]
 [1 1 1 ... 1 1 1]
 ...
 [3 3 1 ... 1 3 2]
 [3 3 3 ... 1 1 1]
 [1 1 1 ... 1 3 3]]
L_ind
[[0. 1. 0. ... 1. 0. 0.]
 [0. 1. 0. ... 0. 1. 0.]
 [1. 0. 0. ... 1. 0. 0.]
 ...
 [0. 0. 1. ... 0. 1. 0.]
 [0. 0. 1. ... 1. 0. 0.]
 [1. 0. 0. ... 0. 0. 1.]]
798 64.7
293 23.8
142 11.5
1200 64.7
439 23.7
215 11.6
(3087, 57) (3087,) (775, 57) (775,)

 SNO Accuracy: 0.755
[[995 109  96]
 [191 226  22]
 [ 23  14 178]]

 rate=40 and ii =7
Accuracy: 0.840
Macro Precision: 0.835
Macro Recall: 0.760
Macro F1-score: 0.778

[[493  10  12]
 [ 79  83   8]
 [ 13   2  75]]
              precision    recall  f1-score   support

           0       0.84      0.96      0.90       515
           1       0.87      0.49      0.63       170
           2       0.79      0.83      0.81        90

    accuracy                           0.84       775
   macro avg       0.84      0.76      0.78       775
weighted avg       0.84      0.84      0.83       775

798 64.7
293 23.8
142 11.5
1200 64.7
439 23.7
215 11.6
(3087, 57) (3087,) (775, 57) (775,)

semi-SelfTrain Label Accuracy: 0.814
[[1174    8   18]
 [ 249  182    8]
 [  59    2  154]]
0.81445523193096 [0.97833333 0.41457859 0.71627907]

 rate=40 and ii =7
Accuracy: 0.836
Macro Precision: 0.889
Macro Recall: 0.714
Macro F1-score: 0.759

[[514   0   7]
 [ 94  70   3]
 [ 22   1  64]]
              precision    recall  f1-score   support

         0.0       0.82      0.99      0.89       521
         1.0       0.99      0.42      0.59       167
         2.0       0.86      0.74      0.80        87

    accuracy                           0.84       775
   macro avg       0.89      0.71      0.76       775
weighted avg       0.86      0.84      0.82       775

798 64.7
293 23.8
142 11.5
1200 64.7
439 23.7
215 11.6
(3087, 57) (3087,) (775, 57) (775,)

semi-LabelSpread Label Accuracy: 0.723
[[1200    0    0]
 [ 313  126    0]
 [ 200    0   15]]
0.7233009708737864 [1.         0.28701595 0.06976744]

 rate=40 and ii =7
Accuracy: 0.773
Macro Precision: 0.917
Macro Recall: 0.492
Macro F1-score: 0.536

[[533   0   0]
 [110  55   0]
 [ 66   0  11]]
              precision    recall  f1-score   support

         0.0       0.75      1.00      0.86       533
         1.0       1.00      0.33      0.50       165
         2.0       1.00      0.14      0.25        77

    accuracy                           0.77       775
   macro avg       0.92      0.49      0.54       775
weighted avg       0.83      0.77      0.72       775

798 64.7
293 23.8
142 11.5
1200 64.7
439 23.7
215 11.6
(3087, 57) (3087,) (775, 57) (1854,) (1854,)

2 order Label Accuracy: 0.809
[[1154   22   24]
 [ 246  185    8]
 [  50    5  160]]
0.8085221143473571 [0.96166667 0.4214123  0.74418605]

 rate=40 and ii =7
Accuracy: 0.835
Macro Precision: 0.877
Macro Recall: 0.722
Macro F1-score: 0.763

[[511   3   8]
 [ 95  71   2]
 [ 19   1  65]]
              precision    recall  f1-score   support

           0       0.82      0.98      0.89       522
           1       0.95      0.42      0.58       168
           2       0.87      0.76      0.81        85

    accuracy                           0.83       775
   macro avg       0.88      0.72      0.76       775
weighted avg       0.85      0.83      0.82       775

798 64.7
293 23.8
142 11.5
1200 64.7
439 23.7
215 11.6
(3087, 57) (3087,) (775, 57) (1854,) (1854,)

3 order Label Accuracy: 0.797
[[1128   53   19]
 [ 242  190    7]
 [  46    9  160]]
0.7971952535059331 [0.94       0.43280182 0.74418605]

 rate=40 and ii =7
Accuracy: 0.836
Macro Precision: 0.874
Macro Recall: 0.725
Macro F1-score: 0.765

[[510   3   8]
 [ 94  72   2]
 [ 18   2  66]]
              precision    recall  f1-score   support

           0       0.82      0.98      0.89       521
           1       0.94      0.43      0.59       168
           2       0.87      0.77      0.81        86

    accuracy                           0.84       775
   macro avg       0.87      0.72      0.76       775
weighted avg       0.85      0.84      0.82       775

798 64.7
293 23.8
142 11.5
1200 64.7
439 23.7
215 11.6
(3087, 57) (3087,) (775, 57) (1854,) (1854,)

4 order Label Accuracy: 0.817
[[1179    7   14]
 [ 251  180    8]
 [  56    3  156]]
0.8171521035598706 [0.9825     0.41002278 0.7255814 ]

 rate=40 and ii =7
Accuracy: 0.835
Macro Precision: 0.880
Macro Recall: 0.717
Macro F1-score: 0.761

[[512   3   7]
 [ 94  72   2]
 [ 21   1  63]]
              precision    recall  f1-score   support

           0       0.82      0.98      0.89       522
           1       0.95      0.43      0.59       168
           2       0.88      0.74      0.80        85

    accuracy                           0.83       775
   macro avg       0.88      0.72      0.76       775
weighted avg       0.85      0.83      0.82       775

Time(sec):  8.1575929
nodes = range(self.m)
range(0, 8)
Graph with 8 nodes and 0 edges
3 1233 8
L
[[1 1 1 ... 1 1 1]
 [1 1 1 ... 1 1 1]
 [1 1 1 ... 1 1 1]
 ...
 [1 1 3 ... 3 3 3]
 [3 1 3 ... 1 3 3]
 [1 1 3 ... 3 3 3]]
L_ind
[[1. 0. 0. ... 1. 0. 0.]
 [1. 0. 0. ... 1. 0. 0.]
 [1. 0. 0. ... 1. 0. 0.]
 ...
 [1. 0. 0. ... 0. 0. 1.]
 [0. 0. 1. ... 0. 0. 1.]
 [1. 0. 0. ... 0. 0. 1.]]
3 1854 8
L
[[2 1 3 ... 1 1 1]
 [1 1 1 ... 1 2 1]
 [1 1 1 ... 1 1 1]
 ...
 [1 3 3 ... 1 1 1]
 [3 1 3 ... 3 3 3]
 [1 1 1 ... 3 3 3]]
L_ind
[[0. 1. 0. ... 1. 0. 0.]
 [1. 0. 0. ... 1. 0. 0.]
 [1. 0. 0. ... 1. 0. 0.]
 ...
 [1. 0. 0. ... 1. 0. 0.]
 [0. 0. 1. ... 0. 0. 1.]
 [1. 0. 0. ... 0. 0. 1.]]
797 64.6
293 23.8
143 11.6
1201 64.8
439 23.7
214 11.5
(3087, 57) (3087,) (775, 57) (775,)

 SNO Accuracy: 0.722
[[935 150 116]
 [189 215  35]
 [ 18   7 189]]

 rate=40 and ii =8
Accuracy: 0.818
Macro Precision: 0.800
Macro Recall: 0.747
Macro F1-score: 0.751

[[478  15  19]
 [ 84  76  10]
 [ 13   0  80]]
              precision    recall  f1-score   support

           0       0.83      0.93      0.88       512
           1       0.84      0.45      0.58       170
           2       0.73      0.86      0.79        93

    accuracy                           0.82       775
   macro avg       0.80      0.75      0.75       775
weighted avg       0.82      0.82      0.80       775

797 64.6
293 23.8
143 11.6
1201 64.8
439 23.7
214 11.5
(3087, 57) (3087,) (775, 57) (775,)

semi-SelfTrain Label Accuracy: 0.804
[[1159   10   32]
 [ 244  180   15]
 [  59    4  151]]
0.8036677454153183 [0.96502914 0.41002278 0.70560748]

 rate=40 and ii =8
Accuracy: 0.834
Macro Precision: 0.871
Macro Recall: 0.719
Macro F1-score: 0.758

[[508   2   9]
 [ 91  73   5]
 [ 22   0  65]]
              precision    recall  f1-score   support

         0.0       0.82      0.98      0.89       519
         1.0       0.97      0.43      0.60       169
         2.0       0.82      0.75      0.78        87

    accuracy                           0.83       775
   macro avg       0.87      0.72      0.76       775
weighted avg       0.85      0.83      0.82       775

797 64.6
293 23.8
143 11.6
1201 64.8
439 23.7
214 11.5
(3087, 57) (3087,) (775, 57) (775,)

semi-LabelSpread Label Accuracy: 0.721
[[1201    0    0]
 [ 315  124    0]
 [ 202    0   12]]
0.721143473570658 [1.         0.28246014 0.05607477]

 rate=40 and ii =8
Accuracy: 0.772
Macro Precision: 0.917
Macro Recall: 0.483
Macro F1-score: 0.527

[[538   0   0]
 [114  49   0]
 [ 63   0  11]]
              precision    recall  f1-score   support

         0.0       0.75      1.00      0.86       538
         1.0       1.00      0.30      0.46       163
         2.0       1.00      0.15      0.26        74

    accuracy                           0.77       775
   macro avg       0.92      0.48      0.53       775
weighted avg       0.83      0.77      0.72       775

797 64.6
293 23.8
143 11.6
1201 64.8
439 23.7
214 11.5
(3087, 57) (3087,) (775, 57) (1854,) (1854,)

2 order Label Accuracy: 0.805
[[1148   33   20]
 [ 244  182   13]
 [  47    5  162]]
0.8047464940668824 [0.95587011 0.41457859 0.75700935]

 rate=40 and ii =8
Accuracy: 0.836
Macro Precision: 0.868
Macro Recall: 0.727
Macro F1-score: 0.766

[[508   5   7]
 [ 91  74   4]
 [ 19   1  66]]
              precision    recall  f1-score   support

           0       0.82      0.98      0.89       520
           1       0.93      0.44      0.59       169
           2       0.86      0.77      0.81        86

    accuracy                           0.84       775
   macro avg       0.87      0.73      0.77       775
weighted avg       0.85      0.84      0.82       775

797 64.6
293 23.8
143 11.6
1201 64.8
439 23.7
214 11.5
(3087, 57) (3087,) (775, 57) (1854,) (1854,)

3 order Label Accuracy: 0.784
[[1107   70   24]
 [ 240  185   14]
 [  45    7  162]]
0.7842502696871629 [0.92173189 0.4214123  0.75700935]

 rate=40 and ii =8
Accuracy: 0.831
Macro Precision: 0.853
Macro Recall: 0.723
Macro F1-score: 0.760

[[504   8   8]
 [ 90  75   4]
 [ 20   1  65]]
              precision    recall  f1-score   support

           0       0.82      0.97      0.89       520
           1       0.89      0.44      0.59       169
           2       0.84      0.76      0.80        86

    accuracy                           0.83       775
   macro avg       0.85      0.72      0.76       775
weighted avg       0.84      0.83      0.81       775

797 64.6
293 23.8
143 11.6
1201 64.8
439 23.7
214 11.5
(3087, 57) (3087,) (775, 57) (1854,) (1854,)

4 order Label Accuracy: 0.814
[[1159   24   18]
 [ 236  190   13]
 [  48    6  160]]
0.813915857605178 [0.96502914 0.43280182 0.74766355]

 rate=40 and ii =8
Accuracy: 0.835
Macro Precision: 0.870
Macro Recall: 0.724
Macro F1-score: 0.764

[[508   5   8]
 [ 91  75   3]
 [ 21   0  64]]
              precision    recall  f1-score   support

           0       0.82      0.98      0.89       521
           1       0.94      0.44      0.60       169
           2       0.85      0.75      0.80        85

    accuracy                           0.83       775
   macro avg       0.87      0.72      0.76       775
weighted avg       0.85      0.83      0.82       775

Time(sec):  7.973463500000001
nodes = range(self.m)
range(0, 8)
Graph with 8 nodes and 0 edges
3 1236 8
L
[[1 1 1 ... 1 1 1]
 [1 1 1 ... 1 1 1]
 [1 1 1 ... 1 1 1]
 ...
 [3 3 3 ... 1 3 3]
 [1 3 3 ... 1 3 3]
 [3 1 3 ... 1 3 3]]
L_ind
[[1. 0. 0. ... 1. 0. 0.]
 [1. 0. 0. ... 1. 0. 0.]
 [1. 0. 0. ... 1. 0. 0.]
 ...
 [0. 0. 1. ... 0. 0. 1.]
 [1. 0. 0. ... 0. 0. 1.]
 [0. 0. 1. ... 0. 0. 1.]]
3 1851 8
L
[[1 1 1 ... 1 1 1]
 [1 1 1 ... 1 1 1]
 [1 1 2 ... 1 1 1]
 ...
 [3 1 3 ... 1 1 1]
 [2 1 1 ... 1 3 3]
 [1 1 1 ... 1 3 3]]
L_ind
[[1. 0. 0. ... 1. 0. 0.]
 [1. 0. 0. ... 1. 0. 0.]
 [1. 0. 0. ... 1. 0. 0.]
 ...
 [0. 0. 1. ... 1. 0. 0.]
 [0. 1. 0. ... 0. 0. 1.]
 [1. 0. 0. ... 0. 0. 1.]]
800 64.7
293 23.7
143 11.6
1198 64.7
439 23.7
214 11.6
(3087, 57) (3087,) (775, 57) (775,)

 SNO Accuracy: 0.741
[[971 123 104]
 [190 223  26]
 [ 26  11 177]]

 rate=40 and ii =9
Accuracy: 0.849
Macro Precision: 0.857
Macro Recall: 0.777
Macro F1-score: 0.796

[[494   8  13]
 [ 79  86   5]
 [ 12   0  78]]
              precision    recall  f1-score   support

           0       0.84      0.96      0.90       515
           1       0.91      0.51      0.65       170
           2       0.81      0.87      0.84        90

    accuracy                           0.85       775
   macro avg       0.86      0.78      0.80       775
weighted avg       0.86      0.85      0.84       775

800 64.7
293 23.7
143 11.6
1198 64.7
439 23.7
214 11.6
(3087, 57) (3087,) (775, 57) (775,)

semi-SelfTrain Label Accuracy: 0.817
[[1169   14   15]
 [ 236  188   15]
 [  57    2  155]]
0.8168557536466775 [0.97579299 0.42824601 0.72429907]

 rate=40 and ii =9
Accuracy: 0.844
Macro Precision: 0.892
Macro Recall: 0.728
Macro F1-score: 0.775

[[514   2   7]
 [ 88  76   2]
 [ 22   0  64]]
              precision    recall  f1-score   support

         0.0       0.82      0.98      0.90       523
         1.0       0.97      0.46      0.62       166
         2.0       0.88      0.74      0.81        86

    accuracy                           0.84       775
   macro avg       0.89      0.73      0.77       775
weighted avg       0.86      0.84      0.83       775

800 64.7
293 23.7
143 11.6
1198 64.7
439 23.7
214 11.6
(3087, 57) (3087,) (775, 57) (775,)

semi-LabelSpread Label Accuracy: 0.730
[[1198    0    0]
 [ 302  137    0]
 [ 197    0   17]]
0.7304159913560238 [1.         0.31207289 0.07943925]

 rate=40 and ii =9
Accuracy: 0.783
Macro Precision: 0.920
Macro Recall: 0.507
Macro F1-score: 0.557

[[536   0   0]
 [107  59   0]
 [ 61   0  12]]
              precision    recall  f1-score   support

         0.0       0.76      1.00      0.86       536
         1.0       1.00      0.36      0.52       166
         2.0       1.00      0.16      0.28        73

    accuracy                           0.78       775
   macro avg       0.92      0.51      0.56       775
weighted avg       0.83      0.78      0.74       775

800 64.7
293 23.7
143 11.6
1198 64.7
439 23.7
214 11.6
(3087, 57) (3087,) (775, 57) (1851,) (1851,)

2 order Label Accuracy: 0.817
[[1160   21   17]
 [ 230  194   15]
 [  49    6  159]]
0.8173960021609941 [0.96828047 0.44191344 0.74299065]

 rate=40 and ii =9
Accuracy: 0.848
Macro Precision: 0.891
Macro Recall: 0.742
Macro F1-score: 0.785

[[510   2   8]
 [ 86  80   2]
 [ 20   0  67]]
              precision    recall  f1-score   support

           0       0.83      0.98      0.90       520
           1       0.98      0.48      0.64       168
           2       0.87      0.77      0.82        87

    accuracy                           0.85       775
   macro avg       0.89      0.74      0.78       775
weighted avg       0.86      0.85      0.83       775

800 64.7
293 23.7
143 11.6
1198 64.7
439 23.7
214 11.6
(3087, 57) (3087,) (775, 57) (1851,) (1851,)

3 order Label Accuracy: 0.822
[[1173   11   14]
 [ 234  192   13]
 [  54    3  157]]
0.8222582387898433 [0.97913189 0.43735763 0.73364486]

 rate=40 and ii =9
Accuracy: 0.846
Macro Precision: 0.888
Macro Recall: 0.738
Macro F1-score: 0.779

[[512   1   9]
 [ 86  77   3]
 [ 20   0  67]]
              precision    recall  f1-score   support

           0       0.83      0.98      0.90       522
           1       0.99      0.46      0.63       166
           2       0.85      0.77      0.81        87

    accuracy                           0.85       775
   macro avg       0.89      0.74      0.78       775
weighted avg       0.86      0.85      0.83       775

800 64.7
293 23.7
143 11.6
1198 64.7
439 23.7
214 11.6
(3087, 57) (3087,) (775, 57) (1851,) (1851,)

4 order Label Accuracy: 0.821
[[1173   14   11]
 [ 228  198   13]
 [  59    6  149]]
0.8211777417612102 [0.97913189 0.45102506 0.69626168]

 rate=40 and ii =9
Accuracy: 0.849
Macro Precision: 0.893
Macro Recall: 0.737
Macro F1-score: 0.784

[[515   3   6]
 [ 85  80   2]
 [ 21   0  63]]
              precision    recall  f1-score   support

           0       0.83      0.98      0.90       524
           1       0.96      0.48      0.64       167
           2       0.89      0.75      0.81        84

    accuracy                           0.85       775
   macro avg       0.89      0.74      0.78       775
weighted avg       0.86      0.85      0.83       775

Time(sec):  8.1640079
nodes = range(self.m)
range(0, 8)
Graph with 8 nodes and 0 edges
3 1234 8
L
[[1 1 1 ... 1 1 1]
 [1 1 1 ... 1 1 1]
 [1 1 1 ... 3 1 1]
 ...
 [3 1 3 ... 1 3 3]
 [3 1 3 ... 1 3 3]
 [1 1 3 ... 3 3 3]]
L_ind
[[1. 0. 0. ... 1. 0. 0.]
 [1. 0. 0. ... 1. 0. 0.]
 [1. 0. 0. ... 1. 0. 0.]
 ...
 [0. 0. 1. ... 0. 0. 1.]
 [0. 0. 1. ... 0. 0. 1.]
 [1. 0. 0. ... 0. 0. 1.]]
3 1853 8
L
[[2 1 1 ... 1 1 1]
 [1 1 1 ... 1 1 1]
 [1 1 1 ... 1 1 1]
 ...
 [3 3 3 ... 1 3 3]
 [2 3 3 ... 1 1 1]
 [1 1 1 ... 3 3 3]]
L_ind
[[0. 1. 0. ... 1. 0. 0.]
 [1. 0. 0. ... 1. 0. 0.]
 [1. 0. 0. ... 1. 0. 0.]
 ...
 [0. 0. 1. ... 0. 0. 1.]
 [0. 1. 0. ... 1. 0. 0.]
 [1. 0. 0. ... 0. 0. 1.]]
798 64.7
293 23.7
143 11.6
1200 64.8
439 23.7
214 11.5
(3087, 57) (3087,) (775, 57) (775,)

 SNO Accuracy: 0.728
[[971 112 117]
 [189 208  42]
 [ 30  14 170]]

 rate=40 and ii =10
Accuracy: 0.835
Macro Precision: 0.825
Macro Recall: 0.758
Macro F1-score: 0.767

[[490   8  16]
 [ 80  79  11]
 [ 11   2  78]]
              precision    recall  f1-score   support

           0       0.84      0.95      0.89       514
           1       0.89      0.46      0.61       170
           2       0.74      0.86      0.80        91

    accuracy                           0.83       775
   macro avg       0.82      0.76      0.77       775
weighted avg       0.84      0.83      0.82       775

798 64.7
293 23.7
143 11.6
1200 64.8
439 23.7
214 11.5
(3087, 57) (3087,) (775, 57) (775,)

semi-SelfTrain Label Accuracy: 0.805
[[1172   12   16]
 [ 246  179   14]
 [  73    1  140]]
0.8046411225040475 [0.97666667 0.40774487 0.65420561]

 rate=40 and ii =10
Accuracy: 0.830
Macro Precision: 0.862
Macro Recall: 0.711
Macro F1-score: 0.753

[[509   6   7]
 [ 92  73   4]
 [ 23   0  61]]
              precision    recall  f1-score   support

         0.0       0.82      0.98      0.89       522
         1.0       0.92      0.43      0.59       169
         2.0       0.85      0.73      0.78        84

    accuracy                           0.83       775
   macro avg       0.86      0.71      0.75       775
weighted avg       0.84      0.83      0.81       775

798 64.7
293 23.7
143 11.6
1200 64.8
439 23.7
214 11.5
(3087, 57) (3087,) (775, 57) (775,)

semi-LabelSpread Label Accuracy: 0.725
[[1200    0    0]
 [ 316  123    0]
 [ 193    0   21]]
0.7253103076092823 [1.         0.28018223 0.09813084]

 rate=40 and ii =10
Accuracy: 0.778
Macro Precision: 0.919
Macro Recall: 0.512
Macro F1-score: 0.567

[[535   0   0]
 [113  51   0]
 [ 59   0  17]]
              precision    recall  f1-score   support

         0.0       0.76      1.00      0.86       535
         1.0       1.00      0.31      0.47       164
         2.0       1.00      0.22      0.37        76

    accuracy                           0.78       775
   macro avg       0.92      0.51      0.57       775
weighted avg       0.83      0.78      0.73       775

798 64.7
293 23.7
143 11.6
1200 64.8
439 23.7
214 11.5
(3087, 57) (3087,) (775, 57) (1853,) (1853,)

2 order Label Accuracy: 0.806
[[1173    9   18]
 [ 248  170   21]
 [  62    1  151]]
0.8062601187263896 [0.9775     0.38724374 0.70560748]

 rate=40 and ii =10
Accuracy: 0.837
Macro Precision: 0.890
Macro Recall: 0.720
Macro F1-score: 0.762

[[515   1   6]
 [ 95  68   4]
 [ 20   0  66]]
              precision    recall  f1-score   support

           0       0.82      0.99      0.89       522
           1       0.99      0.41      0.58       167
           2       0.87      0.77      0.81        86

    accuracy                           0.84       775
   macro avg       0.89      0.72      0.76       775
weighted avg       0.86      0.84      0.82       775

798 64.7
293 23.7
143 11.6
1200 64.8
439 23.7
214 11.5
(3087, 57) (3087,) (775, 57) (1853,) (1853,)

3 order Label Accuracy: 0.806
[[1180    8   12]
 [ 254  170   15]
 [  69    1  144]]
0.8062601187263896 [0.98333333 0.38724374 0.6728972 ]

 rate=40 and ii =10
Accuracy: 0.832
Macro Precision: 0.882
Macro Recall: 0.711
Macro F1-score: 0.755

[[513   3   6]
 [ 96  68   3]
 [ 22   0  64]]
              precision    recall  f1-score   support

           0       0.81      0.98      0.89       522
           1       0.96      0.41      0.57       167
           2       0.88      0.74      0.81        86

    accuracy                           0.83       775
   macro avg       0.88      0.71      0.76       775
weighted avg       0.85      0.83      0.81       775

798 64.7
293 23.7
143 11.6
1200 64.8
439 23.7
214 11.5
(3087, 57) (3087,) (775, 57) (1853,) (1853,)

4 order Label Accuracy: 0.805
[[1178   10   12]
 [ 254  170   15]
 [  70    0  144]]
0.8051807879114948 [0.98166667 0.38724374 0.6728972 ]

 rate=40 and ii =10
Accuracy: 0.834
Macro Precision: 0.883
Macro Recall: 0.711
Macro F1-score: 0.755

[[515   3   5]
 [ 95  68   4]
 [ 22   0  63]]
              precision    recall  f1-score   support

           0       0.81      0.98      0.89       523
           1       0.96      0.41      0.57       167
           2       0.88      0.74      0.80        85

    accuracy                           0.83       775
   macro avg       0.88      0.71      0.76       775
weighted avg       0.85      0.83      0.81       775

Time(sec):  7.9828772
