nodes = range(self.m)
range(0, 8)
Graph with 8 nodes and 0 edges
3 2776 8
L
[[1 1 1 ... 1 1 1]
 [1 1 1 ... 1 1 1]
 [1 1 1 ... 1 1 1]
 ...
 [3 3 3 ... 1 3 1]
 [3 1 3 ... 1 3 3]
 [1 1 3 ... 1 3 3]]
L_ind
[[1. 0. 0. ... 1. 0. 0.]
 [1. 0. 0. ... 1. 0. 0.]
 [1. 0. 0. ... 1. 0. 0.]
 ...
 [0. 0. 1. ... 1. 0. 0.]
 [0. 0. 1. ... 0. 0. 1.]
 [1. 0. 0. ... 0. 0. 1.]]
3 311 8
L
[[2 1 1 ... 1 1 1]
 [1 1 1 ... 1 1 1]
 [1 1 1 ... 1 1 1]
 ...
 [1 1 1 ... 1 1 1]
 [3 1 3 ... 1 3 2]
 [1 1 3 ... 1 2 1]]
L_ind
[[0. 1. 0. ... 1. 0. 0.]
 [1. 0. 0. ... 1. 0. 0.]
 [1. 0. 0. ... 1. 0. 0.]
 ...
 [1. 0. 0. ... 1. 0. 0.]
 [0. 0. 1. ... 0. 1. 0.]
 [1. 0. 0. ... 1. 0. 0.]]
1797 64.7
658 23.7
321 11.6
201 64.6
74 23.8
36 11.6
(3087, 57) (3087,) (775, 57) (775,)

 SNO Accuracy: 0.830
[[170  23   8]
 [ 12  62   0]
 [  4   6  26]]

 rate=90 and ii =1
Accuracy: 0.895
Macro Precision: 0.908
Macro Recall: 0.825
Macro F1-score: 0.858

[[505   3   8]
 [ 51 119   2]
 [ 16   1  70]]
              precision    recall  f1-score   support

           0       0.88      0.98      0.93       516
           1       0.97      0.69      0.81       172
           2       0.88      0.80      0.84        87

    accuracy                           0.90       775
   macro avg       0.91      0.83      0.86       775
weighted avg       0.90      0.90      0.89       775

1797 64.7
658 23.7
321 11.6
201 64.6
74 23.8
36 11.6
(3087, 57) (3087,) (775, 57) (775,)

semi-SelfTrain Label Accuracy: 0.913
[[197   3   1]
 [ 12  62   0]
 [ 10   1  25]]
0.9131832797427653 [0.9800995  0.83783784 0.69444444]

 rate=90 and ii =1
Accuracy: 0.897
Macro Precision: 0.919
Macro Recall: 0.818
Macro F1-score: 0.859

[[510   4   5]
 [ 51 119   1]
 [ 18   1  66]]
              precision    recall  f1-score   support

         0.0       0.88      0.98      0.93       519
         1.0       0.96      0.70      0.81       171
         2.0       0.92      0.78      0.84        85

    accuracy                           0.90       775
   macro avg       0.92      0.82      0.86       775
weighted avg       0.90      0.90      0.89       775

1797 64.7
658 23.7
321 11.6
201 64.6
74 23.8
36 11.6
(3087, 57) (3087,) (775, 57) (775,)

semi-LabelSpread Label Accuracy: 0.830
[[201   0   0]
 [ 21  53   0]
 [ 32   0   4]]
0.8295819935691319 [1.         0.71621622 0.11111111]

 rate=90 and ii =1
Accuracy: 0.893
Macro Precision: 0.922
Macro Recall: 0.801
Macro F1-score: 0.849

[[515   3   4]
 [ 53 116   1]
 [ 21   1  61]]
              precision    recall  f1-score   support

         0.0       0.87      0.99      0.93       522
         1.0       0.97      0.68      0.80       170
         2.0       0.92      0.73      0.82        83

    accuracy                           0.89       775
   macro avg       0.92      0.80      0.85       775
weighted avg       0.90      0.89      0.89       775

1797 64.7
658 23.7
321 11.6
201 64.6
74 23.8
36 11.6
(3087, 57) (3087,) (775, 57) (311,) (311,)

2 order Label Accuracy: 0.900
[[200   1   0]
 [ 13  61   0]
 [ 15   2  19]]
0.9003215434083601 [0.99502488 0.82432432 0.52777778]

 rate=90 and ii =1
Accuracy: 0.898
Macro Precision: 0.927
Macro Recall: 0.816
Macro F1-score: 0.859

[[513   0   6]
 [ 53 117   1]
 [ 19   0  66]]
              precision    recall  f1-score   support

           0       0.88      0.99      0.93       519
           1       1.00      0.68      0.81       171
           2       0.90      0.78      0.84        85

    accuracy                           0.90       775
   macro avg       0.93      0.82      0.86       775
weighted avg       0.91      0.90      0.89       775

1797 64.7
658 23.7
321 11.6
201 64.6
74 23.8
36 11.6
(3087, 57) (3087,) (775, 57) (311,) (311,)

3 order Label Accuracy: 0.913
[[200   1   0]
 [ 13  61   0]
 [ 11   2  23]]
0.9131832797427653 [0.99502488 0.82432432 0.63888889]

 rate=90 and ii =1
Accuracy: 0.893
Macro Precision: 0.912
Macro Recall: 0.816
Macro F1-score: 0.854

[[506   2   8]
 [ 53 118   1]
 [ 18   1  68]]
              precision    recall  f1-score   support

           0       0.88      0.98      0.93       516
           1       0.98      0.69      0.81       172
           2       0.88      0.78      0.83        87

    accuracy                           0.89       775
   macro avg       0.91      0.82      0.85       775
weighted avg       0.90      0.89      0.89       775

1797 64.7
658 23.7
321 11.6
201 64.6
74 23.8
36 11.6
(3087, 57) (3087,) (775, 57) (311,) (311,)

4 order Label Accuracy: 0.900
[[196   4   1]
 [ 13  61   0]
 [ 11   2  23]]
0.9003215434083601 [0.97512438 0.82432432 0.63888889]

 rate=90 and ii =1
Accuracy: 0.892
Macro Precision: 0.906
Macro Recall: 0.815
Macro F1-score: 0.852

[[506   6   6]
 [ 51 118   2]
 [ 18   1  67]]
              precision    recall  f1-score   support

           0       0.88      0.98      0.93       518
           1       0.94      0.69      0.80       171
           2       0.89      0.78      0.83        86

    accuracy                           0.89       775
   macro avg       0.91      0.82      0.85       775
weighted avg       0.90      0.89      0.89       775

Time(sec):  8.064481
nodes = range(self.m)
range(0, 8)
Graph with 8 nodes and 0 edges
3 2777 8
L
[[2 1 1 ... 1 1 1]
 [1 1 1 ... 1 1 1]
 [1 1 1 ... 1 1 1]
 ...
 [3 1 3 ... 1 3 3]
 [1 1 3 ... 1 3 3]
 [1 1 3 ... 1 3 3]]
L_ind
[[0. 1. 0. ... 1. 0. 0.]
 [1. 0. 0. ... 1. 0. 0.]
 [1. 0. 0. ... 1. 0. 0.]
 ...
 [0. 0. 1. ... 0. 0. 1.]
 [1. 0. 0. ... 0. 0. 1.]
 [1. 0. 0. ... 0. 0. 1.]]
3 310 8
L
[[1 1 1 ... 1 1 1]
 [1 1 2 ... 1 2 1]
 [1 1 1 ... 1 1 1]
 ...
 [3 3 3 ... 1 3 3]
 [1 1 1 ... 1 1 1]
 [1 1 3 ... 1 2 1]]
L_ind
[[1. 0. 0. ... 1. 0. 0.]
 [1. 0. 0. ... 1. 0. 0.]
 [1. 0. 0. ... 1. 0. 0.]
 ...
 [0. 0. 1. ... 0. 0. 1.]
 [1. 0. 0. ... 1. 0. 0.]
 [1. 0. 0. ... 1. 0. 0.]]
1797 64.7
659 23.7
321 11.6
201 64.8
73 23.5
36 11.6
(3087, 57) (3087,) (775, 57) (775,)

 SNO Accuracy: 0.839
[[179  13   9]
 [ 23  50   0]
 [  4   1  31]]

 rate=90 and ii =2
Accuracy: 0.893
Macro Precision: 0.910
Macro Recall: 0.823
Macro F1-score: 0.855

[[507   3   7]
 [ 55 113   3]
 [ 15   0  72]]
              precision    recall  f1-score   support

           0       0.88      0.98      0.93       517
           1       0.97      0.66      0.79       171
           2       0.88      0.83      0.85        87

    accuracy                           0.89       775
   macro avg       0.91      0.82      0.86       775
weighted avg       0.90      0.89      0.89       775

1797 64.7
659 23.7
321 11.6
201 64.8
73 23.5
36 11.6
(3087, 57) (3087,) (775, 57) (775,)

semi-SelfTrain Label Accuracy: 0.897
[[198   0   3]
 [ 22  51   0]
 [  7   0  29]]
0.896774193548387 [0.98507463 0.69863014 0.80555556]

 rate=90 and ii =2
Accuracy: 0.886
Macro Precision: 0.903
Macro Recall: 0.811
Macro F1-score: 0.846

[[504   3   9]
 [ 56 113   2]
 [ 18   0  70]]
              precision    recall  f1-score   support

         0.0       0.87      0.98      0.92       516
         1.0       0.97      0.66      0.79       171
         2.0       0.86      0.80      0.83        88

    accuracy                           0.89       775
   macro avg       0.90      0.81      0.85       775
weighted avg       0.89      0.89      0.88       775

1797 64.7
659 23.7
321 11.6
201 64.8
73 23.5
36 11.6
(3087, 57) (3087,) (775, 57) (775,)

semi-LabelSpread Label Accuracy: 0.784
[[201   0   0]
 [ 32  41   0]
 [ 35   0   1]]
0.7838709677419354 [1.         0.56164384 0.02777778]

 rate=90 and ii =2
Accuracy: 0.892
Macro Precision: 0.920
Macro Recall: 0.810
Macro F1-score: 0.853

[[512   4   4]
 [ 57 113   1]
 [ 17   1  66]]
              precision    recall  f1-score   support

         0.0       0.87      0.98      0.93       520
         1.0       0.96      0.66      0.78       171
         2.0       0.93      0.79      0.85        84

    accuracy                           0.89       775
   macro avg       0.92      0.81      0.85       775
weighted avg       0.90      0.89      0.89       775

1797 64.7
659 23.7
321 11.6
201 64.8
73 23.5
36 11.6
(3087, 57) (3087,) (775, 57) (310,) (310,)

2 order Label Accuracy: 0.874
[[198   1   2]
 [ 29  43   1]
 [  6   0  30]]
0.8741935483870967 [0.98507463 0.5890411  0.83333333]

 rate=90 and ii =2
Accuracy: 0.889
Macro Precision: 0.915
Macro Recall: 0.812
Macro F1-score: 0.851

[[507   4   6]
 [ 57 113   1]
 [ 18   0  69]]
              precision    recall  f1-score   support

           0       0.87      0.98      0.92       517
           1       0.97      0.66      0.78       171
           2       0.91      0.79      0.85        87

    accuracy                           0.89       775
   macro avg       0.91      0.81      0.85       775
weighted avg       0.90      0.89      0.88       775

1797 64.7
659 23.7
321 11.6
201 64.8
73 23.5
36 11.6
(3087, 57) (3087,) (775, 57) (310,) (310,)

3 order Label Accuracy: 0.887
[[198   2   1]
 [ 23  49   1]
 [  7   1  28]]
0.8870967741935484 [0.98507463 0.67123288 0.77777778]

 rate=90 and ii =2
Accuracy: 0.892
Macro Precision: 0.914
Macro Recall: 0.818
Macro F1-score: 0.855

[[506   4   6]
 [ 56 115   1]
 [ 16   1  70]]
              precision    recall  f1-score   support

           0       0.88      0.98      0.93       516
           1       0.96      0.67      0.79       172
           2       0.91      0.80      0.85        87

    accuracy                           0.89       775
   macro avg       0.91      0.82      0.86       775
weighted avg       0.90      0.89      0.89       775

1797 64.7
659 23.7
321 11.6
201 64.8
73 23.5
36 11.6
(3087, 57) (3087,) (775, 57) (310,) (310,)

4 order Label Accuracy: 0.887
[[196   1   4]
 [ 23  49   1]
 [  5   1  30]]
0.8870967741935484 [0.97512438 0.67123288 0.83333333]

 rate=90 and ii =2
Accuracy: 0.890
Macro Precision: 0.915
Macro Recall: 0.810
Macro F1-score: 0.851

[[508   3   6]
 [ 56 114   1]
 [ 18   1  68]]
              precision    recall  f1-score   support

           0       0.87      0.98      0.92       517
           1       0.97      0.67      0.79       171
           2       0.91      0.78      0.84        87

    accuracy                           0.89       775
   macro avg       0.92      0.81      0.85       775
weighted avg       0.90      0.89      0.89       775

Time(sec):  7.656764900000001
nodes = range(self.m)
range(0, 8)
Graph with 8 nodes and 0 edges
3 2777 8
L
[[2 1 1 ... 1 1 1]
 [1 1 1 ... 1 1 1]
 [1 1 1 ... 1 1 1]
 ...
 [3 1 3 ... 1 3 3]
 [1 1 3 ... 1 3 3]
 [2 1 3 ... 1 3 3]]
L_ind
[[0. 1. 0. ... 1. 0. 0.]
 [1. 0. 0. ... 1. 0. 0.]
 [1. 0. 0. ... 1. 0. 0.]
 ...
 [0. 0. 1. ... 0. 0. 1.]
 [1. 0. 0. ... 0. 0. 1.]
 [0. 1. 0. ... 0. 0. 1.]]
3 310 8
L
[[1 1 1 ... 1 1 1]
 [1 1 1 ... 1 1 1]
 [1 1 1 ... 1 1 1]
 ...
 [1 1 2 ... 1 1 1]
 [1 1 2 ... 1 2 1]
 [2 1 2 ... 1 2 1]]
L_ind
[[1. 0. 0. ... 1. 0. 0.]
 [1. 0. 0. ... 1. 0. 0.]
 [1. 0. 0. ... 1. 0. 0.]
 ...
 [1. 0. 0. ... 1. 0. 0.]
 [1. 0. 0. ... 1. 0. 0.]
 [0. 1. 0. ... 1. 0. 0.]]
1797 64.7
659 23.7
321 11.6
201 64.8
73 23.5
36 11.6
(3087, 57) (3087,) (775, 57) (775,)

 SNO Accuracy: 0.835
[[179  13   9]
 [ 21  50   2]
 [  6   0  30]]

 rate=90 and ii =3
Accuracy: 0.890
Macro Precision: 0.907
Macro Recall: 0.815
Macro F1-score: 0.851

[[505   3   8]
 [ 54 117   2]
 [ 18   0  68]]
              precision    recall  f1-score   support

           0       0.88      0.98      0.92       516
           1       0.97      0.68      0.80       173
           2       0.87      0.79      0.83        86

    accuracy                           0.89       775
   macro avg       0.91      0.82      0.85       775
weighted avg       0.90      0.89      0.89       775

1797 64.7
659 23.7
321 11.6
201 64.8
73 23.5
36 11.6
(3087, 57) (3087,) (775, 57) (775,)

semi-SelfTrain Label Accuracy: 0.877
[[197   1   3]
 [ 23  50   0]
 [ 11   0  25]]
0.8774193548387097 [0.9800995  0.68493151 0.69444444]

 rate=90 and ii =3
Accuracy: 0.890
Macro Precision: 0.910
Macro Recall: 0.815
Macro F1-score: 0.852

[[505   5   6]
 [ 54 116   2]
 [ 18   0  69]]
              precision    recall  f1-score   support

         0.0       0.88      0.98      0.92       516
         1.0       0.96      0.67      0.79       172
         2.0       0.90      0.79      0.84        87

    accuracy                           0.89       775
   macro avg       0.91      0.82      0.85       775
weighted avg       0.90      0.89      0.89       775

1797 64.7
659 23.7
321 11.6
201 64.8
73 23.5
36 11.6
(3087, 57) (3087,) (775, 57) (775,)

semi-LabelSpread Label Accuracy: 0.806
[[201   0   0]
 [ 31  42   0]
 [ 29   0   7]]
0.8064516129032258 [1.         0.57534247 0.19444444]

 rate=90 and ii =3
Accuracy: 0.892
Macro Precision: 0.922
Macro Recall: 0.808
Macro F1-score: 0.851

[[512   1   6]
 [ 57 114   1]
 [ 19   0  65]]
              precision    recall  f1-score   support

         0.0       0.87      0.99      0.93       519
         1.0       0.99      0.66      0.79       172
         2.0       0.90      0.77      0.83        84

    accuracy                           0.89       775
   macro avg       0.92      0.81      0.85       775
weighted avg       0.90      0.89      0.89       775

1797 64.7
659 23.7
321 11.6
201 64.8
73 23.5
36 11.6
(3087, 57) (3087,) (775, 57) (310,) (310,)

2 order Label Accuracy: 0.600
[[156  27  18]
 [ 54  17   2]
 [ 23   0  13]]
0.6 [0.7761194  0.23287671 0.36111111]

 rate=90 and ii =3
Accuracy: 0.897
Macro Precision: 0.930
Macro Recall: 0.817
Macro F1-score: 0.861

[[512   2   4]
 [ 55 116   1]
 [ 18   0  67]]
              precision    recall  f1-score   support

           0       0.88      0.99      0.93       518
           1       0.98      0.67      0.80       172
           2       0.93      0.79      0.85        85

    accuracy                           0.90       775
   macro avg       0.93      0.82      0.86       775
weighted avg       0.91      0.90      0.89       775

1797 64.7
659 23.7
321 11.6
201 64.8
73 23.5
36 11.6
(3087, 57) (3087,) (775, 57) (310,) (310,)

3 order Label Accuracy: 0.594
[[153  31  17]
 [ 51  20   2]
 [ 24   1  11]]
0.5935483870967742 [0.76119403 0.2739726  0.30555556]

 rate=90 and ii =3
Accuracy: 0.888
Macro Precision: 0.912
Macro Recall: 0.807
Macro F1-score: 0.847

[[508   3   7]
 [ 57 113   1]
 [ 19   0  67]]
              precision    recall  f1-score   support

           0       0.87      0.98      0.92       518
           1       0.97      0.66      0.79       171
           2       0.89      0.78      0.83        86

    accuracy                           0.89       775
   macro avg       0.91      0.81      0.85       775
weighted avg       0.90      0.89      0.88       775

1797 64.7
659 23.7
321 11.6
201 64.8
73 23.5
36 11.6
(3087, 57) (3087,) (775, 57) (310,) (310,)

4 order Label Accuracy: 0.597
[[152  30  19]
 [ 50  20   3]
 [ 22   1  13]]
0.5967741935483871 [0.75621891 0.2739726  0.36111111]

 rate=90 and ii =3
Accuracy: 0.889
Macro Precision: 0.918
Macro Recall: 0.806
Macro F1-score: 0.848

[[508   1   7]
 [ 57 114   1]
 [ 20   0  67]]
              precision    recall  f1-score   support

           0       0.87      0.98      0.92       516
           1       0.99      0.66      0.79       172
           2       0.89      0.77      0.83        87

    accuracy                           0.89       775
   macro avg       0.92      0.81      0.85       775
weighted avg       0.90      0.89      0.88       775

Time(sec):  8.0851205
nodes = range(self.m)
range(0, 8)
Graph with 8 nodes and 0 edges
3 2778 8
L
[[2 1 1 ... 1 1 1]
 [1 1 1 ... 1 1 1]
 [1 1 1 ... 1 1 1]
 ...
 [3 1 3 ... 1 3 3]
 [1 1 3 ... 1 3 3]
 [1 1 3 ... 1 3 3]]
L_ind
[[0. 1. 0. ... 1. 0. 0.]
 [1. 0. 0. ... 1. 0. 0.]
 [1. 0. 0. ... 1. 0. 0.]
 ...
 [0. 0. 1. ... 0. 0. 1.]
 [1. 0. 0. ... 0. 0. 1.]
 [1. 0. 0. ... 0. 0. 1.]]
3 309 8
L
[[1 1 1 ... 1 1 1]
 [2 1 2 ... 1 2 1]
 [1 1 1 ... 2 1 1]
 ...
 [1 1 2 ... 1 2 1]
 [2 1 1 ... 1 1 3]
 [3 1 3 ... 1 3 3]]
L_ind
[[1. 0. 0. ... 1. 0. 0.]
 [0. 1. 0. ... 1. 0. 0.]
 [1. 0. 0. ... 1. 0. 0.]
 ...
 [1. 0. 0. ... 1. 0. 0.]
 [0. 1. 0. ... 0. 0. 1.]
 [0. 0. 1. ... 0. 0. 1.]]
1798 64.7
658 23.7
322 11.6
200 64.7
74 23.9
35 11.3
(3087, 57) (3087,) (775, 57) (775,)

 SNO Accuracy: 0.822
[[170  22   8]
 [ 17  53   4]
 [  4   0  31]]

 rate=90 and ii =4
Accuracy: 0.884
Macro Precision: 0.908
Macro Recall: 0.812
Macro F1-score: 0.847

[[504   5   6]
 [ 62 108   2]
 [ 15   0  73]]
              precision    recall  f1-score   support

           0       0.87      0.98      0.92       515
           1       0.96      0.63      0.76       172
           2       0.90      0.83      0.86        88

    accuracy                           0.88       775
   macro avg       0.91      0.81      0.85       775
weighted avg       0.89      0.88      0.88       775

1798 64.7
658 23.7
322 11.6
200 64.7
74 23.9
35 11.3
(3087, 57) (3087,) (775, 57) (775,)

semi-SelfTrain Label Accuracy: 0.883
[[194   4   2]
 [ 21  51   2]
 [  7   0  28]]
0.883495145631068 [0.97       0.68918919 0.8       ]

 rate=90 and ii =4
Accuracy: 0.881
Macro Precision: 0.908
Macro Recall: 0.802
Macro F1-score: 0.841

[[506   4   6]
 [ 63 107   2]
 [ 17   0  70]]
              precision    recall  f1-score   support

         0.0       0.86      0.98      0.92       516
         1.0       0.96      0.62      0.76       172
         2.0       0.90      0.80      0.85        87

    accuracy                           0.88       775
   macro avg       0.91      0.80      0.84       775
weighted avg       0.89      0.88      0.87       775

1798 64.7
658 23.7
322 11.6
200 64.7
74 23.9
35 11.3
(3087, 57) (3087,) (775, 57) (775,)

semi-LabelSpread Label Accuracy: 0.806
[[200   0   0]
 [ 30  44   0]
 [ 30   0   5]]
0.8058252427184466 [1.         0.59459459 0.14285714]

 rate=90 and ii =4
Accuracy: 0.879
Macro Precision: 0.916
Macro Recall: 0.793
Macro F1-score: 0.837

[[510   3   5]
 [ 67 103   1]
 [ 18   0  68]]
              precision    recall  f1-score   support

         0.0       0.86      0.98      0.92       518
         1.0       0.97      0.60      0.74       171
         2.0       0.92      0.79      0.85        86

    accuracy                           0.88       775
   macro avg       0.92      0.79      0.84       775
weighted avg       0.89      0.88      0.87       775

1798 64.7
658 23.7
322 11.6
200 64.7
74 23.9
35 11.3
(3087, 57) (3087,) (775, 57) (309,) (309,)

2 order Label Accuracy: 0.883
[[196   3   1]
 [ 21  51   2]
 [  9   0  26]]
0.883495145631068 [0.98       0.68918919 0.74285714]

 rate=90 and ii =4
Accuracy: 0.880
Macro Precision: 0.908
Macro Recall: 0.799
Macro F1-score: 0.839

[[506   5   5]
 [ 63 107   2]
 [ 18   0  69]]
              precision    recall  f1-score   support

           0       0.86      0.98      0.92       516
           1       0.96      0.62      0.75       172
           2       0.91      0.79      0.85        87

    accuracy                           0.88       775
   macro avg       0.91      0.80      0.84       775
weighted avg       0.89      0.88      0.87       775

1798 64.7
658 23.7
322 11.6
200 64.7
74 23.9
35 11.3
(3087, 57) (3087,) (775, 57) (309,) (309,)

3 order Label Accuracy: 0.880
[[194   3   3]
 [ 21  51   2]
 [  8   0  27]]
0.8802588996763754 [0.97       0.68918919 0.77142857]

 rate=90 and ii =4
Accuracy: 0.881
Macro Precision: 0.907
Macro Recall: 0.799
Macro F1-score: 0.839

[[508   4   6]
 [ 62 108   2]
 [ 18   0  67]]
              precision    recall  f1-score   support

           0       0.86      0.98      0.92       518
           1       0.96      0.63      0.76       172
           2       0.89      0.79      0.84        85

    accuracy                           0.88       775
   macro avg       0.91      0.80      0.84       775
weighted avg       0.89      0.88      0.87       775

1798 64.7
658 23.7
322 11.6
200 64.7
74 23.9
35 11.3
(3087, 57) (3087,) (775, 57) (309,) (309,)

4 order Label Accuracy: 0.883
[[196   2   2]
 [ 21  51   2]
 [  9   0  26]]
0.883495145631068 [0.98       0.68918919 0.74285714]

 rate=90 and ii =4
Accuracy: 0.889
Macro Precision: 0.921
Macro Recall: 0.816
Macro F1-score: 0.853

[[509   2   5]
 [ 63 107   2]
 [ 14   0  73]]
              precision    recall  f1-score   support

           0       0.87      0.99      0.92       516
           1       0.98      0.62      0.76       172
           2       0.91      0.84      0.87        87

    accuracy                           0.89       775
   macro avg       0.92      0.82      0.85       775
weighted avg       0.90      0.89      0.88       775

Time(sec):  7.8726447
nodes = range(self.m)
range(0, 8)
Graph with 8 nodes and 0 edges
3 2778 8
L
[[2 1 1 ... 1 1 1]
 [1 1 1 ... 1 1 1]
 [1 1 1 ... 1 1 1]
 ...
 [3 3 3 ... 1 3 1]
 [3 1 3 ... 1 3 3]
 [1 1 3 ... 1 3 3]]
L_ind
[[0. 1. 0. ... 1. 0. 0.]
 [1. 0. 0. ... 1. 0. 0.]
 [1. 0. 0. ... 1. 0. 0.]
 ...
 [0. 0. 1. ... 1. 0. 0.]
 [0. 0. 1. ... 0. 0. 1.]
 [1. 0. 0. ... 0. 0. 1.]]
3 309 8
L
[[1 1 1 ... 1 1 1]
 [2 1 1 ... 1 1 1]
 [1 1 1 ... 1 3 3]
 ...
 [1 1 1 ... 1 1 1]
 [2 1 1 ... 1 1 1]
 [2 1 2 ... 1 2 1]]
L_ind
[[1. 0. 0. ... 1. 0. 0.]
 [0. 1. 0. ... 1. 0. 0.]
 [1. 0. 0. ... 0. 0. 1.]
 ...
 [1. 0. 0. ... 1. 0. 0.]
 [0. 1. 0. ... 1. 0. 0.]
 [0. 1. 0. ... 1. 0. 0.]]
1797 64.7
659 23.7
322 11.6
201 65.0
73 23.6
35 11.3
(3087, 57) (3087,) (775, 57) (775,)

 SNO Accuracy: 0.809
[[173  11  17]
 [ 19  50   4]
 [  7   1  27]]

 rate=90 and ii =5
Accuracy: 0.889
Macro Precision: 0.909
Macro Recall: 0.818
Macro F1-score: 0.852

[[505   4   8]
 [ 57 113   1]
 [ 16   0  71]]
              precision    recall  f1-score   support

           0       0.87      0.98      0.92       517
           1       0.97      0.66      0.78       171
           2       0.89      0.82      0.85        87

    accuracy                           0.89       775
   macro avg       0.91      0.82      0.85       775
weighted avg       0.90      0.89      0.88       775

1797 64.7
659 23.7
322 11.6
201 65.0
73 23.6
35 11.3
(3087, 57) (3087,) (775, 57) (775,)

semi-SelfTrain Label Accuracy: 0.858
[[196   2   3]
 [ 25  46   2]
 [ 11   1  23]]
0.8576051779935275 [0.97512438 0.63013699 0.65714286]

 rate=90 and ii =5
Accuracy: 0.892
Macro Precision: 0.913
Macro Recall: 0.817
Macro F1-score: 0.854

[[507   4   6]
 [ 55 114   2]
 [ 17   0  70]]
              precision    recall  f1-score   support

         0.0       0.88      0.98      0.93       517
         1.0       0.97      0.67      0.79       171
         2.0       0.90      0.80      0.85        87

    accuracy                           0.89       775
   macro avg       0.91      0.82      0.85       775
weighted avg       0.90      0.89      0.89       775

1797 64.7
659 23.7
322 11.6
201 65.0
73 23.6
35 11.3
(3087, 57) (3087,) (775, 57) (775,)

semi-LabelSpread Label Accuracy: 0.799
[[201   0   0]
 [ 30  43   0]
 [ 32   0   3]]
0.7993527508090615 [1.         0.5890411  0.08571429]

 rate=90 and ii =5
Accuracy: 0.884
Macro Precision: 0.916
Macro Recall: 0.796
Macro F1-score: 0.842

[[511   5   4]
 [ 60 109   1]
 [ 20   0  65]]
              precision    recall  f1-score   support

         0.0       0.86      0.98      0.92       520
         1.0       0.96      0.64      0.77       170
         2.0       0.93      0.76      0.84        85

    accuracy                           0.88       775
   macro avg       0.92      0.80      0.84       775
weighted avg       0.89      0.88      0.88       775

1797 64.7
659 23.7
322 11.6
201 65.0
73 23.6
35 11.3
(3087, 57) (3087,) (775, 57) (309,) (309,)

2 order Label Accuracy: 0.871
[[197   1   3]
 [ 25  46   2]
 [  9   0  26]]
0.8705501618122977 [0.9800995  0.63013699 0.74285714]

 rate=90 and ii =5
Accuracy: 0.885
Macro Precision: 0.906
Macro Recall: 0.804
Macro F1-score: 0.844

[[507   6   5]
 [ 57 111   2]
 [ 18   1  68]]
              precision    recall  f1-score   support

           0       0.87      0.98      0.92       518
           1       0.94      0.65      0.77       170
           2       0.91      0.78      0.84        87

    accuracy                           0.89       775
   macro avg       0.91      0.80      0.84       775
weighted avg       0.89      0.89      0.88       775

1797 64.7
659 23.7
322 11.6
201 65.0
73 23.6
35 11.3
(3087, 57) (3087,) (775, 57) (309,) (309,)

3 order Label Accuracy: 0.854
[[200   1   0]
 [ 27  46   0]
 [ 17   0  18]]
0.8543689320388349 [0.99502488 0.63013699 0.51428571]

 rate=90 and ii =5
Accuracy: 0.894
Macro Precision: 0.920
Macro Recall: 0.813
Macro F1-score: 0.854

[[510   1   6]
 [ 54 116   2]
 [ 19   0  67]]
              precision    recall  f1-score   support

           0       0.87      0.99      0.93       517
           1       0.99      0.67      0.80       172
           2       0.89      0.78      0.83        86

    accuracy                           0.89       775
   macro avg       0.92      0.81      0.85       775
weighted avg       0.90      0.89      0.89       775

1797 64.7
659 23.7
322 11.6
201 65.0
73 23.6
35 11.3
(3087, 57) (3087,) (775, 57) (309,) (309,)

4 order Label Accuracy: 0.867
[[198   1   2]
 [ 25  46   2]
 [ 11   0  24]]
0.8673139158576052 [0.98507463 0.63013699 0.68571429]

 rate=90 and ii =5
Accuracy: 0.889
Macro Precision: 0.911
Macro Recall: 0.811
Macro F1-score: 0.850

[[506   4   7]
 [ 55 116   1]
 [ 19   0  67]]
              precision    recall  f1-score   support

           0       0.87      0.98      0.92       517
           1       0.97      0.67      0.79       172
           2       0.89      0.78      0.83        86

    accuracy                           0.89       775
   macro avg       0.91      0.81      0.85       775
weighted avg       0.90      0.89      0.88       775

Time(sec):  7.7563732000000005
nodes = range(self.m)
range(0, 8)
Graph with 8 nodes and 0 edges
3 2777 8
L
[[2 1 1 ... 1 1 1]
 [1 1 1 ... 1 1 1]
 [1 1 1 ... 1 1 1]
 ...
 [3 1 3 ... 1 3 3]
 [1 1 3 ... 1 3 3]
 [2 1 3 ... 1 3 3]]
L_ind
[[0. 1. 0. ... 1. 0. 0.]
 [1. 0. 0. ... 1. 0. 0.]
 [1. 0. 0. ... 1. 0. 0.]
 ...
 [0. 0. 1. ... 0. 0. 1.]
 [1. 0. 0. ... 0. 0. 1.]
 [0. 1. 0. ... 0. 0. 1.]]
3 310 8
L
[[1 1 1 ... 1 1 1]
 [1 1 3 ... 1 3 3]
 [1 1 1 ... 1 1 1]
 ...
 [2 1 2 ... 1 2 1]
 [1 1 1 ... 2 1 1]
 [1 1 1 ... 1 1 1]]
L_ind
[[1. 0. 0. ... 1. 0. 0.]
 [1. 0. 0. ... 0. 0. 1.]
 [1. 0. 0. ... 1. 0. 0.]
 ...
 [0. 1. 0. ... 1. 0. 0.]
 [1. 0. 0. ... 1. 0. 0.]
 [1. 0. 0. ... 1. 0. 0.]]
1798 64.7
658 23.7
321 11.6
200 64.5
74 23.9
36 11.6
(3087, 57) (3087,) (775, 57) (775,)

 SNO Accuracy: 0.845
[[176  10  14]
 [ 17  55   2]
 [  2   3  31]]

 rate=90 and ii =6
Accuracy: 0.889
Macro Precision: 0.910
Macro Recall: 0.812
Macro F1-score: 0.849

[[506   2   8]
 [ 56 114   2]
 [ 18   0  69]]
              precision    recall  f1-score   support

           0       0.87      0.98      0.92       516
           1       0.98      0.66      0.79       172
           2       0.87      0.79      0.83        87

    accuracy                           0.89       775
   macro avg       0.91      0.81      0.85       775
weighted avg       0.90      0.89      0.88       775

1798 64.7
658 23.7
321 11.6
200 64.5
74 23.9
36 11.6
(3087, 57) (3087,) (775, 57) (775,)

semi-SelfTrain Label Accuracy: 0.906
[[196   2   2]
 [ 20  54   0]
 [  3   2  31]]
0.9064516129032258 [0.98       0.72972973 0.86111111]

 rate=90 and ii =6
Accuracy: 0.889
Macro Precision: 0.912
Macro Recall: 0.811
Macro F1-score: 0.850

[[505   3   7]
 [ 56 115   1]
 [ 18   1  69]]
              precision    recall  f1-score   support

         0.0       0.87      0.98      0.92       515
         1.0       0.97      0.67      0.79       172
         2.0       0.90      0.78      0.84        88

    accuracy                           0.89       775
   macro avg       0.91      0.81      0.85       775
weighted avg       0.90      0.89      0.88       775

1798 64.7
658 23.7
321 11.6
200 64.5
74 23.9
36 11.6
(3087, 57) (3087,) (775, 57) (775,)

semi-LabelSpread Label Accuracy: 0.794
[[200   0   0]
 [ 34  40   0]
 [ 30   0   6]]
0.7935483870967742 [1.         0.54054054 0.16666667]

 rate=90 and ii =6
Accuracy: 0.880
Macro Precision: 0.913
Macro Recall: 0.788
Macro F1-score: 0.835

[[511   4   5]
 [ 62 107   1]
 [ 21   0  64]]
              precision    recall  f1-score   support

         0.0       0.86      0.98      0.92       520
         1.0       0.96      0.63      0.76       170
         2.0       0.91      0.75      0.83        85

    accuracy                           0.88       775
   macro avg       0.91      0.79      0.83       775
weighted avg       0.89      0.88      0.87       775

1798 64.7
658 23.7
321 11.6
200 64.5
74 23.9
36 11.6
(3087, 57) (3087,) (775, 57) (310,) (310,)

2 order Label Accuracy: 0.871
[[191   5   4]
 [ 25  49   0]
 [  3   3  30]]
0.8709677419354839 [0.955      0.66216216 0.83333333]

 rate=90 and ii =6
Accuracy: 0.890
Macro Precision: 0.917
Macro Recall: 0.813
Macro F1-score: 0.853

[[506   2   7]
 [ 57 115   1]
 [ 18   0  69]]
              precision    recall  f1-score   support

           0       0.87      0.98      0.92       515
           1       0.98      0.66      0.79       173
           2       0.90      0.79      0.84        87

    accuracy                           0.89       775
   macro avg       0.92      0.81      0.85       775
weighted avg       0.90      0.89      0.89       775

1798 64.7
658 23.7
321 11.6
200 64.5
74 23.9
36 11.6
(3087, 57) (3087,) (775, 57) (310,) (310,)

3 order Label Accuracy: 0.842
[[190   4   6]
 [ 32  40   2]
 [  4   1  31]]
0.8419354838709677 [0.95       0.54054054 0.86111111]

 rate=90 and ii =6
Accuracy: 0.886
Macro Precision: 0.917
Macro Recall: 0.805
Macro F1-score: 0.845

[[511   0   8]
 [ 62 107   1]
 [ 17   0  69]]
              precision    recall  f1-score   support

           0       0.87      0.98      0.92       519
           1       1.00      0.63      0.77       170
           2       0.88      0.80      0.84        86

    accuracy                           0.89       775
   macro avg       0.92      0.81      0.85       775
weighted avg       0.90      0.89      0.88       775

1798 64.7
658 23.7
321 11.6
200 64.5
74 23.9
36 11.6
(3087, 57) (3087,) (775, 57) (310,) (310,)

4 order Label Accuracy: 0.903
[[196   2   2]
 [ 20  54   0]
 [  5   1  30]]
0.9032258064516129 [0.98       0.72972973 0.83333333]

 rate=90 and ii =6
Accuracy: 0.894
Macro Precision: 0.921
Macro Recall: 0.817
Macro F1-score: 0.858

[[508   3   5]
 [ 55 116   1]
 [ 17   1  69]]
              precision    recall  f1-score   support

           0       0.88      0.98      0.93       516
           1       0.97      0.67      0.79       172
           2       0.92      0.79      0.85        87

    accuracy                           0.89       775
   macro avg       0.92      0.82      0.86       775
weighted avg       0.90      0.89      0.89       775

Time(sec):  8.0510685
nodes = range(self.m)
range(0, 8)
Graph with 8 nodes and 0 edges
3 2777 8
L
[[2 1 1 ... 1 1 1]
 [1 1 1 ... 1 1 1]
 [1 1 1 ... 1 1 1]
 ...
 [3 1 3 ... 1 3 3]
 [1 1 3 ... 1 3 3]
 [2 1 3 ... 1 3 3]]
L_ind
[[0. 1. 0. ... 1. 0. 0.]
 [1. 0. 0. ... 1. 0. 0.]
 [1. 0. 0. ... 1. 0. 0.]
 ...
 [0. 0. 1. ... 0. 0. 1.]
 [1. 0. 0. ... 0. 0. 1.]
 [0. 1. 0. ... 0. 0. 1.]]
3 310 8
L
[[1 1 1 ... 1 1 1]
 [1 1 1 ... 1 1 1]
 [1 1 2 ... 1 2 1]
 ...
 [1 1 1 ... 1 1 1]
 [1 1 1 ... 2 1 1]
 [1 1 1 ... 1 3 3]]
L_ind
[[1. 0. 0. ... 1. 0. 0.]
 [1. 0. 0. ... 1. 0. 0.]
 [1. 0. 0. ... 1. 0. 0.]
 ...
 [1. 0. 0. ... 1. 0. 0.]
 [1. 0. 0. ... 1. 0. 0.]
 [1. 0. 0. ... 0. 0. 1.]]
1798 64.7
658 23.7
321 11.6
200 64.5
74 23.9
36 11.6
(3087, 57) (3087,) (775, 57) (775,)

 SNO Accuracy: 0.816
[[175  11  14]
 [ 22  46   6]
 [  3   1  32]]

 rate=90 and ii =7
Accuracy: 0.880
Macro Precision: 0.895
Macro Recall: 0.803
Macro F1-score: 0.836

[[504   4   8]
 [ 60 108   4]
 [ 17   0  70]]
              precision    recall  f1-score   support

           0       0.87      0.98      0.92       516
           1       0.96      0.63      0.76       172
           2       0.85      0.80      0.83        87

    accuracy                           0.88       775
   macro avg       0.90      0.80      0.84       775
weighted avg       0.89      0.88      0.87       775

1798 64.7
658 23.7
321 11.6
200 64.5
74 23.9
36 11.6
(3087, 57) (3087,) (775, 57) (775,)

semi-SelfTrain Label Accuracy: 0.861
[[196   1   3]
 [ 28  41   5]
 [  6   0  30]]
0.8612903225806452 [0.98       0.55405405 0.83333333]

 rate=90 and ii =7
Accuracy: 0.881
Macro Precision: 0.907
Macro Recall: 0.800
Macro F1-score: 0.839

[[508   3   8]
 [ 62 107   1]
 [ 18   0  68]]
              precision    recall  f1-score   support

         0.0       0.86      0.98      0.92       519
         1.0       0.97      0.63      0.76       170
         2.0       0.88      0.79      0.83        86

    accuracy                           0.88       775
   macro avg       0.91      0.80      0.84       775
weighted avg       0.89      0.88      0.87       775

1798 64.7
658 23.7
321 11.6
200 64.5
74 23.9
36 11.6
(3087, 57) (3087,) (775, 57) (775,)

semi-LabelSpread Label Accuracy: 0.787
[[200   0   0]
 [ 38  36   0]
 [ 28   0   8]]
0.7870967741935484 [1.         0.48648649 0.22222222]

 rate=90 and ii =7
Accuracy: 0.881
Macro Precision: 0.923
Macro Recall: 0.790
Macro F1-score: 0.837

[[515   2   4]
 [ 66 102   1]
 [ 19   0  66]]
              precision    recall  f1-score   support

         0.0       0.86      0.99      0.92       521
         1.0       0.98      0.60      0.75       169
         2.0       0.93      0.78      0.85        85

    accuracy                           0.88       775
   macro avg       0.92      0.79      0.84       775
weighted avg       0.89      0.88      0.87       775

1798 64.7
658 23.7
321 11.6
200 64.5
74 23.9
36 11.6
(3087, 57) (3087,) (775, 57) (310,) (310,)

2 order Label Accuracy: 0.865
[[197   0   3]
 [ 28  41   5]
 [  6   0  30]]
0.864516129032258 [0.985      0.55405405 0.83333333]

 rate=90 and ii =7
Accuracy: 0.883
Macro Precision: 0.913
Macro Recall: 0.800
Macro F1-score: 0.840

[[509   1   8]
 [ 63 106   1]
 [ 18   0  69]]
              precision    recall  f1-score   support

           0       0.86      0.98      0.92       518
           1       0.99      0.62      0.77       170
           2       0.88      0.79      0.84        87

    accuracy                           0.88       775
   macro avg       0.91      0.80      0.84       775
weighted avg       0.89      0.88      0.88       775

1798 64.7
658 23.7
321 11.6
200 64.5
74 23.9
36 11.6
(3087, 57) (3087,) (775, 57) (310,) (310,)

3 order Label Accuracy: 0.839
[[194   3   3]
 [ 33  36   5]
 [  5   1  30]]
0.8387096774193549 [0.97       0.48648649 0.83333333]

 rate=90 and ii =7
Accuracy: 0.879
Macro Precision: 0.911
Macro Recall: 0.791
Macro F1-score: 0.833

[[509   1   7]
 [ 65 104   2]
 [ 19   0  68]]
              precision    recall  f1-score   support

           0       0.86      0.98      0.92       517
           1       0.99      0.61      0.75       171
           2       0.88      0.78      0.83        87

    accuracy                           0.88       775
   macro avg       0.91      0.79      0.83       775
weighted avg       0.89      0.88      0.87       775

1798 64.7
658 23.7
321 11.6
200 64.5
74 23.9
36 11.6
(3087, 57) (3087,) (775, 57) (310,) (310,)

4 order Label Accuracy: 0.861
[[196   1   3]
 [ 27  41   6]
 [  6   0  30]]
0.8612903225806452 [0.98       0.55405405 0.83333333]

 rate=90 and ii =7
Accuracy: 0.881
Macro Precision: 0.907
Macro Recall: 0.798
Macro F1-score: 0.838

[[509   3   7]
 [ 62 106   2]
 [ 18   0  68]]
              precision    recall  f1-score   support

           0       0.86      0.98      0.92       519
           1       0.97      0.62      0.76       170
           2       0.88      0.79      0.83        86

    accuracy                           0.88       775
   macro avg       0.91      0.80      0.84       775
weighted avg       0.89      0.88      0.87       775

Time(sec):  7.741901
nodes = range(self.m)
range(0, 8)
Graph with 8 nodes and 0 edges
3 2777 8
L
[[1 1 1 ... 1 1 1]
 [1 1 1 ... 1 1 1]
 [1 1 1 ... 1 1 1]
 ...
 [3 1 3 ... 1 3 3]
 [1 1 3 ... 1 3 3]
 [2 1 3 ... 1 3 3]]
L_ind
[[1. 0. 0. ... 1. 0. 0.]
 [1. 0. 0. ... 1. 0. 0.]
 [1. 0. 0. ... 1. 0. 0.]
 ...
 [0. 0. 1. ... 0. 0. 1.]
 [1. 0. 0. ... 0. 0. 1.]
 [0. 1. 0. ... 0. 0. 1.]]
3 310 8
L
[[2 1 2 ... 1 2 1]
 [1 1 2 ... 1 2 1]
 [2 1 1 ... 1 1 1]
 ...
 [3 3 3 ... 1 3 3]
 [3 3 3 ... 1 3 3]
 [1 1 1 ... 1 1 1]]
L_ind
[[0. 1. 0. ... 1. 0. 0.]
 [1. 0. 0. ... 1. 0. 0.]
 [0. 1. 0. ... 1. 0. 0.]
 ...
 [0. 0. 1. ... 0. 0. 1.]
 [0. 0. 1. ... 0. 0. 1.]
 [1. 0. 0. ... 1. 0. 0.]]
1797 64.7
659 23.7
321 11.6
201 64.8
73 23.5
36 11.6
(3087, 57) (3087,) (775, 57) (775,)

 SNO Accuracy: 0.819
[[172  18  11]
 [ 15  53   5]
 [  4   3  29]]

 rate=90 and ii =8
Accuracy: 0.889
Macro Precision: 0.913
Macro Recall: 0.812
Macro F1-score: 0.850

[[506   2   8]
 [ 57 114   1]
 [ 18   0  69]]
              precision    recall  f1-score   support

           0       0.87      0.98      0.92       516
           1       0.98      0.66      0.79       172
           2       0.88      0.79      0.84        87

    accuracy                           0.89       775
   macro avg       0.91      0.81      0.85       775
weighted avg       0.90      0.89      0.88       775

1797 64.7
659 23.7
321 11.6
201 64.8
73 23.5
36 11.6
(3087, 57) (3087,) (775, 57) (775,)

semi-SelfTrain Label Accuracy: 0.877
[[196   2   3]
 [ 22  50   1]
 [  9   1  26]]
0.8774193548387097 [0.97512438 0.68493151 0.72222222]

 rate=90 and ii =8
Accuracy: 0.888
Macro Precision: 0.914
Macro Recall: 0.805
Macro F1-score: 0.847

[[509   2   7]
 [ 58 113   1]
 [ 19   0  66]]
              precision    recall  f1-score   support

         0.0       0.87      0.98      0.92       518
         1.0       0.98      0.66      0.79       172
         2.0       0.89      0.78      0.83        85

    accuracy                           0.89       775
   macro avg       0.91      0.81      0.85       775
weighted avg       0.90      0.89      0.88       775

1797 64.7
659 23.7
321 11.6
201 64.8
73 23.5
36 11.6
(3087, 57) (3087,) (775, 57) (775,)

semi-LabelSpread Label Accuracy: 0.806
[[201   0   0]
 [ 32  41   0]
 [ 28   0   8]]
0.8064516129032258 [1.         0.56164384 0.22222222]

 rate=90 and ii =8
Accuracy: 0.889
Macro Precision: 0.922
Macro Recall: 0.804
Macro F1-score: 0.849

[[512   2   5]
 [ 59 111   1]
 [ 19   0  66]]
              precision    recall  f1-score   support

         0.0       0.87      0.99      0.92       519
         1.0       0.98      0.65      0.78       171
         2.0       0.92      0.78      0.84        85

    accuracy                           0.89       775
   macro avg       0.92      0.80      0.85       775
weighted avg       0.90      0.89      0.88       775

1797 64.7
659 23.7
321 11.6
201 64.8
73 23.5
36 11.6
(3087, 57) (3087,) (775, 57) (310,) (310,)

2 order Label Accuracy: 0.832
[[192   6   3]
 [ 34  38   1]
 [  6   2  28]]
0.832258064516129 [0.95522388 0.52054795 0.77777778]

 rate=90 and ii =8
Accuracy: 0.885
Macro Precision: 0.907
Macro Recall: 0.806
Macro F1-score: 0.844

[[504   2   9]
 [ 58 114   1]
 [ 19   0  68]]
              precision    recall  f1-score   support

           0       0.87      0.98      0.92       515
           1       0.98      0.66      0.79       173
           2       0.87      0.78      0.82        87

    accuracy                           0.89       775
   macro avg       0.91      0.81      0.84       775
weighted avg       0.89      0.89      0.88       775

1797 64.7
659 23.7
321 11.6
201 64.8
73 23.5
36 11.6
(3087, 57) (3087,) (775, 57) (310,) (310,)

3 order Label Accuracy: 0.871
[[191   8   2]
 [ 20  51   2]
 [  6   2  28]]
0.8709677419354839 [0.95024876 0.69863014 0.77777778]

 rate=90 and ii =8
Accuracy: 0.881
Macro Precision: 0.896
Macro Recall: 0.800
Macro F1-score: 0.837

[[504   5   8]
 [ 57 113   2]
 [ 19   1  66]]
              precision    recall  f1-score   support

           0       0.87      0.97      0.92       517
           1       0.95      0.66      0.78       172
           2       0.87      0.77      0.81        86

    accuracy                           0.88       775
   macro avg       0.90      0.80      0.84       775
weighted avg       0.89      0.88      0.88       775

1797 64.7
659 23.7
321 11.6
201 64.8
73 23.5
36 11.6
(3087, 57) (3087,) (775, 57) (310,) (310,)

4 order Label Accuracy: 0.877
[[199   0   2]
 [ 23  49   1]
 [  9   3  24]]
0.8774193548387097 [0.99004975 0.67123288 0.66666667]

 rate=90 and ii =8
Accuracy: 0.890
Macro Precision: 0.919
Macro Recall: 0.812
Macro F1-score: 0.852

[[508   1   7]
 [ 58 113   1]
 [ 18   0  69]]
              precision    recall  f1-score   support

           0       0.87      0.98      0.92       516
           1       0.99      0.66      0.79       172
           2       0.90      0.79      0.84        87

    accuracy                           0.89       775
   macro avg       0.92      0.81      0.85       775
weighted avg       0.90      0.89      0.88       775

Time(sec):  8.0423365
nodes = range(self.m)
range(0, 8)
Graph with 8 nodes and 0 edges
3 2779 8
L
[[2 1 1 ... 1 1 1]
 [1 1 1 ... 1 1 1]
 [1 1 1 ... 1 1 1]
 ...
 [3 1 3 ... 1 3 3]
 [1 1 3 ... 1 3 3]
 [2 1 3 ... 1 3 3]]
L_ind
[[0. 1. 0. ... 1. 0. 0.]
 [1. 0. 0. ... 1. 0. 0.]
 [1. 0. 0. ... 1. 0. 0.]
 ...
 [0. 0. 1. ... 0. 0. 1.]
 [1. 0. 0. ... 0. 0. 1.]
 [0. 1. 0. ... 0. 0. 1.]]
3 308 8
L
[[1 1 3 ... 1 3 3]
 [1 1 1 ... 1 1 1]
 [2 1 1 ... 1 1 1]
 ...
 [1 1 3 ... 1 3 3]
 [2 1 2 ... 1 1 1]
 [2 1 1 ... 1 1 1]]
L_ind
[[1. 0. 0. ... 0. 0. 1.]
 [1. 0. 0. ... 1. 0. 0.]
 [0. 1. 0. ... 1. 0. 0.]
 ...
 [1. 0. 0. ... 0. 0. 1.]
 [0. 1. 0. ... 1. 0. 0.]
 [0. 1. 0. ... 1. 0. 0.]]
1799 64.7
659 23.7
321 11.6
199 64.6
73 23.7
36 11.7
(3087, 57) (3087,) (775, 57) (775,)

 SNO Accuracy: 0.831
[[175  16   8]
 [ 23  49   1]
 [  4   0  32]]

 rate=90 and ii =9
Accuracy: 0.883
Macro Precision: 0.902
Macro Recall: 0.807
Macro F1-score: 0.844

[[502   7   6]
 [ 58 113   2]
 [ 18   0  69]]
              precision    recall  f1-score   support

           0       0.87      0.97      0.92       515
           1       0.94      0.65      0.77       173
           2       0.90      0.79      0.84        87

    accuracy                           0.88       775
   macro avg       0.90      0.81      0.84       775
weighted avg       0.89      0.88      0.88       775

1799 64.7
659 23.7
321 11.6
199 64.6
73 23.7
36 11.7
(3087, 57) (3087,) (775, 57) (775,)

semi-SelfTrain Label Accuracy: 0.886
[[199   0   0]
 [ 26  46   1]
 [  8   0  28]]
0.8863636363636364 [1.         0.63013699 0.77777778]

 rate=90 and ii =9
Accuracy: 0.888
Macro Precision: 0.920
Macro Recall: 0.808
Macro F1-score: 0.850

[[508   3   5]
 [ 60 111   1]
 [ 18   0  69]]
              precision    recall  f1-score   support

         0.0       0.87      0.98      0.92       516
         1.0       0.97      0.65      0.78       172
         2.0       0.92      0.79      0.85        87

    accuracy                           0.89       775
   macro avg       0.92      0.81      0.85       775
weighted avg       0.90      0.89      0.88       775

1799 64.7
659 23.7
321 11.6
199 64.6
73 23.7
36 11.7
(3087, 57) (3087,) (775, 57) (775,)

semi-LabelSpread Label Accuracy: 0.795
[[199   0   0]
 [ 32  41   0]
 [ 31   0   5]]
0.7954545454545454 [1.         0.56164384 0.13888889]

 rate=90 and ii =9
Accuracy: 0.886
Macro Precision: 0.922
Macro Recall: 0.802
Macro F1-score: 0.846

[[510   2   5]
 [ 61 109   1]
 [ 19   0  68]]
              precision    recall  f1-score   support

         0.0       0.86      0.99      0.92       517
         1.0       0.98      0.64      0.77       171
         2.0       0.92      0.78      0.84        87

    accuracy                           0.89       775
   macro avg       0.92      0.80      0.85       775
weighted avg       0.90      0.89      0.88       775

1799 64.7
659 23.7
321 11.6
199 64.6
73 23.7
36 11.7
(3087, 57) (3087,) (775, 57) (308,) (308,)

2 order Label Accuracy: 0.890
[[198   1   0]
 [ 26  46   1]
 [  6   0  30]]
0.8896103896103896 [0.99497487 0.63013699 0.83333333]

 rate=90 and ii =9
Accuracy: 0.889
Macro Precision: 0.917
Macro Recall: 0.814
Macro F1-score: 0.852

[[508   2   7]
 [ 60 111   1]
 [ 16   0  70]]
              precision    recall  f1-score   support

           0       0.87      0.98      0.92       517
           1       0.98      0.65      0.78       172
           2       0.90      0.81      0.85        86

    accuracy                           0.89       775
   macro avg       0.92      0.81      0.85       775
weighted avg       0.90      0.89      0.88       775

1799 64.7
659 23.7
321 11.6
199 64.6
73 23.7
36 11.7
(3087, 57) (3087,) (775, 57) (308,) (308,)

3 order Label Accuracy: 0.877
[[196   2   1]
 [ 26  46   1]
 [  8   0  28]]
0.8766233766233766 [0.98492462 0.63013699 0.77777778]

 rate=90 and ii =9
Accuracy: 0.888
Macro Precision: 0.910
Macro Recall: 0.813
Macro F1-score: 0.851

[[505   6   5]
 [ 57 113   2]
 [ 17   0  70]]
              precision    recall  f1-score   support

           0       0.87      0.98      0.92       516
           1       0.95      0.66      0.78       172
           2       0.91      0.80      0.85        87

    accuracy                           0.89       775
   macro avg       0.91      0.81      0.85       775
weighted avg       0.89      0.89      0.88       775

1799 64.7
659 23.7
321 11.6
199 64.6
73 23.7
36 11.7
(3087, 57) (3087,) (775, 57) (308,) (308,)

4 order Label Accuracy: 0.883
[[197   2   0]
 [ 26  46   1]
 [  7   0  29]]
0.8831168831168831 [0.98994975 0.63013699 0.80555556]

 rate=90 and ii =9
Accuracy: 0.885
Macro Precision: 0.909
Macro Recall: 0.813
Macro F1-score: 0.849

[[504   6   6]
 [ 60 111   1]
 [ 16   0  71]]
              precision    recall  f1-score   support

           0       0.87      0.98      0.92       516
           1       0.95      0.65      0.77       172
           2       0.91      0.82      0.86        87

    accuracy                           0.89       775
   macro avg       0.91      0.81      0.85       775
weighted avg       0.89      0.89      0.88       775

Time(sec):  8.0069134
nodes = range(self.m)
range(0, 8)
Graph with 8 nodes and 0 edges
3 2776 8
L
[[1 1 1 ... 1 1 1]
 [1 1 1 ... 1 1 1]
 [1 1 1 ... 1 1 1]
 ...
 [3 1 3 ... 1 3 3]
 [1 1 3 ... 1 3 3]
 [1 1 3 ... 1 3 3]]
L_ind
[[1. 0. 0. ... 1. 0. 0.]
 [1. 0. 0. ... 1. 0. 0.]
 [1. 0. 0. ... 1. 0. 0.]
 ...
 [0. 0. 1. ... 0. 0. 1.]
 [1. 0. 0. ... 0. 0. 1.]
 [1. 0. 0. ... 0. 0. 1.]]
3 311 8
L
[[2 1 1 ... 1 1 1]
 [1 1 1 ... 1 1 1]
 [1 1 1 ... 1 1 1]
 ...
 [1 1 1 ... 1 1 1]
 [1 1 1 ... 1 3 3]
 [2 1 2 ... 1 2 1]]
L_ind
[[0. 1. 0. ... 1. 0. 0.]
 [1. 0. 0. ... 1. 0. 0.]
 [1. 0. 0. ... 1. 0. 0.]
 ...
 [1. 0. 0. ... 1. 0. 0.]
 [1. 0. 0. ... 0. 0. 1.]
 [0. 1. 0. ... 1. 0. 0.]]
1797 64.7
658 23.7
321 11.6
201 64.6
74 23.8
36 11.6
(3087, 57) (3087,) (775, 57) (775,)

 SNO Accuracy: 0.797
[[165  19  17]
 [ 19  54   1]
 [  3   4  29]]

 rate=90 and ii =10
Accuracy: 0.890
Macro Precision: 0.901
Macro Recall: 0.822
Macro F1-score: 0.854

[[503   7   7]
 [ 53 117   2]
 [ 15   1  70]]
              precision    recall  f1-score   support

           0       0.88      0.97      0.92       517
           1       0.94      0.68      0.79       172
           2       0.89      0.81      0.85        86

    accuracy                           0.89       775
   macro avg       0.90      0.82      0.85       775
weighted avg       0.89      0.89      0.89       775

1797 64.7
658 23.7
321 11.6
201 64.6
74 23.8
36 11.6
(3087, 57) (3087,) (775, 57) (775,)

semi-SelfTrain Label Accuracy: 0.887
[[198   1   2]
 [ 20  52   2]
 [  9   1  26]]
0.887459807073955 [0.98507463 0.7027027  0.72222222]

 rate=90 and ii =10
Accuracy: 0.897
Macro Precision: 0.915
Macro Recall: 0.831
Macro F1-score: 0.863

[[506   3   7]
 [ 54 117   2]
 [ 14   0  72]]
              precision    recall  f1-score   support

         0.0       0.88      0.98      0.93       516
         1.0       0.97      0.68      0.80       173
         2.0       0.89      0.84      0.86        86

    accuracy                           0.90       775
   macro avg       0.92      0.83      0.86       775
weighted avg       0.90      0.90      0.89       775

1797 64.7
658 23.7
321 11.6
201 64.6
74 23.8
36 11.6
(3087, 57) (3087,) (775, 57) (775,)

semi-LabelSpread Label Accuracy: 0.788
[[201   0   0]
 [ 32  42   0]
 [ 34   0   2]]
0.7877813504823151 [1.         0.56756757 0.05555556]

 rate=90 and ii =10
Accuracy: 0.885
Macro Precision: 0.906
Macro Recall: 0.799
Macro F1-score: 0.839

[[509   1   8]
 [ 58 112   2]
 [ 19   1  65]]
              precision    recall  f1-score   support

         0.0       0.87      0.98      0.92       518
         1.0       0.98      0.65      0.78       172
         2.0       0.87      0.76      0.81        85

    accuracy                           0.89       775
   macro avg       0.91      0.80      0.84       775
weighted avg       0.89      0.89      0.88       775

1797 64.7
658 23.7
321 11.6
201 64.6
74 23.8
36 11.6
(3087, 57) (3087,) (775, 57) (311,) (311,)

2 order Label Accuracy: 0.862
[[198   0   3]
 [ 31  42   1]
 [  7   1  28]]
0.8617363344051447 [0.98507463 0.56756757 0.77777778]

 rate=90 and ii =10
Accuracy: 0.893
Macro Precision: 0.925
Macro Recall: 0.819
Macro F1-score: 0.858

[[507   1   6]
 [ 59 113   1]
 [ 16   0  72]]
              precision    recall  f1-score   support

           0       0.87      0.99      0.93       514
           1       0.99      0.65      0.79       173
           2       0.91      0.82      0.86        88

    accuracy                           0.89       775
   macro avg       0.92      0.82      0.86       775
weighted avg       0.90      0.89      0.89       775

1797 64.7
658 23.7
321 11.6
201 64.6
74 23.8
36 11.6
(3087, 57) (3087,) (775, 57) (311,) (311,)

3 order Label Accuracy: 0.865
[[192   8   1]
 [ 20  53   1]
 [  9   3  24]]
0.864951768488746 [0.95522388 0.71621622 0.66666667]

 rate=90 and ii =10
Accuracy: 0.889
Macro Precision: 0.908
Macro Recall: 0.815
Macro F1-score: 0.851

[[504   4   8]
 [ 55 117   1]
 [ 18   0  68]]
              precision    recall  f1-score   support

           0       0.87      0.98      0.92       516
           1       0.97      0.68      0.80       173
           2       0.88      0.79      0.83        86

    accuracy                           0.89       775
   macro avg       0.91      0.81      0.85       775
weighted avg       0.90      0.89      0.88       775

1797 64.7
658 23.7
321 11.6
201 64.6
74 23.8
36 11.6
(3087, 57) (3087,) (775, 57) (311,) (311,)

4 order Label Accuracy: 0.881
[[198   1   2]
 [ 22  50   2]
 [  9   1  26]]
0.8810289389067524 [0.98507463 0.67567568 0.72222222]

 rate=90 and ii =10
Accuracy: 0.894
Macro Precision: 0.926
Macro Recall: 0.818
Macro F1-score: 0.859

[[509   2   5]
 [ 57 114   1]
 [ 17   0  70]]
              precision    recall  f1-score   support

           0       0.87      0.99      0.93       516
           1       0.98      0.66      0.79       172
           2       0.92      0.80      0.86        87

    accuracy                           0.89       775
   macro avg       0.93      0.82      0.86       775
weighted avg       0.90      0.89      0.89       775

Time(sec):  7.9411862
