nodes = range(self.m)
range(0, 8)
Graph with 8 nodes and 0 edges
3 923 8
L
[[1 1 1 ... 1 1 1]
 [2 1 2 ... 1 2 1]
 [1 1 1 ... 1 1 1]
 ...
 [2 1 2 ... 1 2 1]
 [1 3 2 ... 1 2 2]
 [1 1 2 ... 1 2 1]]
L_ind
[[1. 0. 0. ... 1. 0. 0.]
 [0. 1. 0. ... 1. 0. 0.]
 [1. 0. 0. ... 1. 0. 0.]
 ...
 [0. 1. 0. ... 1. 0. 0.]
 [1. 0. 0. ... 0. 1. 0.]
 [1. 0. 0. ... 1. 0. 0.]]
3 2164 8
L
[[1 1 1 ... 1 1 1]
 [1 1 1 ... 1 2 2]
 [1 1 1 ... 1 1 1]
 ...
 [3 1 3 ... 1 1 1]
 [1 1 1 ... 3 3 3]
 [1 1 1 ... 3 3 3]]
L_ind
[[1. 0. 0. ... 1. 0. 0.]
 [1. 0. 0. ... 0. 1. 0.]
 [1. 0. 0. ... 1. 0. 0.]
 ...
 [0. 0. 1. ... 1. 0. 0.]
 [1. 0. 0. ... 0. 0. 1.]
 [1. 0. 0. ... 0. 0. 1.]]
599 64.9
218 23.6
106 11.5
1399 64.6
514 23.8
251 11.6
(3087, 57) (3087,) (775, 57) (775,)

 SNO Accuracy: 0.702
[[1067  164  168]
 [ 237  239   38]
 [  23   15  213]]

 rate=30 and ii =1
Accuracy: 0.828
Macro Precision: 0.811
Macro Recall: 0.769
Macro F1-score: 0.775

[[474  17  18]
 [ 79  88   7]
 [ 11   1  80]]
              precision    recall  f1-score   support

           0       0.84      0.93      0.88       509
           1       0.83      0.51      0.63       174
           2       0.76      0.87      0.81        92

    accuracy                           0.83       775
   macro avg       0.81      0.77      0.77       775
weighted avg       0.83      0.83      0.82       775

599 64.9
218 23.6
106 11.5
1399 64.6
514 23.8
251 11.6
(3087, 57) (3087,) (775, 57) (775,)

semi-SelfTrain Label Accuracy: 0.800
[[1365    6   28]
 [ 309  191   14]
 [  71    4  176]]
0.800369685767098 [0.97569693 0.37159533 0.70119522]

 rate=30 and ii =1
Accuracy: 0.831
Macro Precision: 0.881
Macro Recall: 0.703
Macro F1-score: 0.747

[[517   1   8]
 [ 96  67   3]
 [ 23   0  60]]
              precision    recall  f1-score   support

         0.0       0.81      0.98      0.89       526
         1.0       0.99      0.40      0.57       166
         2.0       0.85      0.72      0.78        83

    accuracy                           0.83       775
   macro avg       0.88      0.70      0.75       775
weighted avg       0.85      0.83      0.81       775

599 64.9
218 23.6
106 11.5
1399 64.6
514 23.8
251 11.6
(3087, 57) (3087,) (775, 57) (775,)

semi-LabelSpread Label Accuracy: 0.708
[[1399    0    0]
 [ 393  121    0]
 [ 239    0   12]]
0.7079482439926063 [1.         0.23540856 0.04780876]

 rate=30 and ii =1
Accuracy: 0.757
Macro Precision: 0.914
Macro Recall: 0.433
Macro F1-score: 0.441

[[539   0   0]
 [117  47   0]
 [ 71   0   1]]
              precision    recall  f1-score   support

         0.0       0.74      1.00      0.85       539
         1.0       1.00      0.29      0.45       164
         2.0       1.00      0.01      0.03        72

    accuracy                           0.76       775
   macro avg       0.91      0.43      0.44       775
weighted avg       0.82      0.76      0.69       775

599 64.9
218 23.6
106 11.5
1399 64.6
514 23.8
251 11.6
(3087, 57) (3087,) (775, 57) (2164,) (2164,)

2 order Label Accuracy: 0.793
[[1340   33   26]
 [ 306  194   14]
 [  62    6  183]]
0.7934380776340111 [0.95782702 0.37743191 0.72908367]

 rate=30 and ii =1
Accuracy: 0.834
Macro Precision: 0.870
Macro Recall: 0.714
Macro F1-score: 0.757

[[513   4   8]
 [ 92  73   3]
 [ 22   0  60]]
              precision    recall  f1-score   support

           0       0.82      0.98      0.89       525
           1       0.95      0.43      0.60       168
           2       0.85      0.73      0.78        82

    accuracy                           0.83       775
   macro avg       0.87      0.71      0.76       775
weighted avg       0.85      0.83      0.82       775

599 64.9
218 23.6
106 11.5
1399 64.6
514 23.8
251 11.6
(3087, 57) (3087,) (775, 57) (2164,) (2164,)

3 order Label Accuracy: 0.796
[[1356   19   24]
 [ 316  185   13]
 [  65    4  182]]
0.7962107208872459 [0.96926376 0.35992218 0.7250996 ]

 rate=30 and ii =1
Accuracy: 0.832
Macro Precision: 0.870
Macro Recall: 0.709
Macro F1-score: 0.750

[[516   3   8]
 [ 93  69   4]
 [ 22   0  60]]
              precision    recall  f1-score   support

           0       0.82      0.98      0.89       527
           1       0.96      0.42      0.58       166
           2       0.83      0.73      0.78        82

    accuracy                           0.83       775
   macro avg       0.87      0.71      0.75       775
weighted avg       0.85      0.83      0.81       775

599 64.9
218 23.6
106 11.5
1399 64.6
514 23.8
251 11.6
(3087, 57) (3087,) (775, 57) (2164,) (2164,)

4 order Label Accuracy: 0.763
[[1282   91   26]
 [ 305  196   13]
 [  62   15  174]]
0.7634011090573013 [0.91636883 0.38132296 0.69322709]

 rate=30 and ii =1
Accuracy: 0.823
Macro Precision: 0.836
Macro Recall: 0.692
Macro F1-score: 0.736

[[510   7   8]
 [ 92  73   3]
 [ 22   5  55]]
              precision    recall  f1-score   support

           0       0.82      0.97      0.89       525
           1       0.86      0.43      0.58       168
           2       0.83      0.67      0.74        82

    accuracy                           0.82       775
   macro avg       0.84      0.69      0.74       775
weighted avg       0.83      0.82      0.81       775

Time(sec):  7.8151352
nodes = range(self.m)
range(0, 8)
Graph with 8 nodes and 0 edges
3 925 8
L
[[1 1 2 ... 1 2 2]
 [1 1 2 ... 1 2 2]
 [2 1 2 ... 1 2 1]
 ...
 [1 1 2 ... 1 2 2]
 [2 1 2 ... 1 2 1]
 [2 3 2 ... 1 2 2]]
L_ind
[[1. 0. 0. ... 0. 1. 0.]
 [1. 0. 0. ... 0. 1. 0.]
 [0. 1. 0. ... 1. 0. 0.]
 ...
 [1. 0. 0. ... 0. 1. 0.]
 [0. 1. 0. ... 1. 0. 0.]
 [0. 1. 0. ... 0. 1. 0.]]
3 2162 8
L
[[1 1 3 ... 1 1 1]
 [1 1 1 ... 1 1 1]
 [1 1 1 ... 1 3 1]
 ...
 [2 3 3 ... 1 1 1]
 [1 1 3 ... 1 3 3]
 [1 1 1 ... 1 3 3]]
L_ind
[[1. 0. 0. ... 1. 0. 0.]
 [1. 0. 0. ... 1. 0. 0.]
 [1. 0. 0. ... 1. 0. 0.]
 ...
 [0. 1. 0. ... 1. 0. 0.]
 [1. 0. 0. ... 0. 0. 1.]
 [1. 0. 0. ... 0. 0. 1.]]
599 64.8
219 23.7
107 11.6
1399 64.7
513 23.7
250 11.6
(3087, 57) (3087,) (775, 57) (775,)

 SNO Accuracy: 0.661
[[982 185 232]
 [208 241  64]
 [ 25  19 206]]

 rate=30 and ii =2
Accuracy: 0.813
Macro Precision: 0.789
Macro Recall: 0.746
Macro F1-score: 0.744

[[472  14  23]
 [ 83  77  12]
 [ 12   1  81]]
              precision    recall  f1-score   support

           0       0.83      0.93      0.88       509
           1       0.84      0.45      0.58       172
           2       0.70      0.86      0.77        94

    accuracy                           0.81       775
   macro avg       0.79      0.75      0.74       775
weighted avg       0.82      0.81      0.80       775

599 64.8
219 23.7
107 11.6
1399 64.7
513 23.7
250 11.6
(3087, 57) (3087,) (775, 57) (775,)

semi-SelfTrain Label Accuracy: 0.802
[[1375    8   16]
 [ 308  189   16]
 [  79    1  170]]
0.8020351526364478 [0.98284489 0.36842105 0.68      ]

 rate=30 and ii =2
Accuracy: 0.823
Macro Precision: 0.895
Macro Recall: 0.683
Macro F1-score: 0.728

[[523   0   6]
 [106  55   2]
 [ 23   0  60]]
              precision    recall  f1-score   support

         0.0       0.80      0.99      0.89       529
         1.0       1.00      0.34      0.50       163
         2.0       0.88      0.72      0.79        83

    accuracy                           0.82       775
   macro avg       0.89      0.68      0.73       775
weighted avg       0.85      0.82      0.80       775

599 64.8
219 23.7
107 11.6
1399 64.7
513 23.7
250 11.6
(3087, 57) (3087,) (775, 57) (775,)

semi-LabelSpread Label Accuracy: 0.706
[[1399    0    0]
 [ 396  117    0]
 [ 240    0   10]]
0.7058279370952821 [1.         0.22807018 0.04      ]

 rate=30 and ii =2
Accuracy: 0.746
Macro Precision: 0.911
Macro Recall: 0.410
Macro F1-score: 0.412

[[544   0   0]
 [127  32   0]
 [ 70   0   2]]
              precision    recall  f1-score   support

         0.0       0.73      1.00      0.85       544
         1.0       1.00      0.20      0.34       159
         2.0       1.00      0.03      0.05        72

    accuracy                           0.75       775
   macro avg       0.91      0.41      0.41       775
weighted avg       0.81      0.75      0.67       775

599 64.8
219 23.7
107 11.6
1399 64.7
513 23.7
250 11.6
(3087, 57) (3087,) (775, 57) (2162,) (2162,)

2 order Label Accuracy: 0.786
[[1323   50   26]
 [ 302  195   16]
 [  57   12  181]]
0.7858464384828863 [0.94567548 0.38011696 0.724     ]

 rate=30 and ii =2
Accuracy: 0.823
Macro Precision: 0.878
Macro Recall: 0.692
Macro F1-score: 0.732

[[519   2   8]
 [104  56   2]
 [ 21   0  63]]
              precision    recall  f1-score   support

           0       0.81      0.98      0.88       529
           1       0.97      0.35      0.51       162
           2       0.86      0.75      0.80        84

    accuracy                           0.82       775
   macro avg       0.88      0.69      0.73       775
weighted avg       0.85      0.82      0.80       775

599 64.8
219 23.7
107 11.6
1399 64.7
513 23.7
250 11.6
(3087, 57) (3087,) (775, 57) (2162,) (2162,)

3 order Label Accuracy: 0.796
[[1354   16   29]
 [ 310  186   17]
 [  63    6  181]]
0.7960222016651248 [0.96783417 0.3625731  0.724     ]

 rate=30 and ii =2
Accuracy: 0.823
Macro Precision: 0.881
Macro Recall: 0.696
Macro F1-score: 0.732

[[519   1   9]
 [106  54   2]
 [ 19   0  65]]
              precision    recall  f1-score   support

           0       0.81      0.98      0.88       529
           1       0.98      0.33      0.50       162
           2       0.86      0.77      0.81        84

    accuracy                           0.82       775
   macro avg       0.88      0.70      0.73       775
weighted avg       0.85      0.82      0.80       775

599 64.8
219 23.7
107 11.6
1399 64.7
513 23.7
250 11.6
(3087, 57) (3087,) (775, 57) (2162,) (2162,)

4 order Label Accuracy: 0.800
[[1368    6   25]
 [ 316  181   16]
 [  67    2  181]]
0.8001850138760407 [0.97784132 0.35282651 0.724     ]

 rate=30 and ii =2
Accuracy: 0.819
Macro Precision: 0.872
Macro Recall: 0.693
Macro F1-score: 0.726

[[516   2  10]
 [107  52   2]
 [ 19   0  67]]
              precision    recall  f1-score   support

           0       0.80      0.98      0.88       528
           1       0.96      0.32      0.48       161
           2       0.85      0.78      0.81        86

    accuracy                           0.82       775
   macro avg       0.87      0.69      0.73       775
weighted avg       0.84      0.82      0.79       775

Time(sec):  7.7411335999999995
nodes = range(self.m)
range(0, 8)
Graph with 8 nodes and 0 edges
3 928 8
L
[[1 1 2 ... 1 2 2]
 [3 1 1 ... 1 1 1]
 [2 1 1 ... 1 1 1]
 ...
 [3 3 2 ... 1 2 2]
 [2 1 2 ... 1 2 2]
 [1 1 2 ... 1 2 1]]
L_ind
[[1. 0. 0. ... 0. 1. 0.]
 [0. 0. 1. ... 1. 0. 0.]
 [0. 1. 0. ... 1. 0. 0.]
 ...
 [0. 0. 1. ... 0. 1. 0.]
 [0. 1. 0. ... 0. 1. 0.]
 [1. 0. 0. ... 1. 0. 0.]]
3 2159 8
L
[[2 1 1 ... 1 1 1]
 [1 1 1 ... 1 1 1]
 [1 1 1 ... 1 1 1]
 ...
 [3 3 3 ... 3 3 1]
 [3 3 3 ... 1 2 1]
 [3 1 3 ... 1 1 1]]
L_ind
[[0. 1. 0. ... 1. 0. 0.]
 [1. 0. 0. ... 1. 0. 0.]
 [1. 0. 0. ... 1. 0. 0.]
 ...
 [0. 0. 1. ... 1. 0. 0.]
 [0. 0. 1. ... 1. 0. 0.]
 [0. 0. 1. ... 1. 0. 0.]]
601 64.8
220 23.7
107 11.5
1397 64.7
512 23.7
250 11.6
(3087, 57) (3087,) (775, 57) (775,)

 SNO Accuracy: 0.683
[[1012  192  193]
 [ 211  248   53]
 [  19   17  214]]

 rate=30 and ii =3
Accuracy: 0.791
Macro Precision: 0.749
Macro Recall: 0.735
Macro F1-score: 0.725

[[452  24  30]
 [ 82  79  12]
 [ 13   1  82]]
              precision    recall  f1-score   support

           0       0.83      0.89      0.86       506
           1       0.76      0.46      0.57       173
           2       0.66      0.85      0.75        96

    accuracy                           0.79       775
   macro avg       0.75      0.73      0.72       775
weighted avg       0.79      0.79      0.78       775

601 64.8
220 23.7
107 11.5
1397 64.7
512 23.7
250 11.6
(3087, 57) (3087,) (775, 57) (775,)

semi-SelfTrain Label Accuracy: 0.792
[[1359   10   28]
 [ 312  190   10]
 [  87    2  161]]
0.7920333487725799 [0.97279885 0.37109375 0.644     ]

 rate=30 and ii =3
Accuracy: 0.823
Macro Precision: 0.874
Macro Recall: 0.687
Macro F1-score: 0.731

[[517   1   9]
 [ 99  62   3]
 [ 25   0  59]]
              precision    recall  f1-score   support

         0.0       0.81      0.98      0.89       527
         1.0       0.98      0.38      0.55       164
         2.0       0.83      0.70      0.76        84

    accuracy                           0.82       775
   macro avg       0.87      0.69      0.73       775
weighted avg       0.85      0.82      0.80       775

601 64.8
220 23.7
107 11.5
1397 64.7
512 23.7
250 11.6
(3087, 57) (3087,) (775, 57) (775,)

semi-LabelSpread Label Accuracy: 0.715
[[1397    0    0]
 [ 379  133    0]
 [ 236    0   14]]
0.715145900880037 [1.         0.25976562 0.056     ]

 rate=30 and ii =3
Accuracy: 0.759
Macro Precision: 0.914
Macro Recall: 0.455
Macro F1-score: 0.487

[[540   0   0]
 [123  39   0]
 [ 64   0   9]]
              precision    recall  f1-score   support

         0.0       0.74      1.00      0.85       540
         1.0       1.00      0.24      0.39       162
         2.0       1.00      0.12      0.22        73

    accuracy                           0.76       775
   macro avg       0.91      0.45      0.49       775
weighted avg       0.82      0.76      0.70       775

601 64.8
220 23.7
107 11.5
1397 64.7
512 23.7
250 11.6
(3087, 57) (3087,) (775, 57) (2159,) (2159,)

2 order Label Accuracy: 0.784
[[1328   51   18]
 [ 303  195   14]
 [  72    8  170]]
0.7841593330245484 [0.95060845 0.38085938 0.68      ]

 rate=30 and ii =3
Accuracy: 0.817
Macro Precision: 0.842
Macro Recall: 0.692
Macro F1-score: 0.730

[[511   9   8]
 [100  61   3]
 [ 22   0  61]]
              precision    recall  f1-score   support

           0       0.81      0.97      0.88       528
           1       0.87      0.37      0.52       164
           2       0.85      0.73      0.79        83

    accuracy                           0.82       775
   macro avg       0.84      0.69      0.73       775
weighted avg       0.83      0.82      0.79       775

601 64.8
220 23.7
107 11.5
1397 64.7
512 23.7
250 11.6
(3087, 57) (3087,) (775, 57) (2159,) (2159,)

3 order Label Accuracy: 0.798
[[1360   21   16]
 [ 304  195   13]
 [  77    5  168]]
0.7980546549328392 [0.97351467 0.38085938 0.672     ]

 rate=30 and ii =3
Accuracy: 0.825
Macro Precision: 0.874
Macro Recall: 0.695
Macro F1-score: 0.736

[[517   2   8]
 [101  61   3]
 [ 22   0  61]]
              precision    recall  f1-score   support

           0       0.81      0.98      0.89       527
           1       0.97      0.37      0.54       165
           2       0.85      0.73      0.79        83

    accuracy                           0.82       775
   macro avg       0.87      0.70      0.74       775
weighted avg       0.85      0.82      0.80       775

601 64.8
220 23.7
107 11.5
1397 64.7
512 23.7
250 11.6
(3087, 57) (3087,) (775, 57) (2159,) (2159,)

4 order Label Accuracy: 0.800
[[1355   26   16]
 [ 291  208   13]
 [  79    6  165]]
0.8003705419175544 [0.96993558 0.40625    0.66      ]

 rate=30 and ii =3
Accuracy: 0.830
Macro Precision: 0.880
Macro Recall: 0.705
Macro F1-score: 0.749

[[514   2   7]
 [ 97  68   3]
 [ 23   0  61]]
              precision    recall  f1-score   support

           0       0.81      0.98      0.89       523
           1       0.97      0.40      0.57       168
           2       0.86      0.73      0.79        84

    accuracy                           0.83       775
   macro avg       0.88      0.70      0.75       775
weighted avg       0.85      0.83      0.81       775

Time(sec):  7.7469631
nodes = range(self.m)
range(0, 8)
Graph with 8 nodes and 0 edges
3 927 8
L
[[2 1 1 ... 1 1 1]
 [1 1 1 ... 1 1 1]
 [1 1 1 ... 1 1 1]
 ...
 [2 1 2 ... 1 2 2]
 [1 1 2 ... 1 2 2]
 [1 1 2 ... 1 2 2]]
L_ind
[[0. 1. 0. ... 1. 0. 0.]
 [1. 0. 0. ... 1. 0. 0.]
 [1. 0. 0. ... 1. 0. 0.]
 ...
 [0. 1. 0. ... 0. 1. 0.]
 [1. 0. 0. ... 0. 1. 0.]
 [1. 0. 0. ... 0. 1. 0.]]
3 2160 8
L
[[1 1 1 ... 1 1 1]
 [1 1 1 ... 1 1 1]
 [2 1 1 ... 1 2 2]
 ...
 [3 1 3 ... 1 1 3]
 [1 1 1 ... 3 3 3]
 [1 1 1 ... 3 3 3]]
L_ind
[[1. 0. 0. ... 1. 0. 0.]
 [1. 0. 0. ... 1. 0. 0.]
 [0. 1. 0. ... 0. 1. 0.]
 ...
 [0. 0. 1. ... 0. 0. 1.]
 [1. 0. 0. ... 0. 0. 1.]
 [1. 0. 0. ... 0. 0. 1.]]
601 64.8
220 23.7
106 11.4
1397 64.7
512 23.7
251 11.6
(3087, 57) (3087,) (775, 57) (775,)

 SNO Accuracy: 0.718
[[1103  187  107]
 [ 236  238   38]
 [  25   16  210]]

 rate=30 and ii =4
Accuracy: 0.815
Macro Precision: 0.793
Macro Recall: 0.736
Macro F1-score: 0.748

[[481  18  14]
 [ 87  77   8]
 [ 12   4  74]]
              precision    recall  f1-score   support

           0       0.83      0.94      0.88       513
           1       0.78      0.45      0.57       172
           2       0.77      0.82      0.80        90

    accuracy                           0.82       775
   macro avg       0.79      0.74      0.75       775
weighted avg       0.81      0.82      0.80       775

601 64.8
220 23.7
106 11.4
1397 64.7
512 23.7
251 11.6
(3087, 57) (3087,) (775, 57) (775,)

semi-SelfTrain Label Accuracy: 0.792
[[1362    7   28]
 [ 328  171   13]
 [  66    7  178]]
0.7921296296296296 [0.97494631 0.33398438 0.70916335]

 rate=30 and ii =4
Accuracy: 0.827
Macro Precision: 0.874
Macro Recall: 0.696
Macro F1-score: 0.738

[[519   2   6]
 [101  59   3]
 [ 20   2  63]]
              precision    recall  f1-score   support

         0.0       0.81      0.98      0.89       527
         1.0       0.94      0.36      0.52       163
         2.0       0.88      0.74      0.80        85

    accuracy                           0.83       775
   macro avg       0.87      0.70      0.74       775
weighted avg       0.84      0.83      0.80       775

601 64.8
220 23.7
106 11.4
1397 64.7
512 23.7
251 11.6
(3087, 57) (3087,) (775, 57) (775,)

semi-LabelSpread Label Accuracy: 0.707
[[1397    0    0]
 [ 399  113    0]
 [ 234    0   17]]
0.7069444444444445 [1.         0.22070312 0.06772908]

 rate=30 and ii =4
Accuracy: 0.763
Macro Precision: 0.916
Macro Recall: 0.458
Macro F1-score: 0.491

[[542   0   0]
 [120  40   0]
 [ 64   0   9]]
              precision    recall  f1-score   support

         0.0       0.75      1.00      0.85       542
         1.0       1.00      0.25      0.40       160
         2.0       1.00      0.12      0.22        73

    accuracy                           0.76       775
   macro avg       0.92      0.46      0.49       775
weighted avg       0.82      0.76      0.70       775

601 64.8
220 23.7
106 11.4
1397 64.7
512 23.7
251 11.6
(3087, 57) (3087,) (775, 57) (2160,) (2160,)

2 order Label Accuracy: 0.783
[[1322   43   32]
 [ 317  182   13]
 [  55    8  188]]
0.7833333333333333 [0.94631353 0.35546875 0.74900398]

 rate=30 and ii =4
Accuracy: 0.826
Macro Precision: 0.863
Macro Recall: 0.703
Macro F1-score: 0.741

[[515   5   7]
 [100  60   3]
 [ 19   1  65]]
              precision    recall  f1-score   support

           0       0.81      0.98      0.89       527
           1       0.91      0.37      0.52       163
           2       0.87      0.76      0.81        85

    accuracy                           0.83       775
   macro avg       0.86      0.70      0.74       775
weighted avg       0.84      0.83      0.80       775

601 64.8
220 23.7
106 11.4
1397 64.7
512 23.7
251 11.6
(3087, 57) (3087,) (775, 57) (2160,) (2160,)

3 order Label Accuracy: 0.763
[[1363    9   25]
 [ 381  122    9]
 [  82    5  164]]
0.763425925925926 [0.97566213 0.23828125 0.65338645]

 rate=30 and ii =4
Accuracy: 0.800
Macro Precision: 0.862
Macro Recall: 0.636
Macro F1-score: 0.676

[[523   1   8]
 [116  42   2]
 [ 27   1  55]]
              precision    recall  f1-score   support

           0       0.79      0.98      0.87       532
           1       0.95      0.26      0.41       160
           2       0.85      0.66      0.74        83

    accuracy                           0.80       775
   macro avg       0.86      0.64      0.68       775
weighted avg       0.83      0.80      0.76       775

601 64.8
220 23.7
106 11.4
1397 64.7
512 23.7
251 11.6
(3087, 57) (3087,) (775, 57) (2160,) (2160,)

4 order Label Accuracy: 0.793
[[1359   11   27]
 [ 329  172   11]
 [  62    7  182]]
0.7930555555555555 [0.97279885 0.3359375  0.7250996 ]

 rate=30 and ii =4
Accuracy: 0.825
Macro Precision: 0.869
Macro Recall: 0.694
Macro F1-score: 0.736

[[517   4   6]
 [101  58   3]
 [ 21   1  64]]
              precision    recall  f1-score   support

           0       0.81      0.98      0.89       527
           1       0.92      0.36      0.52       162
           2       0.88      0.74      0.81        86

    accuracy                           0.82       775
   macro avg       0.87      0.69      0.74       775
weighted avg       0.84      0.82      0.80       775

Time(sec):  7.8967216
nodes = range(self.m)
range(0, 8)
Graph with 8 nodes and 0 edges
3 924 8
L
[[1 1 2 ... 1 2 2]
 [2 1 2 ... 1 2 1]
 [2 1 1 ... 1 1 1]
 ...
 [2 1 2 ... 1 2 2]
 [1 3 2 ... 1 2 2]
 [2 1 2 ... 1 2 2]]
L_ind
[[1. 0. 0. ... 0. 1. 0.]
 [0. 1. 0. ... 1. 0. 0.]
 [0. 1. 0. ... 1. 0. 0.]
 ...
 [0. 1. 0. ... 0. 1. 0.]
 [1. 0. 0. ... 0. 1. 0.]
 [0. 1. 0. ... 0. 1. 0.]]
3 2163 8
L
[[2 1 3 ... 1 1 1]
 [1 1 1 ... 1 1 1]
 [1 1 1 ... 1 1 1]
 ...
 [3 1 3 ... 3 3 3]
 [1 1 1 ... 3 3 3]
 [1 1 1 ... 3 3 3]]
L_ind
[[0. 1. 0. ... 1. 0. 0.]
 [1. 0. 0. ... 1. 0. 0.]
 [1. 0. 0. ... 1. 0. 0.]
 ...
 [0. 0. 1. ... 0. 0. 1.]
 [1. 0. 0. ... 0. 0. 1.]
 [1. 0. 0. ... 0. 0. 1.]]
599 64.8
218 23.6
107 11.6
1399 64.7
514 23.8
250 11.6
(3087, 57) (3087,) (775, 57) (775,)

 SNO Accuracy: 0.658
[[944 252 203]
 [194 261  59]
 [ 21  11 218]]

 rate=30 and ii =5
Accuracy: 0.785
Macro Precision: 0.733
Macro Recall: 0.750
Macro F1-score: 0.735

[[434  43  25]
 [ 78  88  10]
 [  7   4  86]]
              precision    recall  f1-score   support

           0       0.84      0.86      0.85       502
           1       0.65      0.50      0.57       176
           2       0.71      0.89      0.79        97

    accuracy                           0.78       775
   macro avg       0.73      0.75      0.74       775
weighted avg       0.78      0.78      0.78       775

599 64.8
218 23.6
107 11.6
1399 64.7
514 23.8
250 11.6
(3087, 57) (3087,) (775, 57) (775,)

semi-SelfTrain Label Accuracy: 0.789
[[1337   26   36]
 [ 303  189   22]
 [  68    2  180]]
0.7887193712436431 [0.95568263 0.36770428 0.72      ]

 rate=30 and ii =5
Accuracy: 0.830
Macro Precision: 0.864
Macro Recall: 0.712
Macro F1-score: 0.750

[[511   4   9]
 [ 94  67   4]
 [ 21   0  65]]
              precision    recall  f1-score   support

         0.0       0.82      0.98      0.89       524
         1.0       0.94      0.41      0.57       165
         2.0       0.83      0.76      0.79        86

    accuracy                           0.83       775
   macro avg       0.86      0.71      0.75       775
weighted avg       0.85      0.83      0.81       775

599 64.8
218 23.6
107 11.6
1399 64.7
514 23.8
250 11.6
(3087, 57) (3087,) (775, 57) (775,)

semi-LabelSpread Label Accuracy: 0.711
[[1399    0    0]
 [ 386  128    0]
 [ 239    0   11]]
0.7110494683310218 [1.         0.24902724 0.044     ]

 rate=30 and ii =5
Accuracy: 0.761
Macro Precision: 0.915
Macro Recall: 0.450
Macro F1-score: 0.474

[[539   0   0]
 [117  46   0]
 [ 68   0   5]]
              precision    recall  f1-score   support

         0.0       0.74      1.00      0.85       539
         1.0       1.00      0.28      0.44       163
         2.0       1.00      0.07      0.13        73

    accuracy                           0.76       775
   macro avg       0.91      0.45      0.47       775
weighted avg       0.82      0.76      0.70       775

599 64.8
218 23.6
107 11.6
1399 64.7
514 23.8
250 11.6
(3087, 57) (3087,) (775, 57) (2163,) (2163,)

2 order Label Accuracy: 0.778
[[1290   73   36]
 [ 300  200   14]
 [  50    8  192]]
0.7776236708275543 [0.92208721 0.38910506 0.768     ]

 rate=30 and ii =5
Accuracy: 0.834
Macro Precision: 0.862
Macro Recall: 0.724
Macro F1-score: 0.760

[[511   7   5]
 [ 95  67   4]
 [ 16   2  68]]
              precision    recall  f1-score   support

           0       0.82      0.98      0.89       523
           1       0.88      0.40      0.55       166
           2       0.88      0.79      0.83        86

    accuracy                           0.83       775
   macro avg       0.86      0.72      0.76       775
weighted avg       0.84      0.83      0.81       775

599 64.8
218 23.6
107 11.6
1399 64.7
514 23.8
250 11.6
(3087, 57) (3087,) (775, 57) (2163,) (2163,)

3 order Label Accuracy: 0.791
[[1332   37   30]
 [ 307  194   13]
 [  60    5  185]]
0.7910309754969949 [0.95210865 0.37743191 0.74      ]

 rate=30 and ii =5
Accuracy: 0.831
Macro Precision: 0.870
Macro Recall: 0.710
Macro F1-score: 0.751

[[514   5   5]
 [ 96  65   4]
 [ 20   1  65]]
              precision    recall  f1-score   support

           0       0.82      0.98      0.89       524
           1       0.92      0.39      0.55       165
           2       0.88      0.76      0.81        86

    accuracy                           0.83       775
   macro avg       0.87      0.71      0.75       775
weighted avg       0.84      0.83      0.81       775

599 64.8
218 23.6
107 11.6
1399 64.7
514 23.8
250 11.6
(3087, 57) (3087,) (775, 57) (2163,) (2163,)

4 order Label Accuracy: 0.792
[[1335   38   26]
 [ 307  194   13]
 [  61    4  185]]
0.7924179380490061 [0.95425304 0.37743191 0.74      ]

 rate=30 and ii =5
Accuracy: 0.835
Macro Precision: 0.880
Macro Recall: 0.722
Macro F1-score: 0.761

[[514   5   5]
 [ 97  65   3]
 [ 18   0  68]]
              precision    recall  f1-score   support

           0       0.82      0.98      0.89       524
           1       0.93      0.39      0.55       165
           2       0.89      0.79      0.84        86

    accuracy                           0.83       775
   macro avg       0.88      0.72      0.76       775
weighted avg       0.85      0.83      0.81       775

Time(sec):  8.004119500000002
nodes = range(self.m)
range(0, 8)
Graph with 8 nodes and 0 edges
3 921 8
L
[[1 1 1 ... 1 1 1]
 [1 1 2 ... 1 2 2]
 [1 1 1 ... 1 1 1]
 ...
 [2 1 2 ... 1 2 1]
 [1 1 2 ... 1 2 2]
 [1 3 2 ... 1 2 2]]
L_ind
[[1. 0. 0. ... 1. 0. 0.]
 [1. 0. 0. ... 0. 1. 0.]
 [1. 0. 0. ... 1. 0. 0.]
 ...
 [0. 1. 0. ... 1. 0. 0.]
 [1. 0. 0. ... 0. 1. 0.]
 [1. 0. 0. ... 0. 1. 0.]]
3 2166 8
L
[[1 1 1 ... 1 1 1]
 [1 1 1 ... 1 1 1]
 [1 1 1 ... 1 1 1]
 ...
 [3 3 3 ... 1 1 1]
 [3 1 3 ... 1 1 1]
 [2 1 1 ... 1 3 3]]
L_ind
[[1. 0. 0. ... 1. 0. 0.]
 [1. 0. 0. ... 1. 0. 0.]
 [1. 0. 0. ... 1. 0. 0.]
 ...
 [0. 0. 1. ... 1. 0. 0.]
 [0. 0. 1. ... 1. 0. 0.]
 [0. 1. 0. ... 0. 0. 1.]]
595 64.6
219 23.8
107 11.6
1403 64.8
513 23.7
250 11.5
(3087, 57) (3087,) (775, 57) (775,)

 SNO Accuracy: 0.695
[[1070  196  137]
 [ 245  235   33]
 [  33   16  201]]

 rate=30 and ii =7
Accuracy: 0.808
Macro Precision: 0.770
Macro Recall: 0.749
Macro F1-score: 0.751

[[461  29  19]
 [ 78  88   8]
 [ 12   3  77]]
              precision    recall  f1-score   support

           0       0.84      0.91      0.87       509
           1       0.73      0.51      0.60       174
           2       0.74      0.84      0.79        92

    accuracy                           0.81       775
   macro avg       0.77      0.75      0.75       775
weighted avg       0.80      0.81      0.80       775

595 64.6
219 23.8
107 11.6
1403 64.8
513 23.7
250 11.5
(3087, 57) (3087,) (775, 57) (775,)

semi-SelfTrain Label Accuracy: 0.772
[[1326   44   33]
 [ 313  182   18]
 [  84    1  165]]
0.7723915050784856 [0.94511761 0.35477583 0.66      ]

 rate=30 and ii =7
Accuracy: 0.830
Macro Precision: 0.856
Macro Recall: 0.723
Macro F1-score: 0.762

[[502  10   7]
 [ 91  76   3]
 [ 21   0  65]]
              precision    recall  f1-score   support

         0.0       0.82      0.97      0.89       519
         1.0       0.88      0.45      0.59       170
         2.0       0.87      0.76      0.81        86

    accuracy                           0.83       775
   macro avg       0.86      0.72      0.76       775
weighted avg       0.84      0.83      0.81       775

595 64.6
219 23.8
107 11.6
1403 64.8
513 23.7
250 11.5
(3087, 57) (3087,) (775, 57) (775,)

semi-LabelSpread Label Accuracy: 0.707
[[1403    0    0]
 [ 401  112    0]
 [ 234    0   16]]
0.7068328716528163 [1.         0.21832359 0.064     ]

 rate=30 and ii =7
Accuracy: 0.759
Macro Precision: 0.848
Macro Recall: 0.447
Macro F1-score: 0.467

[[537   0   1]
 [117  47   0]
 [ 69   0   4]]
              precision    recall  f1-score   support

         0.0       0.74      1.00      0.85       538
         1.0       1.00      0.29      0.45       164
         2.0       0.80      0.05      0.10        73

    accuracy                           0.76       775
   macro avg       0.85      0.45      0.47       775
weighted avg       0.80      0.76      0.70       775

595 64.6
219 23.8
107 11.6
1403 64.8
513 23.7
250 11.5
(3087, 57) (3087,) (775, 57) (2166,) (2166,)

2 order Label Accuracy: 0.771
[[1308   66   29]
 [ 316  180   17]
 [  62    7  181]]
0.7705447830101569 [0.93228795 0.35087719 0.724     ]

 rate=30 and ii =7
Accuracy: 0.828
Macro Precision: 0.850
Macro Recall: 0.723
Macro F1-score: 0.756

[[506   9   7]
 [ 95  69   4]
 [ 17   1  67]]
              precision    recall  f1-score   support

           0       0.82      0.97      0.89       522
           1       0.87      0.41      0.56       168
           2       0.86      0.79      0.82        85

    accuracy                           0.83       775
   macro avg       0.85      0.72      0.76       775
weighted avg       0.84      0.83      0.81       775

595 64.6
219 23.8
107 11.6
1403 64.8
513 23.7
250 11.5
(3087, 57) (3087,) (775, 57) (2166,) (2166,)

3 order Label Accuracy: 0.783
[[1338   28   37]
 [ 320  176   17]
 [  63    4  183]]
0.783471837488458 [0.95367071 0.34307992 0.732     ]

 rate=30 and ii =7
Accuracy: 0.837
Macro Precision: 0.876
Macro Recall: 0.732
Macro F1-score: 0.768

[[511   5   7]
 [ 94  69   3]
 [ 17   0  69]]
              precision    recall  f1-score   support

           0       0.82      0.98      0.89       523
           1       0.93      0.42      0.57       166
           2       0.87      0.80      0.84        86

    accuracy                           0.84       775
   macro avg       0.88      0.73      0.77       775
weighted avg       0.85      0.84      0.82       775

595 64.6
219 23.8
107 11.6
1403 64.8
513 23.7
250 11.5
(3087, 57) (3087,) (775, 57) (2166,) (2166,)

4 order Label Accuracy: 0.782
[[1338   40   25]
 [ 320  177   16]
 [  67    4  179]]
0.7820867959372114 [0.95367071 0.34502924 0.716     ]

 rate=30 and ii =7
Accuracy: 0.836
Macro Precision: 0.878
Macro Recall: 0.725
Macro F1-score: 0.765

[[512   5   6]
 [ 94  69   3]
 [ 19   0  67]]
              precision    recall  f1-score   support

           0       0.82      0.98      0.89       523
           1       0.93      0.42      0.57       166
           2       0.88      0.78      0.83        86

    accuracy                           0.84       775
   macro avg       0.88      0.72      0.76       775
weighted avg       0.85      0.84      0.82       775

Time(sec):  9.7571089
nodes = range(self.m)
range(0, 8)
Graph with 8 nodes and 0 edges
3 923 8
L
[[1 1 1 ... 1 1 1]
 [1 1 1 ... 1 1 1]
 [1 1 1 ... 1 1 1]
 ...
 [2 1 2 ... 1 2 1]
 [2 1 2 ... 1 2 1]
 [1 3 2 ... 1 2 2]]
L_ind
[[1. 0. 0. ... 1. 0. 0.]
 [1. 0. 0. ... 1. 0. 0.]
 [1. 0. 0. ... 1. 0. 0.]
 ...
 [0. 1. 0. ... 1. 0. 0.]
 [0. 1. 0. ... 1. 0. 0.]
 [1. 0. 0. ... 0. 1. 0.]]
3 2164 8
L
[[2 1 1 ... 1 1 1]
 [1 1 1 ... 1 1 1]
 [1 1 1 ... 1 1 1]
 ...
 [3 1 3 ... 1 1 1]
 [3 1 3 ... 1 3 3]
 [1 1 1 ... 1 3 3]]
L_ind
[[0. 1. 0. ... 1. 0. 0.]
 [1. 0. 0. ... 1. 0. 0.]
 [1. 0. 0. ... 1. 0. 0.]
 ...
 [0. 0. 1. ... 1. 0. 0.]
 [0. 0. 1. ... 0. 0. 1.]
 [1. 0. 0. ... 0. 0. 1.]]
598 64.8
219 23.7
106 11.5
1400 64.7
513 23.7
251 11.6
(3087, 57) (3087,) (775, 57) (775,)

 SNO Accuracy: 0.722
[[1135  173   92]
 [ 252  237   24]
 [  38   23  190]]

 rate=30 and ii =8
Accuracy: 0.815
Macro Precision: 0.806
Macro Recall: 0.729
Macro F1-score: 0.744

[[486  11  16]
 [ 94  72   6]
 [ 12   4  74]]
              precision    recall  f1-score   support

           0       0.82      0.95      0.88       513
           1       0.83      0.42      0.56       172
           2       0.77      0.82      0.80        90

    accuracy                           0.82       775
   macro avg       0.81      0.73      0.74       775
weighted avg       0.82      0.82      0.80       775

598 64.8
219 23.7
106 11.5
1400 64.7
513 23.7
251 11.6
(3087, 57) (3087,) (775, 57) (775,)

semi-SelfTrain Label Accuracy: 0.795
[[1367   12   21]
 [ 312  184   17]
 [  80    2  169]]
0.7948243992606284 [0.97642857 0.35867446 0.67330677]

 rate=30 and ii =8
Accuracy: 0.819
Macro Precision: 0.883
Macro Recall: 0.681
Macro F1-score: 0.723

[[518   0   8]
 [105  55   3]
 [ 24   0  62]]
              precision    recall  f1-score   support

         0.0       0.80      0.98      0.88       526
         1.0       1.00      0.34      0.50       163
         2.0       0.85      0.72      0.78        86

    accuracy                           0.82       775
   macro avg       0.88      0.68      0.72       775
weighted avg       0.85      0.82      0.79       775

598 64.8
219 23.7
106 11.5
1400 64.7
513 23.7
251 11.6
(3087, 57) (3087,) (775, 57) (775,)

semi-LabelSpread Label Accuracy: 0.705
[[1400    0    0]
 [ 397  116    0]
 [ 241    0   10]]
0.7051756007393716 [1.         0.22612086 0.03984064]

 rate=30 and ii =8
Accuracy: 0.748
Macro Precision: 0.912
Macro Recall: 0.438
Macro F1-score: 0.462

[[540   0   0]
 [129  31   0]
 [ 66   0   9]]
              precision    recall  f1-score   support

         0.0       0.73      1.00      0.85       540
         1.0       1.00      0.19      0.32       160
         2.0       1.00      0.12      0.21        75

    accuracy                           0.75       775
   macro avg       0.91      0.44      0.46       775
weighted avg       0.82      0.75      0.68       775

598 64.8
219 23.7
106 11.5
1400 64.7
513 23.7
251 11.6
(3087, 57) (3087,) (775, 57) (2164,) (2164,)

2 order Label Accuracy: 0.777
[[1301   55   44]
 [ 295  199   19]
 [  51   19  181]]
0.7768022181146026 [0.92928571 0.38791423 0.72111554]

 rate=30 and ii =8
Accuracy: 0.818
Macro Precision: 0.837
Macro Recall: 0.702
Macro F1-score: 0.734

[[505   6  11]
 [100  64   3]
 [ 18   3  65]]
              precision    recall  f1-score   support

           0       0.81      0.97      0.88       522
           1       0.88      0.38      0.53       167
           2       0.82      0.76      0.79        86

    accuracy                           0.82       775
   macro avg       0.84      0.70      0.73       775
weighted avg       0.83      0.82      0.80       775

598 64.8
219 23.7
106 11.5
1400 64.7
513 23.7
251 11.6
(3087, 57) (3087,) (775, 57) (2164,) (2164,)

3 order Label Accuracy: 0.790
[[1354   21   25]
 [ 311  188   14]
 [  72   11  168]]
0.7902033271719039 [0.96714286 0.36647173 0.66932271]

 rate=30 and ii =8
Accuracy: 0.819
Macro Precision: 0.866
Macro Recall: 0.686
Macro F1-score: 0.728

[[516   3   8]
 [104  58   2]
 [ 22   1  61]]
              precision    recall  f1-score   support

           0       0.80      0.98      0.88       527
           1       0.94      0.35      0.51       164
           2       0.86      0.73      0.79        84

    accuracy                           0.82       775
   macro avg       0.87      0.69      0.73       775
weighted avg       0.84      0.82      0.79       775

598 64.8
219 23.7
106 11.5
1400 64.7
513 23.7
251 11.6
(3087, 57) (3087,) (775, 57) (2164,) (2164,)

4 order Label Accuracy: 0.790
[[1353   20   27]
 [ 311  188   14]
 [  73   10  168]]
0.7897412199630314 [0.96642857 0.36647173 0.66932271]

 rate=30 and ii =8
Accuracy: 0.818
Macro Precision: 0.863
Macro Recall: 0.687
Macro F1-score: 0.727

[[514   3   9]
 [104  58   2]
 [ 22   1  62]]
              precision    recall  f1-score   support

           0       0.80      0.98      0.88       526
           1       0.94      0.35      0.51       164
           2       0.85      0.73      0.78        85

    accuracy                           0.82       775
   macro avg       0.86      0.69      0.73       775
weighted avg       0.84      0.82      0.79       775

Time(sec):  7.734728
nodes = range(self.m)
range(0, 8)
Graph with 8 nodes and 0 edges
3 925 8
L
[[1 1 1 ... 1 1 1]
 [1 1 1 ... 1 1 1]
 [1 1 1 ... 1 1 1]
 ...
 [3 3 2 ... 1 2 2]
 [1 1 2 ... 1 2 2]
 [1 3 2 ... 1 2 2]]
L_ind
[[1. 0. 0. ... 1. 0. 0.]
 [1. 0. 0. ... 1. 0. 0.]
 [1. 0. 0. ... 1. 0. 0.]
 ...
 [0. 0. 1. ... 0. 1. 0.]
 [1. 0. 0. ... 0. 1. 0.]
 [1. 0. 0. ... 0. 1. 0.]]
3 2162 8
L
[[1 1 1 ... 1 2 2]
 [1 1 1 ... 1 1 1]
 [1 1 1 ... 1 1 1]
 ...
 [3 1 3 ... 1 1 3]
 [1 1 1 ... 1 3 3]
 [2 1 1 ... 1 3 3]]
L_ind
[[1. 0. 0. ... 0. 1. 0.]
 [1. 0. 0. ... 1. 0. 0.]
 [1. 0. 0. ... 1. 0. 0.]
 ...
 [0. 0. 1. ... 0. 0. 1.]
 [1. 0. 0. ... 0. 0. 1.]
 [0. 1. 0. ... 0. 0. 1.]]
599 64.8
220 23.8
106 11.5
1399 64.7
512 23.7
251 11.6
(3087, 57) (3087,) (775, 57) (775,)

 SNO Accuracy: 0.725
[[1115  180  104]
 [ 221  268   23]
 [  39   27  185]]

 rate=30 and ii =9
Accuracy: 0.823
Macro Precision: 0.811
Macro Recall: 0.736
Macro F1-score: 0.754

[[485  11  14]
 [ 84  81   9]
 [ 15   4  72]]
              precision    recall  f1-score   support

           0       0.83      0.95      0.89       510
           1       0.84      0.47      0.60       174
           2       0.76      0.79      0.77        91

    accuracy                           0.82       775
   macro avg       0.81      0.74      0.75       775
weighted avg       0.82      0.82      0.81       775

599 64.8
220 23.8
106 11.5
1399 64.7
512 23.7
251 11.6
(3087, 57) (3087,) (775, 57) (775,)

semi-SelfTrain Label Accuracy: 0.798
[[1358   11   30]
 [ 304  195   13]
 [  78    1  172]]
0.7978723404255319 [0.97069335 0.38085938 0.68525896]

 rate=30 and ii =9
Accuracy: 0.818
Macro Precision: 0.869
Macro Recall: 0.687
Macro F1-score: 0.728

[[512   2   9]
 [103  60   3]
 [ 24   0  62]]
              precision    recall  f1-score   support

         0.0       0.80      0.98      0.88       523
         1.0       0.97      0.36      0.53       166
         2.0       0.84      0.72      0.77        86

    accuracy                           0.82       775
   macro avg       0.87      0.69      0.73       775
weighted avg       0.84      0.82      0.79       775

599 64.8
220 23.8
106 11.5
1399 64.7
512 23.7
251 11.6
(3087, 57) (3087,) (775, 57) (775,)

semi-LabelSpread Label Accuracy: 0.712
[[1399    0    0]
 [ 388  124    0]
 [ 235    0   16]]
0.711840888066605 [1.         0.2421875  0.06374502]

 rate=30 and ii =9
Accuracy: 0.759
Macro Precision: 0.886
Macro Recall: 0.467
Macro F1-score: 0.504

[[535   0   1]
 [122  42   0]
 [ 64   0  11]]
              precision    recall  f1-score   support

         0.0       0.74      1.00      0.85       536
         1.0       1.00      0.26      0.41       164
         2.0       0.92      0.15      0.25        75

    accuracy                           0.76       775
   macro avg       0.89      0.47      0.50       775
weighted avg       0.81      0.76      0.70       775

599 64.8
220 23.8
106 11.5
1399 64.7
512 23.7
251 11.6
(3087, 57) (3087,) (775, 57) (2162,) (2162,)

2 order Label Accuracy: 0.781
[[1316   49   34]
 [ 304  193   15]
 [  63    9  179]]
0.7807585568917669 [0.94067191 0.37695312 0.71314741]

 rate=30 and ii =9
Accuracy: 0.825
Macro Precision: 0.867
Macro Recall: 0.707
Macro F1-score: 0.741

[[510   3   8]
 [100  62   5]
 [ 20   0  67]]
              precision    recall  f1-score   support

           0       0.81      0.98      0.89       521
           1       0.95      0.37      0.53       167
           2       0.84      0.77      0.80        87

    accuracy                           0.82       775
   macro avg       0.87      0.71      0.74       775
weighted avg       0.84      0.82      0.80       775

599 64.8
220 23.8
106 11.5
1399 64.7
512 23.7
251 11.6
(3087, 57) (3087,) (775, 57) (2162,) (2162,)

3 order Label Accuracy: 0.791
[[1347   21   31]
 [ 312  186   14]
 [  66    8  177]]
0.7909343200740055 [0.96283059 0.36328125 0.70517928]

 rate=30 and ii =9
Accuracy: 0.823
Macro Precision: 0.871
Macro Recall: 0.703
Macro F1-score: 0.737

[[511   1   9]
 [103  59   4]
 [ 19   1  68]]
              precision    recall  f1-score   support

           0       0.81      0.98      0.89       521
           1       0.97      0.36      0.52       166
           2       0.84      0.77      0.80        88

    accuracy                           0.82       775
   macro avg       0.87      0.70      0.74       775
weighted avg       0.85      0.82      0.80       775

599 64.8
220 23.8
106 11.5
1399 64.7
512 23.7
251 11.6
(3087, 57) (3087,) (775, 57) (2162,) (2162,)

4 order Label Accuracy: 0.790
[[1347   21   31]
 [ 313  185   14]
 [  66    9  176]]
0.790009250693802 [0.96283059 0.36132812 0.70119522]

 rate=30 and ii =9
Accuracy: 0.822
Macro Precision: 0.869
Macro Recall: 0.697
Macro F1-score: 0.733

[[513   1   9]
 [103  59   4]
 [ 20   1  65]]
              precision    recall  f1-score   support

           0       0.81      0.98      0.89       523
           1       0.97      0.36      0.52       166
           2       0.83      0.76      0.79        86

    accuracy                           0.82       775
   macro avg       0.87      0.70      0.73       775
weighted avg       0.84      0.82      0.80       775

Time(sec):  7.9913299
nodes = range(self.m)
range(0, 8)
Graph with 8 nodes and 0 edges
3 928 8
L
[[1 1 2 ... 1 2 2]
 [1 1 1 ... 1 1 1]
 [2 1 1 ... 1 1 1]
 ...
 [1 1 2 ... 1 2 1]
 [1 1 2 ... 1 2 2]
 [1 3 2 ... 1 2 2]]
L_ind
[[1. 0. 0. ... 0. 1. 0.]
 [1. 0. 0. ... 1. 0. 0.]
 [0. 1. 0. ... 1. 0. 0.]
 ...
 [1. 0. 0. ... 1. 0. 0.]
 [1. 0. 0. ... 0. 1. 0.]
 [1. 0. 0. ... 0. 1. 0.]]
3 2159 8
L
[[1 1 3 ... 1 1 1]
 [1 1 1 ... 1 1 1]
 [1 1 1 ... 1 1 1]
 ...
 [2 3 2 ... 1 1 1]
 [3 3 3 ... 1 1 1]
 [1 1 1 ... 1 3 3]]
L_ind
[[1. 0. 0. ... 1. 0. 0.]
 [1. 0. 0. ... 1. 0. 0.]
 [1. 0. 0. ... 1. 0. 0.]
 ...
 [0. 1. 0. ... 1. 0. 0.]
 [0. 0. 1. ... 1. 0. 0.]
 [1. 0. 0. ... 0. 0. 1.]]
601 64.8
220 23.7
107 11.5
1397 64.7
512 23.7
250 11.6
(3087, 57) (3087,) (775, 57) (775,)

 SNO Accuracy: 0.692
[[1045  254   98]
 [ 225  255   32]
 [  35   20  195]]

 rate=30 and ii =10
Accuracy: 0.809
Macro Precision: 0.765
Macro Recall: 0.742
Macro F1-score: 0.746

[[467  31  15]
 [ 74  85  11]
 [ 13   4  75]]
              precision    recall  f1-score   support

           0       0.84      0.91      0.88       513
           1       0.71      0.50      0.59       170
           2       0.74      0.82      0.78        92

    accuracy                           0.81       775
   macro avg       0.76      0.74      0.75       775
weighted avg       0.80      0.81      0.80       775

601 64.8
220 23.7
107 11.5
1397 64.7
512 23.7
250 11.6
(3087, 57) (3087,) (775, 57) (775,)

semi-SelfTrain Label Accuracy: 0.797
[[1343   15   39]
 [ 297  201   14]
 [  71    3  176]]
0.7966651227420102 [0.96134574 0.39257812 0.704     ]

 rate=30 and ii =10
Accuracy: 0.835
Macro Precision: 0.865
Macro Recall: 0.721
Macro F1-score: 0.758

[[515   5   7]
 [ 95  65   3]
 [ 16   2  67]]
              precision    recall  f1-score   support

         0.0       0.82      0.98      0.89       527
         1.0       0.90      0.40      0.55       163
         2.0       0.87      0.79      0.83        85

    accuracy                           0.83       775
   macro avg       0.87      0.72      0.76       775
weighted avg       0.84      0.83      0.81       775

601 64.8
220 23.7
107 11.5
1397 64.7
512 23.7
250 11.6
(3087, 57) (3087,) (775, 57) (775,)

semi-LabelSpread Label Accuracy: 0.707
[[1397    0    0]
 [ 396  116    0]
 [ 237    0   13]]
0.7068087077350625 [1.        0.2265625 0.052    ]

 rate=30 and ii =10
Accuracy: 0.763
Macro Precision: 0.915
Macro Recall: 0.452
Macro F1-score: 0.479

[[541   0   0]
 [118  44   0]
 [ 66   0   6]]
              precision    recall  f1-score   support

         0.0       0.75      1.00      0.85       541
         1.0       1.00      0.27      0.43       162
         2.0       1.00      0.08      0.15        72

    accuracy                           0.76       775
   macro avg       0.92      0.45      0.48       775
weighted avg       0.82      0.76      0.70       775

601 64.8
220 23.7
107 11.5
1397 64.7
512 23.7
250 11.6
(3087, 57) (3087,) (775, 57) (2159,) (2159,)

2 order Label Accuracy: 0.732
[[1193  171   33]
 [ 283  210   19]
 [  54   18  178]]
0.7322834645669292 [0.8539728  0.41015625 0.712     ]

 rate=30 and ii =10
Accuracy: 0.832
Macro Precision: 0.846
Macro Recall: 0.730
Macro F1-score: 0.767

[[504  15   6]
 [ 87  74   3]
 [ 19   0  67]]
              precision    recall  f1-score   support

           0       0.83      0.96      0.89       525
           1       0.83      0.45      0.58       164
           2       0.88      0.78      0.83        86

    accuracy                           0.83       775
   macro avg       0.85      0.73      0.77       775
weighted avg       0.83      0.83      0.82       775

601 64.8
220 23.7
107 11.5
1397 64.7
512 23.7
250 11.6
(3087, 57) (3087,) (775, 57) (2159,) (2159,)

3 order Label Accuracy: 0.787
[[1359   16   22]
 [ 319  187    6]
 [  91    6  153]]
0.7869383974062065 [0.97279885 0.36523438 0.612     ]

 rate=30 and ii =10
Accuracy: 0.825
Macro Precision: 0.872
Macro Recall: 0.689
Macro F1-score: 0.736

[[517   4   6]
 [ 99  62   2]
 [ 24   1  60]]
              precision    recall  f1-score   support

           0       0.81      0.98      0.89       527
           1       0.93      0.38      0.54       163
           2       0.88      0.71      0.78        85

    accuracy                           0.82       775
   macro avg       0.87      0.69      0.74       775
weighted avg       0.84      0.82      0.80       775

601 64.8
220 23.7
107 11.5
1397 64.7
512 23.7
250 11.6
(3087, 57) (3087,) (775, 57) (2159,) (2159,)

4 order Label Accuracy: 0.799
[[1354   16   27]
 [ 311  189   12]
 [  62    6  182]]
0.7989810097267254 [0.96921976 0.36914062 0.728     ]

 rate=30 and ii =10
Accuracy: 0.836
Macro Precision: 0.883
Macro Recall: 0.717
Macro F1-score: 0.760

[[518   4   5]
 [ 97  64   2]
 [ 18   1  66]]
              precision    recall  f1-score   support

           0       0.82      0.98      0.89       527
           1       0.93      0.39      0.55       163
           2       0.90      0.78      0.84        85

    accuracy                           0.84       775
   macro avg       0.88      0.72      0.76       775
weighted avg       0.85      0.84      0.81       775

Time(sec):  8.0829066
