nodes = range(self.m)
range(0, 8)
Graph with 8 nodes and 0 edges
3 275 8
L
[[1 1 3 ... 1 3 3]
 [1 1 1 ... 1 1 1]
 [2 1 2 ... 1 2 2]
 ...
 [1 1 2 ... 1 2 2]
 [1 3 2 ... 1 2 2]
 [1 1 3 ... 3 3 3]]
L_ind
[[1. 0. 0. ... 0. 0. 1.]
 [1. 0. 0. ... 1. 0. 0.]
 [0. 1. 0. ... 0. 1. 0.]
 ...
 [1. 0. 0. ... 0. 1. 0.]
 [1. 0. 0. ... 0. 1. 0.]
 [1. 0. 0. ... 0. 0. 1.]]
3 2812 8
L
[[2 1 1 ... 1 1 2]
 [1 1 1 ... 1 1 1]
 [1 1 1 ... 1 1 2]
 ...
 [1 1 3 ... 3 1 3]
 [2 1 1 ... 3 3 3]
 [1 1 1 ... 3 3 3]]
L_ind
[[0. 1. 0. ... 0. 1. 0.]
 [1. 0. 0. ... 1. 0. 0.]
 [1. 0. 0. ... 0. 1. 0.]
 ...
 [1. 0. 0. ... 0. 0. 1.]
 [0. 1. 0. ... 0. 0. 1.]
 [1. 0. 0. ... 0. 0. 1.]]
179 65.1
65 23.6
31 11.3
1819 64.7
667 23.7
326 11.6
(3087, 57) (3087,) (775, 57) (775,)

 SNO Accuracy: 0.591
[[1146  365  308]
 [ 321  268   78]
 [  49   29  248]]

 rate=9 and ii =1
Accuracy: 0.743
Macro Precision: 0.682
Macro Recall: 0.701
Macro F1-score: 0.677

[[414  40  40]
 [ 86  74  17]
 [ 13   3  88]]
              precision    recall  f1-score   support

           0       0.81      0.84      0.82       494
           1       0.63      0.42      0.50       177
           2       0.61      0.85      0.71       104

    accuracy                           0.74       775
   macro avg       0.68      0.70      0.68       775
weighted avg       0.74      0.74      0.73       775

179 65.1
65 23.6
31 11.3
1819 64.7
667 23.7
326 11.6
(3087, 57) (3087,) (775, 57) (775,)

semi-SelfTrain Label Accuracy: 0.717
[[1759   18   42]
 [ 586   64   17]
 [ 131    1  194]]
0.7172830725462305 [0.96701484 0.09595202 0.59509202]

 rate=9 and ii =1
Accuracy: 0.770
Macro Precision: 0.831
Macro Recall: 0.596
Macro F1-score: 0.612

[[519   3   6]
 [139  20   3]
 [ 27   0  58]]
              precision    recall  f1-score   support

         0.0       0.76      0.98      0.86       528
         1.0       0.87      0.12      0.22       162
         2.0       0.87      0.68      0.76        85

    accuracy                           0.77       775
   macro avg       0.83      0.60      0.61       775
weighted avg       0.79      0.77      0.71       775

179 65.1
65 23.6
31 11.3
1819 64.7
667 23.7
326 11.6
(3087, 57) (3087,) (775, 57) (775,)

semi-LabelSpread Label Accuracy: 0.673
[[1819    0    0]
 [ 607   60    0]
 [ 312    0   14]]
0.6731863442389758 [1.         0.08995502 0.04294479]

 rate=9 and ii =1
Accuracy: 0.726
Macro Precision: 0.906
Macro Recall: 0.383
Macro F1-score: 0.370

[[543   0   0]
 [143  17   0]
 [ 69   0   3]]
              precision    recall  f1-score   support

         0.0       0.72      1.00      0.84       543
         1.0       1.00      0.11      0.19       160
         2.0       1.00      0.04      0.08        72

    accuracy                           0.73       775
   macro avg       0.91      0.38      0.37       775
weighted avg       0.80      0.73      0.63       775

179 65.1
65 23.6
31 11.3
1819 64.7
667 23.7
326 11.6
(3087, 57) (3087,) (775, 57) (2812,) (2812,)

2 order Label Accuracy: 0.700
[[1649  148   22]
 [ 513  150    4]
 [ 138   20  168]]
0.69950213371266 [0.90654206 0.22488756 0.51533742]

 rate=9 and ii =1
Accuracy: 0.775
Macro Precision: 0.837
Macro Recall: 0.589
Macro F1-score: 0.632

[[518   3   6]
 [128  38   1]
 [ 34   2  45]]
              precision    recall  f1-score   support

           0       0.76      0.98      0.86       527
           1       0.88      0.23      0.36       167
           2       0.87      0.56      0.68        81

    accuracy                           0.78       775
   macro avg       0.84      0.59      0.63       775
weighted avg       0.80      0.78      0.73       775

179 65.1
65 23.6
31 11.3
1819 64.7
667 23.7
326 11.6
(3087, 57) (3087,) (775, 57) (2812,) (2812,)

3 order Label Accuracy: 0.693
[[1626  148   45]
 [ 490  155   22]
 [ 107   50  169]]
0.6934566145092461 [0.89389775 0.23238381 0.51840491]

 rate=9 and ii =1
Accuracy: 0.781
Macro Precision: 0.809
Macro Recall: 0.604
Macro F1-score: 0.649

[[514   7   6]
 [120  45   2]
 [ 31   4  46]]
              precision    recall  f1-score   support

           0       0.77      0.98      0.86       527
           1       0.80      0.27      0.40       167
           2       0.85      0.57      0.68        81

    accuracy                           0.78       775
   macro avg       0.81      0.60      0.65       775
weighted avg       0.79      0.78      0.74       775

179 65.1
65 23.6
31 11.3
1819 64.7
667 23.7
326 11.6
(3087, 57) (3087,) (775, 57) (2812,) (2812,)

4 order Label Accuracy: 0.701
[[1692   95   32]
 [ 547  108   12]
 [ 117   37  172]]
0.701280227596017 [0.93018142 0.16191904 0.52760736]

 rate=9 and ii =1
Accuracy: 0.772
Macro Precision: 0.812
Macro Recall: 0.585
Macro F1-score: 0.617

[[521   1   6]
 [136  28   1]
 [ 27   6  49]]
              precision    recall  f1-score   support

           0       0.76      0.99      0.86       528
           1       0.80      0.17      0.28       165
           2       0.88      0.60      0.71        82

    accuracy                           0.77       775
   macro avg       0.81      0.58      0.62       775
weighted avg       0.78      0.77      0.72       775

Time(sec):  7.299274400000001
nodes = range(self.m)
range(0, 8)
Graph with 8 nodes and 0 edges
3 277 8
L
[[2 1 2 ... 1 2 2]
 [1 1 1 ... 1 1 1]
 [2 3 3 ... 3 3 3]
 ...
 [2 1 1 ... 1 1 1]
 [1 1 1 ... 3 1 1]
 [2 3 2 ... 3 2 2]]
L_ind
[[0. 1. 0. ... 0. 1. 0.]
 [1. 0. 0. ... 1. 0. 0.]
 [0. 1. 0. ... 0. 0. 1.]
 ...
 [0. 1. 0. ... 1. 0. 0.]
 [1. 0. 0. ... 1. 0. 0.]
 [0. 1. 0. ... 0. 1. 0.]]
3 2810 8
L
[[2 1 1 ... 1 1 1]
 [2 1 1 ... 1 1 1]
 [1 1 1 ... 1 2 2]
 ...
 [3 1 3 ... 3 1 1]
 [1 1 1 ... 3 3 3]
 [1 1 1 ... 3 3 3]]
L_ind
[[0. 1. 0. ... 1. 0. 0.]
 [0. 1. 0. ... 1. 0. 0.]
 [1. 0. 0. ... 0. 1. 0.]
 ...
 [0. 0. 1. ... 1. 0. 0.]
 [1. 0. 0. ... 0. 0. 1.]
 [1. 0. 0. ... 0. 0. 1.]]
179 64.6
66 23.8
32 11.6
1819 64.7
666 23.7
325 11.6
(3087, 57) (3087,) (775, 57) (775,)

 SNO Accuracy: 0.605
[[1210  394  215]
 [ 355  239   72]
 [  47   28  250]]

 rate=9 and ii =2
Accuracy: 0.739
Macro Precision: 0.674
Macro Recall: 0.704
Macro F1-score: 0.682

[[415  57  29]
 [ 89  78  13]
 [  9   5  80]]
              precision    recall  f1-score   support

           0       0.81      0.83      0.82       501
           1       0.56      0.43      0.49       180
           2       0.66      0.85      0.74        94

    accuracy                           0.74       775
   macro avg       0.67      0.70      0.68       775
weighted avg       0.73      0.74      0.73       775

179 64.6
66 23.8
32 11.6
1819 64.7
666 23.7
325 11.6
(3087, 57) (3087,) (775, 57) (775,)

semi-SelfTrain Label Accuracy: 0.717
[[1757   35   27]
 [ 593   67    6]
 [ 124    9  192]]
0.7174377224199289 [0.96591534 0.1006006  0.59076923]

 rate=9 and ii =2
Accuracy: 0.759
Macro Precision: 0.748
Macro Recall: 0.576
Macro F1-score: 0.596

[[516   9   7]
 [139  21   2]
 [ 27   3  51]]
              precision    recall  f1-score   support

         0.0       0.76      0.97      0.85       532
         1.0       0.64      0.13      0.22       162
         2.0       0.85      0.63      0.72        81

    accuracy                           0.76       775
   macro avg       0.75      0.58      0.60       775
weighted avg       0.74      0.76      0.70       775

179 64.6
66 23.8
32 11.6
1819 64.7
666 23.7
325 11.6
(3087, 57) (3087,) (775, 57) (775,)

semi-LabelSpread Label Accuracy: 0.663
[[1819    0    0]
 [ 623   43    0]
 [ 323    0    2]]
0.6633451957295373 [1.         0.06456456 0.00615385]

 rate=9 and ii =2
Accuracy: 0.723
Macro Precision: 0.905
Macro Recall: 0.379
Macro F1-score: 0.363

[[543   0   0]
 [146  13   0]
 [ 69   0   4]]
              precision    recall  f1-score   support

         0.0       0.72      1.00      0.83       543
         1.0       1.00      0.08      0.15       159
         2.0       1.00      0.05      0.10        73

    accuracy                           0.72       775
   macro avg       0.91      0.38      0.36       775
weighted avg       0.80      0.72      0.63       775

179 64.6
66 23.8
32 11.6
1819 64.7
666 23.7
325 11.6
(3087, 57) (3087,) (775, 57) (2810,) (2810,)

2 order Label Accuracy: 0.693
[[1700   99   20]
 [ 580   77    9]
 [ 141   15  169]]
0.6925266903914591 [0.93457944 0.11561562 0.52      ]

 rate=9 and ii =2
Accuracy: 0.763
Macro Precision: 0.839
Macro Recall: 0.556
Macro F1-score: 0.578

[[527   2   5]
 [140  17   2]
 [ 35   0  47]]
              precision    recall  f1-score   support

           0       0.75      0.99      0.85       534
           1       0.89      0.11      0.19       159
           2       0.87      0.57      0.69        82

    accuracy                           0.76       775
   macro avg       0.84      0.56      0.58       775
weighted avg       0.79      0.76      0.70       775

179 64.6
66 23.8
32 11.6
1819 64.7
666 23.7
325 11.6
(3087, 57) (3087,) (775, 57) (2810,) (2810,)

3 order Label Accuracy: 0.691
[[1702   91   26]
 [ 586   69   11]
 [ 129   24  172]]
0.6914590747330961 [0.93567894 0.1036036  0.52923077]

 rate=9 and ii =2
Accuracy: 0.763
Macro Precision: 0.833
Macro Recall: 0.558
Macro F1-score: 0.577

[[527   1   5]
 [141  16   3]
 [ 33   1  48]]
              precision    recall  f1-score   support

           0       0.75      0.99      0.85       533
           1       0.89      0.10      0.18       160
           2       0.86      0.59      0.70        82

    accuracy                           0.76       775
   macro avg       0.83      0.56      0.58       775
weighted avg       0.79      0.76      0.70       775

179 64.6
66 23.8
32 11.6
1819 64.7
666 23.7
325 11.6
(3087, 57) (3087,) (775, 57) (2810,) (2810,)

4 order Label Accuracy: 0.670
[[1628  115   76]
 [ 571   72   23]
 [ 123   19  183]]
0.6701067615658363 [0.89499725 0.10810811 0.56307692]

 rate=9 and ii =2
Accuracy: 0.766
Macro Precision: 0.796
Macro Recall: 0.576
Macro F1-score: 0.594

[[523   3   7]
 [137  19   3]
 [ 29   2  52]]
              precision    recall  f1-score   support

           0       0.76      0.98      0.86       533
           1       0.79      0.12      0.21       159
           2       0.84      0.63      0.72        83

    accuracy                           0.77       775
   macro avg       0.80      0.58      0.59       775
weighted avg       0.77      0.77      0.71       775

Time(sec):  7.477939599999999
nodes = range(self.m)
range(0, 8)
Graph with 8 nodes and 0 edges
3 270 8
L
[[1 1 2 ... 1 2 2]
 [1 1 1 ... 1 1 1]
 [1 1 1 ... 1 1 1]
 ...
 [1 1 2 ... 1 2 2]
 [1 1 1 ... 1 1 1]
 [1 1 1 ... 1 1 1]]
L_ind
[[1. 0. 0. ... 0. 1. 0.]
 [1. 0. 0. ... 1. 0. 0.]
 [1. 0. 0. ... 1. 0. 0.]
 ...
 [1. 0. 0. ... 0. 1. 0.]
 [1. 0. 0. ... 1. 0. 0.]
 [1. 0. 0. ... 1. 0. 0.]]
3 2817 8
L
[[2 1 1 ... 1 1 2]
 [1 1 1 ... 1 2 2]
 [1 1 1 ... 1 3 3]
 ...
 [1 1 3 ... 3 3 3]
 [1 1 1 ... 3 3 3]
 [1 1 1 ... 3 3 3]]
L_ind
[[0. 1. 0. ... 0. 1. 0.]
 [1. 0. 0. ... 0. 1. 0.]
 [1. 0. 0. ... 0. 0. 1.]
 ...
 [1. 0. 0. ... 0. 0. 1.]
 [1. 0. 0. ... 0. 0. 1.]
 [1. 0. 0. ... 0. 0. 1.]]
175 64.8
64 23.7
31 11.5
1823 64.7
668 23.7
326 11.6
(3087, 57) (3087,) (775, 57) (775,)

 SNO Accuracy: 0.563
[[1088  534  201]
 [ 354  269   45]
 [  26   70  230]]

 rate=9 and ii =3
Accuracy: 0.676
Macro Precision: 0.644
Macro Recall: 0.666
Macro F1-score: 0.653

[[354 112  22]
 [ 87 100   8]
 [  8  14  70]]
              precision    recall  f1-score   support

           0       0.79      0.73      0.76       488
           1       0.44      0.51      0.48       195
           2       0.70      0.76      0.73        92

    accuracy                           0.68       775
   macro avg       0.64      0.67      0.65       775
weighted avg       0.69      0.68      0.68       775

175 64.8
64 23.7
31 11.5
1823 64.7
668 23.7
326 11.6
(3087, 57) (3087,) (775, 57) (775,)

semi-SelfTrain Label Accuracy: 0.718
[[1738   45   40]
 [ 572   79   17]
 [ 102   18  206]]
0.7181398651047214 [0.95337356 0.11826347 0.63190184]

 rate=9 and ii =3
Accuracy: 0.764
Macro Precision: 0.767
Macro Recall: 0.593
Macro F1-score: 0.603

[[516   5   8]
 [141  19   3]
 [ 23   3  57]]
              precision    recall  f1-score   support

         0.0       0.76      0.98      0.85       529
         1.0       0.70      0.12      0.20       163
         2.0       0.84      0.69      0.75        83

    accuracy                           0.76       775
   macro avg       0.77      0.59      0.60       775
weighted avg       0.76      0.76      0.71       775

175 64.8
64 23.7
31 11.5
1823 64.7
668 23.7
326 11.6
(3087, 57) (3087,) (775, 57) (775,)

semi-LabelSpread Label Accuracy: 0.672
[[1823    0    0]
 [ 609   59    0]
 [ 315    0   11]]
0.6719914802981896 [1.         0.08832335 0.03374233]

 rate=9 and ii =3
Accuracy: 0.716
Macro Precision: 0.571
Macro Recall: 0.356
Macro F1-score: 0.320

[[544   0   0]
 [148  11   0]
 [ 72   0   0]]
              precision    recall  f1-score   support

         0.0       0.71      1.00      0.83       544
         1.0       1.00      0.07      0.13       159
         2.0       0.00      0.00      0.00        72

    accuracy                           0.72       775
   macro avg       0.57      0.36      0.32       775
weighted avg       0.70      0.72      0.61       775

175 64.8
64 23.7
31 11.5
1823 64.7
668 23.7
326 11.6
(3087, 57) (3087,) (775, 57) (2817,) (2817,)

2 order Label Accuracy: 0.684
[[1541  214   68]
 [ 480  171   17]
 [  57   55  214]]
0.6837060702875399 [0.84530993 0.25598802 0.65644172]

 rate=9 and ii =3
Accuracy: 0.742
Macro Precision: 0.673
Macro Recall: 0.606
Macro F1-score: 0.622

[[477  27  15]
 [124  41   4]
 [ 15  15  57]]
              precision    recall  f1-score   support

           0       0.77      0.92      0.84       519
           1       0.49      0.24      0.33       169
           2       0.75      0.66      0.70        87

    accuracy                           0.74       775
   macro avg       0.67      0.61      0.62       775
weighted avg       0.71      0.74      0.71       775

175 64.8
64 23.7
31 11.5
1823 64.7
668 23.7
326 11.6
(3087, 57) (3087,) (775, 57) (2817,) (2817,)

3 order Label Accuracy: 0.671
[[1552  175   96]
 [ 510  136   22]
 [  72   51  203]]
0.6712815051473199 [0.85134394 0.20359281 0.62269939]

 rate=9 and ii =3
Accuracy: 0.733
Macro Precision: 0.643
Macro Recall: 0.578
Macro F1-score: 0.581

[[485  19  19]
 [132  26   6]
 [ 21  10  57]]
              precision    recall  f1-score   support

           0       0.76      0.93      0.84       523
           1       0.47      0.16      0.24       164
           2       0.70      0.65      0.67        88

    accuracy                           0.73       775
   macro avg       0.64      0.58      0.58       775
weighted avg       0.69      0.73      0.69       775

175 64.8
64 23.7
31 11.5
1823 64.7
668 23.7
326 11.6
(3087, 57) (3087,) (775, 57) (2817,) (2817,)

4 order Label Accuracy: 0.674
[[1572  176   75]
 [ 514  127   27]
 [  80   46  200]]
0.6741214057507987 [0.86231487 0.19011976 0.61349693]

 rate=9 and ii =3
Accuracy: 0.745
Macro Precision: 0.688
Macro Recall: 0.584
Macro F1-score: 0.604

[[494  21   9]
 [133  30   4]
 [ 22   9  53]]
              precision    recall  f1-score   support

           0       0.76      0.94      0.84       524
           1       0.50      0.18      0.26       167
           2       0.80      0.63      0.71        84

    accuracy                           0.74       775
   macro avg       0.69      0.58      0.60       775
weighted avg       0.71      0.74      0.70       775

Time(sec):  7.873738300000001
nodes = range(self.m)
range(0, 8)
Graph with 8 nodes and 0 edges
3 277 8
L
[[1 1 1 ... 1 1 1]
 [1 1 1 ... 1 1 1]
 [1 1 2 ... 1 2 2]
 ...
 [2 1 2 ... 1 2 2]
 [3 3 3 ... 3 3 3]
 [1 3 2 ... 1 2 2]]
L_ind
[[1. 0. 0. ... 1. 0. 0.]
 [1. 0. 0. ... 1. 0. 0.]
 [1. 0. 0. ... 0. 1. 0.]
 ...
 [0. 1. 0. ... 0. 1. 0.]
 [0. 0. 1. ... 0. 0. 1.]
 [1. 0. 0. ... 0. 1. 0.]]
3 2810 8
L
[[1 1 3 ... 1 1 1]
 [1 1 1 ... 1 1 1]
 [1 1 1 ... 1 1 1]
 ...
 [1 1 3 ... 3 3 3]
 [1 1 1 ... 3 3 3]
 [1 1 1 ... 3 3 3]]
L_ind
[[1. 0. 0. ... 1. 0. 0.]
 [1. 0. 0. ... 1. 0. 0.]
 [1. 0. 0. ... 1. 0. 0.]
 ...
 [1. 0. 0. ... 0. 0. 1.]
 [1. 0. 0. ... 0. 0. 1.]
 [1. 0. 0. ... 0. 0. 1.]]
179 64.6
66 23.8
32 11.6
1819 64.7
666 23.7
325 11.6
(3087, 57) (3087,) (775, 57) (775,)

 SNO Accuracy: 0.619
[[1205  446  168]
 [ 334  282   50]
 [  37   36  252]]

 rate=9 and ii =4
Accuracy: 0.743
Macro Precision: 0.685
Macro Recall: 0.704
Macro F1-score: 0.693

[[411  67  21]
 [ 78  92  13]
 [ 13   7  73]]
              precision    recall  f1-score   support

           0       0.82      0.82      0.82       499
           1       0.55      0.50      0.53       183
           2       0.68      0.78      0.73        93

    accuracy                           0.74       775
   macro avg       0.69      0.70      0.69       775
weighted avg       0.74      0.74      0.74       775

179 64.6
66 23.8
32 11.6
1819 64.7
666 23.7
325 11.6
(3087, 57) (3087,) (775, 57) (775,)

semi-SelfTrain Label Accuracy: 0.724
[[1772    0   47]
 [ 577   82    7]
 [ 144    1  180]]
0.7238434163701067 [0.97416163 0.12312312 0.55384615]

 rate=9 and ii =4
Accuracy: 0.768
Macro Precision: 0.859
Macro Recall: 0.571
Macro F1-score: 0.593

[[523   0   7]
 [134  21   4]
 [ 35   0  51]]
              precision    recall  f1-score   support

         0.0       0.76      0.99      0.86       530
         1.0       1.00      0.13      0.23       159
         2.0       0.82      0.59      0.69        86

    accuracy                           0.77       775
   macro avg       0.86      0.57      0.59       775
weighted avg       0.81      0.77      0.71       775

179 64.6
66 23.8
32 11.6
1819 64.7
666 23.7
325 11.6
(3087, 57) (3087,) (775, 57) (775,)

semi-LabelSpread Label Accuracy: 0.669
[[1819    0    0]
 [ 611   55    0]
 [ 318    0    7]]
0.6693950177935943 [1.         0.08258258 0.02153846]

 rate=9 and ii =4
Accuracy: 0.721
Macro Precision: 0.572
Macro Recall: 0.363
Macro F1-score: 0.332

[[545   0   0]
 [144  14   0]
 [ 72   0   0]]
              precision    recall  f1-score   support

         0.0       0.72      1.00      0.83       545
         1.0       1.00      0.09      0.16       158
         2.0       0.00      0.00      0.00        72

    accuracy                           0.72       775
   macro avg       0.57      0.36      0.33       775
weighted avg       0.71      0.72      0.62       775

179 64.6
66 23.8
32 11.6
1819 64.7
666 23.7
325 11.6
(3087, 57) (3087,) (775, 57) (2810,) (2810,)

2 order Label Accuracy: 0.703
[[1664  107   48]
 [ 548  107   11]
 [ 109   12  204]]
0.702846975088968 [0.91478835 0.16066066 0.62769231]

 rate=9 and ii =4
Accuracy: 0.759
Macro Precision: 0.767
Macro Recall: 0.577
Macro F1-score: 0.601

[[511   6   9]
 [136  26   2]
 [ 30   4  51]]
              precision    recall  f1-score   support

           0       0.75      0.97      0.85       526
           1       0.72      0.16      0.26       164
           2       0.82      0.60      0.69        85

    accuracy                           0.76       775
   macro avg       0.77      0.58      0.60       775
weighted avg       0.76      0.76      0.71       775

179 64.6
66 23.8
32 11.6
1819 64.7
666 23.7
325 11.6
(3087, 57) (3087,) (775, 57) (2810,) (2810,)

3 order Label Accuracy: 0.683
[[1616  101  102]
 [ 538  100   28]
 [  99   23  203]]
0.6829181494661922 [0.88840022 0.15015015 0.62461538]

 rate=9 and ii =4
Accuracy: 0.750
Macro Precision: 0.718
Macro Recall: 0.574
Macro F1-score: 0.587

[[503   6  15]
 [136  24   3]
 [ 27   7  54]]
              precision    recall  f1-score   support

           0       0.76      0.96      0.85       524
           1       0.65      0.15      0.24       163
           2       0.75      0.61      0.67        88

    accuracy                           0.75       775
   macro avg       0.72      0.57      0.59       775
weighted avg       0.73      0.75      0.70       775

179 64.6
66 23.8
32 11.6
1819 64.7
666 23.7
325 11.6
(3087, 57) (3087,) (775, 57) (2810,) (2810,)

4 order Label Accuracy: 0.725
[[1699   67   53]
 [ 508  149    9]
 [ 107   30  188]]
0.7245551601423488 [0.93402969 0.22372372 0.57846154]

 rate=9 and ii =4
Accuracy: 0.779
Macro Precision: 0.815
Macro Recall: 0.598
Macro F1-score: 0.640

[[516   3   8]
 [123  40   1]
 [ 31   5  48]]
              precision    recall  f1-score   support

           0       0.77      0.98      0.86       527
           1       0.83      0.24      0.38       164
           2       0.84      0.57      0.68        84

    accuracy                           0.78       775
   macro avg       0.82      0.60      0.64       775
weighted avg       0.79      0.78      0.74       775

Time(sec):  7.052978100000001
nodes = range(self.m)
range(0, 8)
Graph with 8 nodes and 0 edges
3 277 8
L
[[1 1 1 ... 1 1 1]
 [1 1 1 ... 3 1 1]
 [2 1 2 ... 1 2 2]
 ...
 [2 1 2 ... 2 2 2]
 [3 3 3 ... 3 3 3]
 [3 1 3 ... 3 3 3]]
L_ind
[[1. 0. 0. ... 1. 0. 0.]
 [1. 0. 0. ... 1. 0. 0.]
 [0. 1. 0. ... 0. 1. 0.]
 ...
 [0. 1. 0. ... 0. 1. 0.]
 [0. 0. 1. ... 0. 0. 1.]
 [0. 0. 1. ... 0. 0. 1.]]
3 2810 8
L
[[2 1 3 ... 1 1 1]
 [1 1 1 ... 1 2 2]
 [2 1 1 ... 1 1 1]
 ...
 [1 1 3 ... 1 3 1]
 [1 1 1 ... 3 3 3]
 [1 1 1 ... 3 3 3]]
L_ind
[[0. 1. 0. ... 1. 0. 0.]
 [1. 0. 0. ... 0. 1. 0.]
 [0. 1. 0. ... 1. 0. 0.]
 ...
 [1. 0. 0. ... 1. 0. 0.]
 [1. 0. 0. ... 0. 0. 1.]
 [1. 0. 0. ... 0. 0. 1.]]
180 65.0
65 23.5
32 11.6
1818 64.7
667 23.7
325 11.6
(3087, 57) (3087,) (775, 57) (775,)

 SNO Accuracy: 0.553
[[997 519 302]
 [286 299  82]
 [ 34  34 257]]

 rate=9 and ii =5
Accuracy: 0.679
Macro Precision: 0.635
Macro Recall: 0.703
Macro F1-score: 0.660

[[331 100  41]
 [ 81 103  16]
 [  6   5  92]]
              precision    recall  f1-score   support

           0       0.79      0.70      0.74       472
           1       0.50      0.52      0.50       200
           2       0.62      0.89      0.73       103

    accuracy                           0.68       775
   macro avg       0.63      0.70      0.66       775
weighted avg       0.69      0.68      0.68       775

180 65.0
65 23.5
32 11.6
1818 64.7
667 23.7
325 11.6
(3087, 57) (3087,) (775, 57) (775,)

semi-SelfTrain Label Accuracy: 0.710
[[1719   68   31]
 [ 577   77   13]
 [ 122    5  198]]
0.7096085409252669 [0.94554455 0.11544228 0.60923077]

 rate=9 and ii =5
Accuracy: 0.754
Macro Precision: 0.736
Macro Recall: 0.594
Macro F1-score: 0.618

[[503  18   5]
 [140  26   1]
 [ 24   3  55]]
              precision    recall  f1-score   support

         0.0       0.75      0.96      0.84       526
         1.0       0.55      0.16      0.24       167
         2.0       0.90      0.67      0.77        82

    accuracy                           0.75       775
   macro avg       0.74      0.59      0.62       775
weighted avg       0.73      0.75      0.71       775

180 65.0
65 23.5
32 11.6
1818 64.7
667 23.7
325 11.6
(3087, 57) (3087,) (775, 57) (775,)

semi-LabelSpread Label Accuracy: 0.667
[[1818    0    0]
 [ 617   50    0]
 [ 319    0    6]]
0.6669039145907474 [1.         0.07496252 0.01846154]

 rate=9 and ii =5
Accuracy: 0.719
Macro Precision: 0.572
Macro Recall: 0.357
Macro F1-score: 0.322

[[546   0   0]
 [146  11   0]
 [ 72   0   0]]
              precision    recall  f1-score   support

         0.0       0.71      1.00      0.83       546
         1.0       1.00      0.07      0.13       157
         2.0       0.00      0.00      0.00        72

    accuracy                           0.72       775
   macro avg       0.57      0.36      0.32       775
weighted avg       0.71      0.72      0.61       775

180 65.0
65 23.5
32 11.6
1818 64.7
667 23.7
325 11.6
(3087, 57) (3087,) (775, 57) (2810,) (2810,)

2 order Label Accuracy: 0.697
[[1612  167   39]
 [ 508  142   17]
 [ 106   15  204]]
0.6967971530249111 [0.88668867 0.21289355 0.62769231]

 rate=9 and ii =5
Accuracy: 0.756
Macro Precision: 0.724
Macro Recall: 0.606
Macro F1-score: 0.625

[[498  20  10]
 [130  31   3]
 [ 25   1  57]]
              precision    recall  f1-score   support

           0       0.76      0.94      0.84       528
           1       0.60      0.19      0.29       164
           2       0.81      0.69      0.75        83

    accuracy                           0.76       775
   macro avg       0.72      0.61      0.63       775
weighted avg       0.73      0.76      0.72       775

180 65.0
65 23.5
32 11.6
1818 64.7
667 23.7
325 11.6
(3087, 57) (3087,) (775, 57) (2810,) (2810,)

3 order Label Accuracy: 0.668
[[1608   96  114]
 [ 507   87   73]
 [  91   53  181]]
0.6676156583629893 [0.88448845 0.13043478 0.55692308]

 rate=9 and ii =5
Accuracy: 0.759
Macro Precision: 0.691
Macro Recall: 0.579
Macro F1-score: 0.579

[[513   5  12]
 [130  18  10]
 [ 22   8  57]]
              precision    recall  f1-score   support

           0       0.77      0.97      0.86       530
           1       0.58      0.11      0.19       158
           2       0.72      0.66      0.69        87

    accuracy                           0.76       775
   macro avg       0.69      0.58      0.58       775
weighted avg       0.73      0.76      0.70       775

180 65.0
65 23.5
32 11.6
1818 64.7
667 23.7
325 11.6
(3087, 57) (3087,) (775, 57) (2810,) (2810,)

4 order Label Accuracy: 0.684
[[1612  126   80]
 [ 523  108   36]
 [ 103   20  202]]
0.6839857651245551 [0.88668867 0.16191904 0.62153846]

 rate=9 and ii =5
Accuracy: 0.757
Macro Precision: 0.731
Macro Recall: 0.585
Macro F1-score: 0.594

[[508   9  14]
 [128  24   7]
 [ 29   1  55]]
              precision    recall  f1-score   support

           0       0.76      0.96      0.85       531
           1       0.71      0.15      0.25       159
           2       0.72      0.65      0.68        85

    accuracy                           0.76       775
   macro avg       0.73      0.58      0.59       775
weighted avg       0.75      0.76      0.71       775

Time(sec):  7.7197434
nodes = range(self.m)
range(0, 8)
Graph with 8 nodes and 0 edges
3 273 8
L
[[1 1 2 ... 1 2 2]
 [1 1 3 ... 1 3 3]
 [1 1 1 ... 1 1 1]
 ...
 [1 1 2 ... 1 2 2]
 [1 1 2 ... 1 2 2]
 [1 1 2 ... 1 2 2]]
L_ind
[[1. 0. 0. ... 0. 1. 0.]
 [1. 0. 0. ... 0. 0. 1.]
 [1. 0. 0. ... 1. 0. 0.]
 ...
 [1. 0. 0. ... 0. 1. 0.]
 [1. 0. 0. ... 0. 1. 0.]
 [1. 0. 0. ... 0. 1. 0.]]
3 2814 8
L
[[1 1 3 ... 1 1 1]
 [1 1 1 ... 1 1 1]
 [1 1 1 ... 1 1 1]
 ...
 [1 1 3 ... 1 1 3]
 [1 1 1 ... 3 3 3]
 [1 1 1 ... 3 3 3]]
L_ind
[[1. 0. 0. ... 1. 0. 0.]
 [1. 0. 0. ... 1. 0. 0.]
 [1. 0. 0. ... 1. 0. 0.]
 ...
 [1. 0. 0. ... 0. 0. 1.]
 [1. 0. 0. ... 0. 0. 1.]
 [1. 0. 0. ... 0. 0. 1.]]
178 65.2
64 23.4
31 11.4
1820 64.7
668 23.7
326 11.6
(3087, 57) (3087,) (775, 57) (775,)

 SNO Accuracy: 0.610
[[1197  471  152]
 [ 344  281   43]
 [  53   35  238]]

 rate=9 and ii =6
Accuracy: 0.725
Macro Precision: 0.674
Macro Recall: 0.687
Macro F1-score: 0.680

[[397  74  23]
 [ 83  93  10]
 [ 16   7  72]]
              precision    recall  f1-score   support

           0       0.80      0.80      0.80       494
           1       0.53      0.50      0.52       186
           2       0.69      0.76      0.72        95

    accuracy                           0.73       775
   macro avg       0.67      0.69      0.68       775
weighted avg       0.72      0.73      0.72       775

178 65.2
64 23.4
31 11.4
1820 64.7
668 23.7
326 11.6
(3087, 57) (3087,) (775, 57) (775,)

semi-SelfTrain Label Accuracy: 0.712
[[1793    1   26]
 [ 599   65    4]
 [ 175    6  145]]
0.7117981520966595 [0.98516484 0.09730539 0.44478528]

 rate=9 and ii =6
Accuracy: 0.751
Macro Precision: 0.840
Macro Recall: 0.509
Macro F1-score: 0.532

[[534   0   3]
 [147  12   0]
 [ 41   2  36]]
              precision    recall  f1-score   support

         0.0       0.74      0.99      0.85       537
         1.0       0.86      0.08      0.14       159
         2.0       0.92      0.46      0.61        79

    accuracy                           0.75       775
   macro avg       0.84      0.51      0.53       775
weighted avg       0.78      0.75      0.68       775

178 65.2
64 23.4
31 11.4
1820 64.7
668 23.7
326 11.6
(3087, 57) (3087,) (775, 57) (775,)

semi-LabelSpread Label Accuracy: 0.665
[[1820    0    0]
 [ 620   48    0]
 [ 322    0    4]]
0.6652452025586354 [1.         0.07185629 0.01226994]

 rate=9 and ii =6
Accuracy: 0.721
Macro Precision: 0.905
Macro Recall: 0.372
Macro F1-score: 0.352

[[544   0   0]
 [147  12   0]
 [ 69   0   3]]
              precision    recall  f1-score   support

         0.0       0.72      1.00      0.83       544
         1.0       1.00      0.08      0.14       159
         2.0       1.00      0.04      0.08        72

    accuracy                           0.72       775
   macro avg       0.91      0.37      0.35       775
weighted avg       0.80      0.72      0.62       775

178 65.2
64 23.4
31 11.4
1820 64.7
668 23.7
326 11.6
(3087, 57) (3087,) (775, 57) (2814,) (2814,)

2 order Label Accuracy: 0.698
[[1629  169   22]
 [ 505  155    8]
 [ 120   27  179]]
0.6975835110163469 [0.89505495 0.23203593 0.54907975]

 rate=9 and ii =6
Accuracy: 0.770
Macro Precision: 0.783
Macro Recall: 0.591
Macro F1-score: 0.632

[[513  13   5]
 [124  37   2]
 [ 32   2  47]]
              precision    recall  f1-score   support

           0       0.77      0.97      0.85       531
           1       0.71      0.23      0.34       163
           2       0.87      0.58      0.70        81

    accuracy                           0.77       775
   macro avg       0.78      0.59      0.63       775
weighted avg       0.77      0.77      0.73       775

178 65.2
64 23.4
31 11.4
1820 64.7
668 23.7
326 11.6
(3087, 57) (3087,) (775, 57) (2814,) (2814,)

3 order Label Accuracy: 0.680
[[1643  109   68]
 [ 557   96   15]
 [ 122   30  174]]
0.679815209665956 [0.90274725 0.14371257 0.53374233]

 rate=9 and ii =6
Accuracy: 0.752
Macro Precision: 0.733
Macro Recall: 0.560
Macro F1-score: 0.578

[[516  10   5]
 [141  17   3]
 [ 31   2  50]]
              precision    recall  f1-score   support

           0       0.75      0.97      0.85       531
           1       0.59      0.11      0.18       161
           2       0.86      0.60      0.71        83

    accuracy                           0.75       775
   macro avg       0.73      0.56      0.58       775
weighted avg       0.73      0.75      0.69       775

178 65.2
64 23.4
31 11.4
1820 64.7
668 23.7
326 11.6
(3087, 57) (3087,) (775, 57) (2814,) (2814,)

4 order Label Accuracy: 0.671
[[1618   64  138]
 [ 552   83   33]
 [ 105   34  187]]
0.6709310589907604 [0.88901099 0.1242515  0.57361963]

 rate=9 and ii =6
Accuracy: 0.757
Macro Precision: 0.761
Macro Recall: 0.569
Macro F1-score: 0.574

[[518   2  12]
 [138  17   5]
 [ 28   3  52]]
              precision    recall  f1-score   support

           0       0.76      0.97      0.85       532
           1       0.77      0.11      0.19       160
           2       0.75      0.63      0.68        83

    accuracy                           0.76       775
   macro avg       0.76      0.57      0.57       775
weighted avg       0.76      0.76      0.70       775

Time(sec):  7.830558499999999
nodes = range(self.m)
range(0, 8)
Graph with 8 nodes and 0 edges
3 276 8
L
[[1 1 1 ... 1 1 1]
 [1 1 1 ... 1 1 1]
 [2 1 2 ... 1 2 2]
 ...
 [1 1 3 ... 1 3 3]
 [3 3 3 ... 3 3 3]
 [1 1 1 ... 3 1 1]]
L_ind
[[1. 0. 0. ... 1. 0. 0.]
 [1. 0. 0. ... 1. 0. 0.]
 [0. 1. 0. ... 0. 1. 0.]
 ...
 [1. 0. 0. ... 0. 0. 1.]
 [0. 0. 1. ... 0. 0. 1.]
 [1. 0. 0. ... 1. 0. 0.]]
3 2811 8
L
[[1 1 3 ... 1 1 2]
 [1 1 1 ... 1 1 1]
 [2 1 1 ... 3 3 3]
 ...
 [1 1 3 ... 1 1 1]
 [3 1 3 ... 3 1 1]
 [1 1 1 ... 3 3 3]]
L_ind
[[1. 0. 0. ... 0. 1. 0.]
 [1. 0. 0. ... 1. 0. 0.]
 [0. 1. 0. ... 0. 0. 1.]
 ...
 [1. 0. 0. ... 1. 0. 0.]
 [0. 0. 1. ... 1. 0. 0.]
 [1. 0. 0. ... 0. 0. 1.]]
178 64.5
66 23.9
32 11.6
1820 64.7
666 23.7
325 11.6
(3087, 57) (3087,) (775, 57) (775,)

 SNO Accuracy: 0.612
[[1191  448  181]
 [ 342  275   49]
 [  51   19  255]]

 rate=9 and ii =7
Accuracy: 0.748
Macro Precision: 0.697
Macro Recall: 0.719
Macro F1-score: 0.705

[[410  64  23]
 [ 82  88  11]
 [ 14   1  82]]
              precision    recall  f1-score   support

           0       0.81      0.82      0.82       497
           1       0.58      0.49      0.53       181
           2       0.71      0.85      0.77        97

    accuracy                           0.75       775
   macro avg       0.70      0.72      0.70       775
weighted avg       0.74      0.75      0.74       775

178 64.5
66 23.9
32 11.6
1820 64.7
666 23.7
325 11.6
(3087, 57) (3087,) (775, 57) (775,)

semi-SelfTrain Label Accuracy: 0.745
[[1757    1   62]
 [ 521  113   32]
 [ 100    1  224]]
0.7449306296691569 [0.96538462 0.16966967 0.68923077]

 rate=9 and ii =7
Accuracy: 0.791
Macro Precision: 0.862
Macro Recall: 0.645
Macro F1-score: 0.656

[[517   0  10]
 [126  30   6]
 [ 20   0  66]]
              precision    recall  f1-score   support

         0.0       0.78      0.98      0.87       527
         1.0       1.00      0.19      0.31       162
         2.0       0.80      0.77      0.79        86

    accuracy                           0.79       775
   macro avg       0.86      0.64      0.66       775
weighted avg       0.83      0.79      0.74       775

178 64.5
66 23.9
32 11.6
1820 64.7
666 23.7
325 11.6
(3087, 57) (3087,) (775, 57) (775,)

semi-LabelSpread Label Accuracy: 0.663
[[1820    0    0]
 [ 630   36    0]
 [ 317    0    8]]
0.6631092138029171 [1.         0.05405405 0.02461538]

 rate=9 and ii =7
Accuracy: 0.721
Macro Precision: 0.905
Macro Recall: 0.374
Macro F1-score: 0.355

[[543   0   0]
 [147  13   0]
 [ 69   0   3]]
              precision    recall  f1-score   support

         0.0       0.72      1.00      0.83       543
         1.0       1.00      0.08      0.15       160
         2.0       1.00      0.04      0.08        72

    accuracy                           0.72       775
   macro avg       0.91      0.37      0.35       775
weighted avg       0.80      0.72      0.62       775

178 64.5
66 23.9
32 11.6
1820 64.7
666 23.7
325 11.6
(3087, 57) (3087,) (775, 57) (2811,) (2811,)

2 order Label Accuracy: 0.725
[[1643  131   46]
 [ 477  167   22]
 [  89    9  227]]
0.7246531483457844 [0.90274725 0.25075075 0.69846154]

 rate=9 and ii =7
Accuracy: 0.800
Macro Precision: 0.833
Macro Recall: 0.670
Macro F1-score: 0.690

[[512   5   9]
 [119  40   4]
 [ 17   1  68]]
              precision    recall  f1-score   support

           0       0.79      0.97      0.87       526
           1       0.87      0.25      0.38       163
           2       0.84      0.79      0.81        86

    accuracy                           0.80       775
   macro avg       0.83      0.67      0.69       775
weighted avg       0.81      0.80      0.76       775

178 64.5
66 23.9
32 11.6
1820 64.7
666 23.7
325 11.6
(3087, 57) (3087,) (775, 57) (2811,) (2811,)

3 order Label Accuracy: 0.689
[[1641  108   71]
 [ 533   96   37]
 [ 104   22  199]]
0.6887228744219139 [0.90164835 0.14414414 0.61230769]

 rate=9 and ii =7
Accuracy: 0.766
Macro Precision: 0.765
Macro Recall: 0.614
Macro F1-score: 0.612

[[509   5  11]
 [136  21   7]
 [ 20   2  64]]
              precision    recall  f1-score   support

           0       0.77      0.97      0.86       525
           1       0.75      0.13      0.22       164
           2       0.78      0.74      0.76        86

    accuracy                           0.77       775
   macro avg       0.77      0.61      0.61       775
weighted avg       0.76      0.77      0.71       775

178 64.5
66 23.9
32 11.6
1820 64.7
666 23.7
325 11.6
(3087, 57) (3087,) (775, 57) (2811,) (2811,)

4 order Label Accuracy: 0.741
[[1710   64   46]
 [ 484  157   25]
 [ 104    6  215]]
0.7406616862326574 [0.93956044 0.23573574 0.66153846]

 rate=9 and ii =7
Accuracy: 0.806
Macro Precision: 0.851
Macro Recall: 0.669
Macro F1-score: 0.699

[[518   4   6]
 [116  44   4]
 [ 19   1  63]]
              precision    recall  f1-score   support

           0       0.79      0.98      0.88       528
           1       0.90      0.27      0.41       164
           2       0.86      0.76      0.81        83

    accuracy                           0.81       775
   macro avg       0.85      0.67      0.70       775
weighted avg       0.82      0.81      0.77       775

Time(sec):  7.867590999999999
nodes = range(self.m)
range(0, 8)
Graph with 8 nodes and 0 edges
3 278 8
L
[[1 1 1 ... 1 1 1]
 [1 1 1 ... 1 1 1]
 [2 1 3 ... 3 3 3]
 ...
 [3 1 3 ... 1 3 3]
 [3 1 3 ... 1 3 3]
 [2 1 2 ... 3 2 2]]
L_ind
[[1. 0. 0. ... 1. 0. 0.]
 [1. 0. 0. ... 1. 0. 0.]
 [0. 1. 0. ... 0. 0. 1.]
 ...
 [0. 0. 1. ... 0. 0. 1.]
 [0. 0. 1. ... 0. 0. 1.]
 [0. 1. 0. ... 0. 1. 0.]]
3 2809 8
L
[[1 1 2 ... 1 1 1]
 [1 1 1 ... 1 1 1]
 [1 1 1 ... 1 1 1]
 ...
 [1 1 3 ... 1 1 1]
 [1 1 1 ... 3 3 3]
 [1 1 1 ... 3 3 3]]
L_ind
[[1. 0. 0. ... 1. 0. 0.]
 [1. 0. 0. ... 1. 0. 0.]
 [1. 0. 0. ... 1. 0. 0.]
 ...
 [1. 0. 0. ... 1. 0. 0.]
 [1. 0. 0. ... 0. 0. 1.]
 [1. 0. 0. ... 0. 0. 1.]]
180 64.7
66 23.7
32 11.5
1818 64.7
666 23.7
325 11.6
(3087, 57) (3087,) (775, 57) (775,)

 SNO Accuracy: 0.582
[[1140  325  353]
 [ 312  234  120]
 [  37   27  261]]

 rate=9 and ii =8
Accuracy: 0.750
Macro Precision: 0.688
Macro Recall: 0.713
Macro F1-score: 0.674

[[420  27  52]
 [ 78  74  25]
 [  8   4  87]]
              precision    recall  f1-score   support

           0       0.83      0.84      0.84       499
           1       0.70      0.42      0.52       177
           2       0.53      0.88      0.66        99

    accuracy                           0.75       775
   macro avg       0.69      0.71      0.67       775
weighted avg       0.76      0.75      0.74       775

180 64.7
66 23.7
32 11.5
1818 64.7
666 23.7
325 11.6
(3087, 57) (3087,) (775, 57) (775,)

semi-SelfTrain Label Accuracy: 0.707
[[1769    4   45]
 [ 611   48    7]
 [ 151    6  168]]
0.7066571733713065 [0.9730473  0.07207207 0.51692308]

 rate=9 and ii =8
Accuracy: 0.754
Macro Precision: 0.782
Macro Recall: 0.550
Macro F1-score: 0.556

[[521   1   9]
 [142  12   4]
 [ 33   2  51]]
              precision    recall  f1-score   support

         0.0       0.75      0.98      0.85       531
         1.0       0.80      0.08      0.14       158
         2.0       0.80      0.59      0.68        86

    accuracy                           0.75       775
   macro avg       0.78      0.55      0.56       775
weighted avg       0.76      0.75      0.69       775

180 64.7
66 23.7
32 11.5
1818 64.7
666 23.7
325 11.6
(3087, 57) (3087,) (775, 57) (775,)

semi-LabelSpread Label Accuracy: 0.662
[[1818    0    0]
 [ 629   37    0]
 [ 321    0    4]]
0.6618013527945888 [1.         0.05555556 0.01230769]

 rate=9 and ii =8
Accuracy: 0.723
Macro Precision: 0.906
Macro Recall: 0.370
Macro F1-score: 0.347

[[545   0   0]
 [145  13   0]
 [ 70   0   2]]
              precision    recall  f1-score   support

         0.0       0.72      1.00      0.84       545
         1.0       1.00      0.08      0.15       158
         2.0       1.00      0.03      0.05        72

    accuracy                           0.72       775
   macro avg       0.91      0.37      0.35       775
weighted avg       0.80      0.72      0.62       775

180 64.7
66 23.7
32 11.5
1818 64.7
666 23.7
325 11.6
(3087, 57) (3087,) (775, 57) (2809,) (2809,)

2 order Label Accuracy: 0.710
[[1715   49   54]
 [ 579   63   24]
 [  96   14  215]]
0.7095051619793521 [0.94334433 0.09459459 0.66153846]

 rate=9 and ii =8
Accuracy: 0.768
Macro Precision: 0.770
Macro Recall: 0.613
Macro F1-score: 0.609

[[511   5  13]
 [137  18   4]
 [ 20   1  66]]
              precision    recall  f1-score   support

           0       0.76      0.97      0.85       529
           1       0.75      0.11      0.20       159
           2       0.80      0.76      0.78        87

    accuracy                           0.77       775
   macro avg       0.77      0.61      0.61       775
weighted avg       0.77      0.77      0.71       775

180 64.7
66 23.7
32 11.5
1818 64.7
666 23.7
325 11.6
(3087, 57) (3087,) (775, 57) (2809,) (2809,)

3 order Label Accuracy: 0.699
[[1694   81   43]
 [ 563   80   23]
 [  88   48  189]]
0.6988252046991812 [0.93179318 0.12012012 0.58153846]

 rate=9 and ii =8
Accuracy: 0.755
Macro Precision: 0.687
Macro Recall: 0.592
Macro F1-score: 0.604

[[505  14  10]
 [136  23   3]
 [ 16  11  57]]
              precision    recall  f1-score   support

           0       0.77      0.95      0.85       529
           1       0.48      0.14      0.22       162
           2       0.81      0.68      0.74        84

    accuracy                           0.75       775
   macro avg       0.69      0.59      0.60       775
weighted avg       0.71      0.75      0.71       775

180 64.7
66 23.7
32 11.5
1818 64.7
666 23.7
325 11.6
(3087, 57) (3087,) (775, 57) (2809,) (2809,)

4 order Label Accuracy: 0.722
[[1752   20   46]
 [ 587   61   18]
 [  97   14  214]]
0.7216091135635457 [0.96369637 0.09159159 0.65846154]

 rate=9 and ii =8
Accuracy: 0.772
Macro Precision: 0.824
Macro Recall: 0.601
Macro F1-score: 0.601

[[521   2   9]
 [139  15   4]
 [ 23   0  62]]
              precision    recall  f1-score   support

           0       0.76      0.98      0.86       532
           1       0.88      0.09      0.17       158
           2       0.83      0.73      0.77        85

    accuracy                           0.77       775
   macro avg       0.82      0.60      0.60       775
weighted avg       0.79      0.77      0.71       775

Time(sec):  8.098208099999999
nodes = range(self.m)
range(0, 8)
Graph with 8 nodes and 0 edges
3 278 8
L
[[1 1 1 ... 1 1 1]
 [1 1 2 ... 1 2 2]
 [3 3 3 ... 3 3 3]
 ...
 [1 1 3 ... 3 3 3]
 [1 1 1 ... 1 1 1]
 [1 1 1 ... 1 1 1]]
L_ind
[[1. 0. 0. ... 1. 0. 0.]
 [1. 0. 0. ... 0. 1. 0.]
 [0. 0. 1. ... 0. 0. 1.]
 ...
 [1. 0. 0. ... 0. 0. 1.]
 [1. 0. 0. ... 1. 0. 0.]
 [1. 0. 0. ... 1. 0. 0.]]
3 2809 8
L
[[1 1 3 ... 1 1 1]
 [1 1 1 ... 1 1 1]
 [2 1 2 ... 1 1 1]
 ...
 [1 1 3 ... 3 1 1]
 [1 1 1 ... 3 3 3]
 [1 1 1 ... 3 3 3]]
L_ind
[[1. 0. 0. ... 1. 0. 0.]
 [1. 0. 0. ... 1. 0. 0.]
 [0. 1. 0. ... 1. 0. 0.]
 ...
 [1. 0. 0. ... 1. 0. 0.]
 [1. 0. 0. ... 0. 0. 1.]
 [1. 0. 0. ... 0. 0. 1.]]
180 64.7
66 23.7
32 11.5
1818 64.7
666 23.7
325 11.6
(3087, 57) (3087,) (775, 57) (775,)

 SNO Accuracy: 0.577
[[1072  540  206]
 [ 299  299   68]
 [  42   32  251]]

 rate=9 and ii =9
Accuracy: 0.728
Macro Precision: 0.669
Macro Recall: 0.710
Macro F1-score: 0.685

[[391  72  30]
 [ 80  90  14]
 [ 11   4  83]]
              precision    recall  f1-score   support

           0       0.81      0.79      0.80       493
           1       0.54      0.49      0.51       184
           2       0.65      0.85      0.74        98

    accuracy                           0.73       775
   macro avg       0.67      0.71      0.68       775
weighted avg       0.73      0.73      0.73       775

180 64.7
66 23.7
32 11.5
1818 64.7
666 23.7
325 11.6
(3087, 57) (3087,) (775, 57) (775,)

semi-SelfTrain Label Accuracy: 0.692
[[1730   60   28]
 [ 603   52   11]
 [ 157    5  163]]
0.6924172303310787 [0.95159516 0.07807808 0.50153846]

 rate=9 and ii =9
Accuracy: 0.751
Macro Precision: 0.789
Macro Recall: 0.535
Macro F1-score: 0.566

[[523   8   3]
 [143  18   0]
 [ 39   0  41]]
              precision    recall  f1-score   support

         0.0       0.74      0.98      0.84       534
         1.0       0.69      0.11      0.19       161
         2.0       0.93      0.51      0.66        80

    accuracy                           0.75       775
   macro avg       0.79      0.53      0.57       775
weighted avg       0.75      0.75      0.69       775

180 64.7
66 23.7
32 11.5
1818 64.7
666 23.7
325 11.6
(3087, 57) (3087,) (775, 57) (775,)

semi-LabelSpread Label Accuracy: 0.664
[[1818    0    0]
 [ 623   43    0]
 [ 321    0    4]]
0.663937344250623 [1.         0.06456456 0.01230769]

 rate=9 and ii =9
Accuracy: 0.720
Macro Precision: 0.905
Macro Recall: 0.365
Macro F1-score: 0.338

[[544   0   0]
 [145  13   0]
 [ 72   0   1]]
              precision    recall  f1-score   support

         0.0       0.71      1.00      0.83       544
         1.0       1.00      0.08      0.15       158
         2.0       1.00      0.01      0.03        73

    accuracy                           0.72       775
   macro avg       0.90      0.37      0.34       775
weighted avg       0.80      0.72      0.62       775

180 64.7
66 23.7
32 11.5
1818 64.7
666 23.7
325 11.6
(3087, 57) (3087,) (775, 57) (2809,) (2809,)

2 order Label Accuracy: 0.672
[[1553  198   67]
 [ 496  145   25]
 [ 120   14  191]]
0.6724813100747598 [0.85423542 0.21771772 0.58769231]

 rate=9 and ii =9
Accuracy: 0.763
Macro Precision: 0.739
Macro Recall: 0.631
Macro F1-score: 0.647

[[488  17  14]
 [123  40   5]
 [ 23   2  63]]
              precision    recall  f1-score   support

           0       0.77      0.94      0.85       519
           1       0.68      0.24      0.35       168
           2       0.77      0.72      0.74        88

    accuracy                           0.76       775
   macro avg       0.74      0.63      0.65       775
weighted avg       0.75      0.76      0.73       775

180 64.7
66 23.7
32 11.5
1818 64.7
666 23.7
325 11.6
(3087, 57) (3087,) (775, 57) (2809,) (2809,)

3 order Label Accuracy: 0.667
[[1548  226   44]
 [ 506  148   12]
 [  98   48  179]]
0.66749733001068 [0.85148515 0.22222222 0.55076923]

 rate=9 and ii =9
Accuracy: 0.756
Macro Precision: 0.722
Macro Recall: 0.614
Macro F1-score: 0.646

[[487  29   8]
 [120  47   2]
 [ 21   9  52]]
              precision    recall  f1-score   support

           0       0.78      0.93      0.85       524
           1       0.55      0.28      0.37       169
           2       0.84      0.63      0.72        82

    accuracy                           0.76       775
   macro avg       0.72      0.61      0.65       775
weighted avg       0.73      0.76      0.73       775

180 64.7
66 23.7
32 11.5
1818 64.7
666 23.7
325 11.6
(3087, 57) (3087,) (775, 57) (2809,) (2809,)

4 order Label Accuracy: 0.665
[[1561  200   57]
 [ 509  128   29]
 [ 114   33  178]]
0.6646493414026344 [0.85863586 0.19219219 0.54769231]

 rate=9 and ii =9
Accuracy: 0.751
Macro Precision: 0.716
Macro Recall: 0.604
Macro F1-score: 0.628

[[490  25   8]
 [127  36   4]
 [ 26   3  56]]
              precision    recall  f1-score   support

           0       0.76      0.94      0.84       523
           1       0.56      0.22      0.31       167
           2       0.82      0.66      0.73        85

    accuracy                           0.75       775
   macro avg       0.72      0.60      0.63       775
weighted avg       0.73      0.75      0.71       775

Time(sec):  7.377545399999999
nodes = range(self.m)
range(0, 8)
Graph with 8 nodes and 0 edges
3 275 8
L
[[1 1 1 ... 1 1 1]
 [1 1 3 ... 1 3 3]
 [1 1 1 ... 1 1 1]
 ...
 [2 1 2 ... 1 2 2]
 [1 1 3 ... 1 3 3]
 [3 3 3 ... 3 3 3]]
L_ind
[[1. 0. 0. ... 1. 0. 0.]
 [1. 0. 0. ... 0. 0. 1.]
 [1. 0. 0. ... 1. 0. 0.]
 ...
 [0. 1. 0. ... 0. 1. 0.]
 [1. 0. 0. ... 0. 0. 1.]
 [0. 0. 1. ... 0. 0. 1.]]
3 2812 8
L
[[2 1 3 ... 1 1 2]
 [1 1 1 ... 1 1 1]
 [1 1 1 ... 1 3 1]
 ...
 [1 1 3 ... 3 3 3]
 [1 1 1 ... 3 3 3]
 [1 1 1 ... 3 3 3]]
L_ind
[[0. 1. 0. ... 0. 1. 0.]
 [1. 0. 0. ... 1. 0. 0.]
 [1. 0. 0. ... 1. 0. 0.]
 ...
 [1. 0. 0. ... 0. 0. 1.]
 [1. 0. 0. ... 0. 0. 1.]
 [1. 0. 0. ... 0. 0. 1.]]
177 64.4
66 24.0
32 11.6
1821 64.8
666 23.7
325 11.6
(3087, 57) (3087,) (775, 57) (775,)

 SNO Accuracy: 0.605
[[1181  383  257]
 [ 334  258   74]
 [  29   35  261]]

 rate=9 and ii =10
Accuracy: 0.751
Macro Precision: 0.688
Macro Recall: 0.703
Macro F1-score: 0.683

[[430  41  33]
 [ 91  74  13]
 [ 12   3  78]]
              precision    recall  f1-score   support

           0       0.81      0.85      0.83       504
           1       0.63      0.42      0.50       178
           2       0.63      0.84      0.72        93

    accuracy                           0.75       775
   macro avg       0.69      0.70      0.68       775
weighted avg       0.74      0.75      0.74       775

177 64.4
66 24.0
32 11.6
1821 64.8
666 23.7
325 11.6
(3087, 57) (3087,) (775, 57) (775,)

semi-SelfTrain Label Accuracy: 0.709
[[1690   50   81]
 [ 556   77   33]
 [  92    5  228]]
0.7094594594594594 [0.9280615  0.11561562 0.70153846]

 rate=9 and ii =10
Accuracy: 0.765
Macro Precision: 0.724
Macro Recall: 0.624
Macro F1-score: 0.618

[[503  11  14]
 [132  22   6]
 [ 17   2  68]]
              precision    recall  f1-score   support

         0.0       0.77      0.95      0.85       528
         1.0       0.63      0.14      0.23       160
         2.0       0.77      0.78      0.78        87

    accuracy                           0.77       775
   macro avg       0.72      0.62      0.62       775
weighted avg       0.74      0.77      0.71       775

177 64.4
66 24.0
32 11.6
1821 64.8
666 23.7
325 11.6
(3087, 57) (3087,) (775, 57) (775,)

semi-LabelSpread Label Accuracy: 0.668
[[1821    0    0]
 [ 616   50    0]
 [ 317    0    8]]
0.6682076813655761 [1.         0.07507508 0.02461538]

 rate=9 and ii =10
Accuracy: 0.724
Macro Precision: 0.906
Macro Recall: 0.372
Macro F1-score: 0.351

[[545   0   0]
 [144  14   0]
 [ 70   0   2]]
              precision    recall  f1-score   support

         0.0       0.72      1.00      0.84       545
         1.0       1.00      0.09      0.16       158
         2.0       1.00      0.03      0.05        72

    accuracy                           0.72       775
   macro avg       0.91      0.37      0.35       775
weighted avg       0.80      0.72      0.63       775

177 64.4
66 24.0
32 11.6
1821 64.8
666 23.7
325 11.6
(3087, 57) (3087,) (775, 57) (2812,) (2812,)

2 order Label Accuracy: 0.720
[[1660   98   63]
 [ 501  136   29]
 [  72   25  228]]
0.7197724039829303 [0.91158704 0.2042042  0.70153846]

 rate=9 and ii =10
Accuracy: 0.779
Macro Precision: 0.771
Macro Recall: 0.637
Macro F1-score: 0.649

[[508   9   9]
 [126  31   6]
 [ 18   3  65]]
              precision    recall  f1-score   support

           0       0.78      0.97      0.86       526
           1       0.72      0.19      0.30       163
           2       0.81      0.76      0.78        86

    accuracy                           0.78       775
   macro avg       0.77      0.64      0.65       775
weighted avg       0.77      0.78      0.74       775

177 64.4
66 24.0
32 11.6
1821 64.8
666 23.7
325 11.6
(3087, 57) (3087,) (775, 57) (2812,) (2812,)

3 order Label Accuracy: 0.701
[[1674   88   59]
 [ 553   93   20]
 [  85   35  205]]
0.701280227596017 [0.91927512 0.13963964 0.63076923]

 rate=9 and ii =10
Accuracy: 0.766
Macro Precision: 0.764
Macro Recall: 0.605
Macro F1-score: 0.615

[[510   6  11]
 [134  24   4]
 [ 23   3  60]]
              precision    recall  f1-score   support

           0       0.76      0.97      0.85       527
           1       0.73      0.15      0.25       162
           2       0.80      0.70      0.75        86

    accuracy                           0.77       775
   macro avg       0.76      0.60      0.62       775
weighted avg       0.76      0.77      0.72       775

177 64.4
66 24.0
32 11.6
1821 64.8
666 23.7
325 11.6
(3087, 57) (3087,) (775, 57) (2812,) (2812,)

4 order Label Accuracy: 0.695
[[1662   90   69]
 [ 555   92   19]
 [  89   36  200]]
0.6948790896159317 [0.91268534 0.13813814 0.61538462]

 rate=9 and ii =10
Accuracy: 0.763
Macro Precision: 0.732
Macro Recall: 0.606
Macro F1-score: 0.612

[[506   9  11]
 [133  24   6]
 [ 21   4  61]]
              precision    recall  f1-score   support

           0       0.77      0.96      0.85       526
           1       0.65      0.15      0.24       163
           2       0.78      0.71      0.74        86

    accuracy                           0.76       775
   macro avg       0.73      0.61      0.61       775
weighted avg       0.74      0.76      0.71       775

Time(sec):  8.136988
nodes = range(self.m)
range(0, 8)
Graph with 8 nodes and 0 edges
3 278 8
L
[[1 1 1 ... 1 1 1]
 [2 1 1 ... 1 1 1]
 [3 3 3 ... 3 3 3]
 ...
 [2 2 2 ... 1 2 2]
 [1 1 2 ... 1 2 2]
 [1 1 1 ... 1 1 1]]
L_ind
[[1. 0. 0. ... 1. 0. 0.]
 [0. 1. 0. ... 1. 0. 0.]
 [0. 0. 1. ... 0. 0. 1.]
 ...
 [0. 1. 0. ... 0. 1. 0.]
 [1. 0. 0. ... 0. 1. 0.]
 [1. 0. 0. ... 1. 0. 0.]]
3 2809 8
L
[[1 1 3 ... 1 2 1]
 [1 1 1 ... 1 1 1]
 [1 1 1 ... 1 1 1]
 ...
 [1 1 3 ... 3 1 3]
 [1 1 1 ... 3 3 3]
 [2 1 1 ... 3 3 3]]
L_ind
[[1. 0. 0. ... 1. 0. 0.]
 [1. 0. 0. ... 1. 0. 0.]
 [1. 0. 0. ... 1. 0. 0.]
 ...
 [1. 0. 0. ... 0. 0. 1.]
 [1. 0. 0. ... 0. 0. 1.]
 [0. 1. 0. ... 0. 0. 1.]]
180 64.7
66 23.7
32 11.5
1818 64.7
666 23.7
325 11.6
(3087, 57) (3087,) (775, 57) (775,)

 SNO Accuracy: 0.623
[[1244  346  228]
 [ 349  262   55]
 [  27   53  245]]

 rate=9 and ii =11
Accuracy: 0.729
Macro Precision: 0.654
Macro Recall: 0.673
Macro F1-score: 0.657

[[421  51  28]
 [ 98  67  14]
 [  7  12  77]]
              precision    recall  f1-score   support

           0       0.80      0.84      0.82       500
           1       0.52      0.37      0.43       179
           2       0.65      0.80      0.72        96

    accuracy                           0.73       775
   macro avg       0.65      0.67      0.66       775
weighted avg       0.72      0.73      0.72       775

180 64.7
66 23.7
32 11.5
1818 64.7
666 23.7
325 11.6
(3087, 57) (3087,) (775, 57) (775,)

semi-SelfTrain Label Accuracy: 0.731
[[1774   16   28]
 [ 542  120    4]
 [ 161    6  158]]
0.7305090779636881 [0.97579758 0.18018018 0.48615385]

 rate=9 and ii =11
Accuracy: 0.772
Macro Precision: 0.846
Macro Recall: 0.566
Macro F1-score: 0.609

[[525   2   4]
 [131  31   1]
 [ 37   2  42]]
              precision    recall  f1-score   support

         0.0       0.76      0.99      0.86       531
         1.0       0.89      0.19      0.31       163
         2.0       0.89      0.52      0.66        81

    accuracy                           0.77       775
   macro avg       0.85      0.57      0.61       775
weighted avg       0.80      0.77      0.72       775

180 64.7
66 23.7
32 11.5
1818 64.7
666 23.7
325 11.6
(3087, 57) (3087,) (775, 57) (775,)

semi-LabelSpread Label Accuracy: 0.668
[[1818    0    0]
 [ 612   54    0]
 [ 320    0    5]]
0.6682093271626913 [1.         0.08108108 0.01538462]

 rate=9 and ii =11
Accuracy: 0.721
Macro Precision: 0.905
Macro Recall: 0.370
Macro F1-score: 0.347

[[544   0   0]
 [145  13   0]
 [ 71   0   2]]
              precision    recall  f1-score   support

         0.0       0.72      1.00      0.83       544
         1.0       1.00      0.08      0.15       158
         2.0       1.00      0.03      0.05        73

    accuracy                           0.72       775
   macro avg       0.91      0.37      0.35       775
weighted avg       0.80      0.72      0.62       775

180 64.7
66 23.7
32 11.5
1818 64.7
666 23.7
325 11.6
(3087, 57) (3087,) (775, 57) (2809,) (2809,)

2 order Label Accuracy: 0.714
[[1687  100   31]
 [ 530  131    5]
 [  92   45  188]]
0.7141331434674262 [0.92794279 0.1966967  0.57846154]

 rate=9 and ii =11
Accuracy: 0.777
Macro Precision: 0.760
Macro Recall: 0.602
Macro F1-score: 0.634

[[517   7   5]
 [127  33   3]
 [ 19  12  52]]
              precision    recall  f1-score   support

           0       0.78      0.98      0.87       529
           1       0.63      0.20      0.31       163
           2       0.87      0.63      0.73        83

    accuracy                           0.78       775
   macro avg       0.76      0.60      0.63       775
weighted avg       0.76      0.78      0.73       775

180 64.7
66 23.7
32 11.5
1818 64.7
666 23.7
325 11.6
(3087, 57) (3087,) (775, 57) (2809,) (2809,)

3 order Label Accuracy: 0.693
[[1669  108   41]
 [ 547  104   15]
 [  98   54  173]]
0.6927732289070844 [0.9180418  0.15615616 0.53230769]

 rate=9 and ii =11
Accuracy: 0.755
Macro Precision: 0.724
Macro Recall: 0.572
Macro F1-score: 0.601

[[510  13   3]
 [137  26   3]
 [ 23  11  49]]
              precision    recall  f1-score   support

           0       0.76      0.97      0.85       526
           1       0.52      0.16      0.24       166
           2       0.89      0.59      0.71        83

    accuracy                           0.75       775
   macro avg       0.72      0.57      0.60       775
weighted avg       0.72      0.75      0.71       775

180 64.7
66 23.7
32 11.5
1818 64.7
666 23.7
325 11.6
(3087, 57) (3087,) (775, 57) (2809,) (2809,)

4 order Label Accuracy: 0.712
[[1659  105   54]
 [ 510  146   10]
 [  87   44  194]]
0.7116411534353863 [0.91254125 0.21921922 0.59692308]

 rate=9 and ii =11
Accuracy: 0.777
Macro Precision: 0.764
Macro Recall: 0.609
Macro F1-score: 0.640

[[512   8   7]
 [123  37   4]
 [ 22   9  53]]
              precision    recall  f1-score   support

           0       0.78      0.97      0.86       527
           1       0.69      0.23      0.34       164
           2       0.83      0.63      0.72        84

    accuracy                           0.78       775
   macro avg       0.76      0.61      0.64       775
weighted avg       0.76      0.78      0.74       775

Time(sec):  7.789307999999999
nodes = range(self.m)
range(0, 8)
Graph with 8 nodes and 0 edges
3 278 8
L
[[1 1 2 ... 1 2 2]
 [1 1 1 ... 1 1 1]
 [1 1 3 ... 1 3 3]
 ...
 [1 1 1 ... 1 1 1]
 [1 1 1 ... 1 1 1]
 [3 3 3 ... 1 3 3]]
L_ind
[[1. 0. 0. ... 0. 1. 0.]
 [1. 0. 0. ... 1. 0. 0.]
 [1. 0. 0. ... 0. 0. 1.]
 ...
 [1. 0. 0. ... 1. 0. 0.]
 [1. 0. 0. ... 1. 0. 0.]
 [0. 0. 1. ... 0. 0. 1.]]
3 2809 8
L
[[2 1 3 ... 1 1 1]
 [1 1 1 ... 1 2 1]
 [1 1 1 ... 1 3 3]
 ...
 [1 1 3 ... 1 3 3]
 [1 1 1 ... 1 3 3]
 [1 1 1 ... 1 3 3]]
L_ind
[[0. 1. 0. ... 1. 0. 0.]
 [1. 0. 0. ... 1. 0. 0.]
 [1. 0. 0. ... 0. 0. 1.]
 ...
 [1. 0. 0. ... 0. 0. 1.]
 [1. 0. 0. ... 0. 0. 1.]
 [1. 0. 0. ... 0. 0. 1.]]
180 64.7
66 23.7
32 11.5
1818 64.7
666 23.7
325 11.6
(3087, 57) (3087,) (775, 57) (775,)

 SNO Accuracy: 0.623
[[1170  484  164]
 [ 290  318   58]
 [  29   34  262]]

 rate=9 and ii =12
Accuracy: 0.761
Macro Precision: 0.722
Macro Recall: 0.756
Macro F1-score: 0.737

[[397  71  21]
 [ 74 111   8]
 [  7   4  82]]
              precision    recall  f1-score   support

           0       0.83      0.81      0.82       489
           1       0.60      0.58      0.59       193
           2       0.74      0.88      0.80        93

    accuracy                           0.76       775
   macro avg       0.72      0.76      0.74       775
weighted avg       0.76      0.76      0.76       775

180 64.7
66 23.7
32 11.5
1818 64.7
666 23.7
325 11.6
(3087, 57) (3087,) (775, 57) (775,)

semi-SelfTrain Label Accuracy: 0.704
[[1631  128   59]
 [ 511  125   30]
 [  90   14  221]]
0.7038091847632609 [0.89713971 0.18768769 0.68      ]

 rate=9 and ii =12
Accuracy: 0.741
Macro Precision: 0.664
Macro Recall: 0.611
Macro F1-score: 0.618

[[480  31  14]
 [126  34   6]
 [ 17   7  60]]
              precision    recall  f1-score   support

         0.0       0.77      0.91      0.84       525
         1.0       0.47      0.20      0.29       166
         2.0       0.75      0.71      0.73        84

    accuracy                           0.74       775
   macro avg       0.66      0.61      0.62       775
weighted avg       0.70      0.74      0.71       775

180 64.7
66 23.7
32 11.5
1818 64.7
666 23.7
325 11.6
(3087, 57) (3087,) (775, 57) (775,)

semi-LabelSpread Label Accuracy: 0.670
[[1818    0    0]
 [ 606   60    0]
 [ 320    0    5]]
0.6703453186187255 [1.         0.09009009 0.01538462]

 rate=9 and ii =12
Accuracy: 0.717
Macro Precision: 0.571
Macro Recall: 0.353
Macro F1-score: 0.314

[[547   0   0]
 [147   9   0]
 [ 72   0   0]]
              precision    recall  f1-score   support

         0.0       0.71      1.00      0.83       547
         1.0       1.00      0.06      0.11       156
         2.0       0.00      0.00      0.00        72

    accuracy                           0.72       775
   macro avg       0.57      0.35      0.31       775
weighted avg       0.71      0.72      0.61       775

180 64.7
66 23.7
32 11.5
1818 64.7
666 23.7
325 11.6
(3087, 57) (3087,) (775, 57) (2809,) (2809,)

2 order Label Accuracy: 0.687
[[1545  195   78]
 [ 487  150   29]
 [  71   19  235]]
0.6870772516909932 [0.84983498 0.22522523 0.72307692]

 rate=9 and ii =12
Accuracy: 0.754
Macro Precision: 0.696
Macro Recall: 0.637
Macro F1-score: 0.639

[[481  26  15]
 [126  34   5]
 [ 16   3  69]]
              precision    recall  f1-score   support

           0       0.77      0.92      0.84       522
           1       0.54      0.21      0.30       165
           2       0.78      0.78      0.78        88

    accuracy                           0.75       775
   macro avg       0.70      0.64      0.64       775
weighted avg       0.72      0.75      0.72       775

180 64.7
66 23.7
32 11.5
1818 64.7
666 23.7
325 11.6
(3087, 57) (3087,) (775, 57) (2809,) (2809,)

3 order Label Accuracy: 0.669
[[1517  165  136]
 [ 479  147   40]
 [  85   26  214]]
0.6685653257386971 [0.83443344 0.22072072 0.65846154]

 rate=9 and ii =12
Accuracy: 0.743
Macro Precision: 0.666
Macro Recall: 0.610
Macro F1-score: 0.606

[[483  23  16]
 [124  30  12]
 [ 21   3  63]]
              precision    recall  f1-score   support

           0       0.77      0.93      0.84       522
           1       0.54      0.18      0.27       166
           2       0.69      0.72      0.71        87

    accuracy                           0.74       775
   macro avg       0.67      0.61      0.61       775
weighted avg       0.71      0.74      0.70       775

180 64.7
66 23.7
32 11.5
1818 64.7
666 23.7
325 11.6
(3087, 57) (3087,) (775, 57) (2809,) (2809,)

4 order Label Accuracy: 0.668
[[1526  143  149]
 [ 480  124   62]
 [  73   25  227]]
0.6682093271626913 [0.83938394 0.18618619 0.69846154]

 rate=9 and ii =12
Accuracy: 0.748
Macro Precision: 0.680
Macro Recall: 0.613
Macro F1-score: 0.611

[[486  20  16]
 [125  29  10]
 [ 21   3  65]]
              precision    recall  f1-score   support

           0       0.77      0.93      0.84       522
           1       0.56      0.18      0.27       164
           2       0.71      0.73      0.72        89

    accuracy                           0.75       775
   macro avg       0.68      0.61      0.61       775
weighted avg       0.72      0.75      0.71       775

Time(sec):  8.385866199999999
nodes = range(self.m)
range(0, 8)
Graph with 8 nodes and 0 edges
3 277 8
L
[[1 1 1 ... 1 1 1]
 [1 1 2 ... 1 2 2]
 [2 1 1 ... 1 1 1]
 ...
 [1 2 1 ... 1 1 1]
 [1 1 1 ... 1 1 1]
 [1 1 3 ... 3 3 3]]
L_ind
[[1. 0. 0. ... 1. 0. 0.]
 [1. 0. 0. ... 0. 1. 0.]
 [0. 1. 0. ... 1. 0. 0.]
 ...
 [1. 0. 0. ... 1. 0. 0.]
 [1. 0. 0. ... 1. 0. 0.]
 [1. 0. 0. ... 0. 0. 1.]]
3 2810 8
L
[[1 1 1 ... 1 1 2]
 [1 1 1 ... 1 1 1]
 [1 1 1 ... 1 1 1]
 ...
 [1 1 1 ... 3 3 1]
 [1 1 1 ... 3 3 3]
 [1 1 1 ... 3 3 3]]
L_ind
[[1. 0. 0. ... 0. 1. 0.]
 [1. 0. 0. ... 1. 0. 0.]
 [1. 0. 0. ... 1. 0. 0.]
 ...
 [1. 0. 0. ... 1. 0. 0.]
 [1. 0. 0. ... 0. 0. 1.]
 [1. 0. 0. ... 0. 0. 1.]]
179 64.6
66 23.8
32 11.6
1819 64.7
666 23.7
325 11.6
(3087, 57) (3087,) (775, 57) (775,)

 SNO Accuracy: 0.584
[[1109  453  257]
 [ 298  275   93]
 [  38   30  257]]

 rate=9 and ii =13
Accuracy: 0.698
Macro Precision: 0.640
Macro Recall: 0.686
Macro F1-score: 0.655

[[370  70  41]
 [ 92  83  16]
 [ 13   2  88]]
              precision    recall  f1-score   support

           0       0.78      0.77      0.77       481
           1       0.54      0.43      0.48       191
           2       0.61      0.85      0.71       103

    accuracy                           0.70       775
   macro avg       0.64      0.69      0.65       775
weighted avg       0.70      0.70      0.69       775

179 64.6
66 23.8
32 11.6
1819 64.7
666 23.7
325 11.6
(3087, 57) (3087,) (775, 57) (775,)

semi-SelfTrain Label Accuracy: 0.707
[[1702   65   52]
 [ 544   93   29]
 [ 127    6  192]]
0.70711743772242 [0.93567894 0.13963964 0.59076923]

 rate=9 and ii =13
Accuracy: 0.742
Macro Precision: 0.691
Macro Recall: 0.570
Macro F1-score: 0.583

[[500  17   9]
 [136  23   6]
 [ 30   2  52]]
              precision    recall  f1-score   support

         0.0       0.75      0.95      0.84       526
         1.0       0.55      0.14      0.22       165
         2.0       0.78      0.62      0.69        84

    accuracy                           0.74       775
   macro avg       0.69      0.57      0.58       775
weighted avg       0.71      0.74      0.69       775

179 64.6
66 23.8
32 11.6
1819 64.7
666 23.7
325 11.6
(3087, 57) (3087,) (775, 57) (775,)

semi-LabelSpread Label Accuracy: 0.670
[[1819    0    0]
 [ 610   56    0]
 [ 316    0    9]]
0.6704626334519573 [1.         0.08408408 0.02769231]

 rate=9 and ii =13
Accuracy: 0.725
Macro Precision: 0.906
Macro Recall: 0.390
Macro F1-score: 0.383

[[542   0   0]
 [146  14   0]
 [ 67   0   6]]
              precision    recall  f1-score   support

         0.0       0.72      1.00      0.84       542
         1.0       1.00      0.09      0.16       160
         2.0       1.00      0.08      0.15        73

    accuracy                           0.73       775
   macro avg       0.91      0.39      0.38       775
weighted avg       0.80      0.73      0.63       775

179 64.6
66 23.8
32 11.6
1819 64.7
666 23.7
325 11.6
(3087, 57) (3087,) (775, 57) (2810,) (2810,)

2 order Label Accuracy: 0.712
[[1656   94   69]
 [ 501  129   36]
 [ 105    5  215]]
0.7117437722419929 [0.91039032 0.19369369 0.66153846]

 rate=9 and ii =13
Accuracy: 0.773
Macro Precision: 0.799
Macro Recall: 0.622
Macro F1-score: 0.629

[[508   4  14]
 [127  29   7]
 [ 24   0  62]]
              precision    recall  f1-score   support

           0       0.77      0.97      0.86       526
           1       0.88      0.18      0.30       163
           2       0.75      0.72      0.73        86

    accuracy                           0.77       775
   macro avg       0.80      0.62      0.63       775
weighted avg       0.79      0.77      0.73       775

179 64.6
66 23.8
32 11.6
1819 64.7
666 23.7
325 11.6
(3087, 57) (3087,) (775, 57) (2810,) (2810,)

3 order Label Accuracy: 0.676
[[1600   67  152]
 [ 527   97   42]
 [ 104   19  202]]
0.6758007117437722 [0.87960418 0.14564565 0.62153846]

 rate=9 and ii =13
Accuracy: 0.756
Macro Precision: 0.753
Macro Recall: 0.597
Macro F1-score: 0.595

[[502   5  17]
 [132  22   8]
 [ 26   1  62]]
              precision    recall  f1-score   support

           0       0.76      0.96      0.85       524
           1       0.79      0.14      0.23       162
           2       0.71      0.70      0.70        89

    accuracy                           0.76       775
   macro avg       0.75      0.60      0.59       775
weighted avg       0.76      0.76      0.70       775

179 64.6
66 23.8
32 11.6
1819 64.7
666 23.7
325 11.6
(3087, 57) (3087,) (775, 57) (2810,) (2810,)

4 order Label Accuracy: 0.707
[[1636  139   44]
 [ 473  164   29]
 [ 131    6  188]]
0.7074733096085409 [0.89939527 0.24624625 0.57846154]

 rate=9 and ii =13
Accuracy: 0.785
Macro Precision: 0.799
Macro Recall: 0.639
Macro F1-score: 0.666

[[505   8  10]
 [116  44   6]
 [ 26   1  59]]
              precision    recall  f1-score   support

           0       0.78      0.97      0.86       523
           1       0.83      0.27      0.40       166
           2       0.79      0.69      0.73        86

    accuracy                           0.78       775
   macro avg       0.80      0.64      0.67       775
weighted avg       0.79      0.78      0.75       775

Time(sec):  7.5175766
nodes = range(self.m)
range(0, 8)
Graph with 8 nodes and 0 edges
3 277 8
L
[[3 1 3 ... 1 3 3]
 [3 1 3 ... 1 3 3]
 [1 1 3 ... 1 3 3]
 ...
 [1 1 3 ... 3 3 3]
 [3 3 3 ... 3 3 3]
 [1 1 2 ... 1 2 2]]
L_ind
[[0. 0. 1. ... 0. 0. 1.]
 [0. 0. 1. ... 0. 0. 1.]
 [1. 0. 0. ... 0. 0. 1.]
 ...
 [1. 0. 0. ... 0. 0. 1.]
 [0. 0. 1. ... 0. 0. 1.]
 [1. 0. 0. ... 0. 1. 0.]]
3 2810 8
L
[[2 1 1 ... 1 1 1]
 [1 1 1 ... 1 1 1]
 [3 1 1 ... 1 2 2]
 ...
 [3 1 3 ... 1 3 3]
 [1 1 1 ... 3 3 3]
 [1 1 1 ... 3 3 3]]
L_ind
[[0. 1. 0. ... 1. 0. 0.]
 [1. 0. 0. ... 1. 0. 0.]
 [0. 0. 1. ... 0. 1. 0.]
 ...
 [0. 0. 1. ... 0. 0. 1.]
 [1. 0. 0. ... 0. 0. 1.]
 [1. 0. 0. ... 0. 0. 1.]]
180 65.0
65 23.5
32 11.6
1818 64.7
667 23.7
325 11.6
(3087, 57) (3087,) (775, 57) (775,)

 SNO Accuracy: 0.620
[[1165  451  202]
 [ 305  301   61]
 [  33   17  275]]

 rate=9 and ii =14
Accuracy: 0.748
Macro Precision: 0.697
Macro Recall: 0.732
Macro F1-score: 0.711

[[399  65  29]
 [ 78 100   9]
 [  9   5  81]]
              precision    recall  f1-score   support

           0       0.82      0.81      0.82       493
           1       0.59      0.53      0.56       187
           2       0.68      0.85      0.76        95

    accuracy                           0.75       775
   macro avg       0.70      0.73      0.71       775
weighted avg       0.75      0.75      0.75       775

180 65.0
65 23.5
32 11.6
1818 64.7
667 23.7
325 11.6
(3087, 57) (3087,) (775, 57) (775,)

semi-SelfTrain Label Accuracy: 0.727
[[1758   29   31]
 [ 581   69   17]
 [ 107    1  217]]
0.7274021352313167 [0.9669967  0.10344828 0.66769231]

 rate=9 and ii =14
Accuracy: 0.769
Macro Precision: 0.792
Macro Recall: 0.597
Macro F1-score: 0.608

[[520   5   6]
 [140  18   3]
 [ 24   1  58]]
              precision    recall  f1-score   support

         0.0       0.76      0.98      0.86       531
         1.0       0.75      0.11      0.19       161
         2.0       0.87      0.70      0.77        83

    accuracy                           0.77       775
   macro avg       0.79      0.60      0.61       775
weighted avg       0.77      0.77      0.71       775

180 65.0
65 23.5
32 11.6
1818 64.7
667 23.7
325 11.6
(3087, 57) (3087,) (775, 57) (775,)

semi-LabelSpread Label Accuracy: 0.670
[[1818    0    0]
 [ 609   58    0]
 [ 318    0    7]]
0.6701067615658363 [1.         0.08695652 0.02153846]

 rate=9 and ii =14
Accuracy: 0.721
Macro Precision: 0.905
Macro Recall: 0.365
Macro F1-score: 0.338

[[545   0   0]
 [145  13   0]
 [ 71   0   1]]
              precision    recall  f1-score   support

         0.0       0.72      1.00      0.83       545
         1.0       1.00      0.08      0.15       158
         2.0       1.00      0.01      0.03        72

    accuracy                           0.72       775
   macro avg       0.91      0.37      0.34       775
weighted avg       0.80      0.72      0.62       775

180 65.0
65 23.5
32 11.6
1818 64.7
667 23.7
325 11.6
(3087, 57) (3087,) (775, 57) (2810,) (2810,)

2 order Label Accuracy: 0.723
[[1641  129   48]
 [ 485  159   23]
 [  83   10  232]]
0.7231316725978648 [0.90264026 0.23838081 0.71384615]

 rate=9 and ii =14
Accuracy: 0.788
Macro Precision: 0.819
Macro Recall: 0.651
Macro F1-score: 0.674

[[508   7   8]
 [125  37   3]
 [ 20   1  66]]
              precision    recall  f1-score   support

           0       0.78      0.97      0.86       523
           1       0.82      0.22      0.35       165
           2       0.86      0.76      0.80        87

    accuracy                           0.79       775
   macro avg       0.82      0.65      0.67       775
weighted avg       0.80      0.79      0.75       775

180 65.0
65 23.5
32 11.6
1818 64.7
667 23.7
325 11.6
(3087, 57) (3087,) (775, 57) (2810,) (2810,)

3 order Label Accuracy: 0.697
[[1633  109   76]
 [ 529  110   28]
 [  71   39  215]]
0.6967971530249111 [0.89823982 0.16491754 0.66153846]

 rate=9 and ii =14
Accuracy: 0.766
Macro Precision: 0.734
Macro Recall: 0.602
Macro F1-score: 0.611

[[511   4   9]
 [136  23   5]
 [ 17  10  60]]
              precision    recall  f1-score   support

           0       0.77      0.98      0.86       524
           1       0.62      0.14      0.23       164
           2       0.81      0.69      0.75        87

    accuracy                           0.77       775
   macro avg       0.73      0.60      0.61       775
weighted avg       0.74      0.77      0.71       775

180 65.0
65 23.5
32 11.6
1818 64.7
667 23.7
325 11.6
(3087, 57) (3087,) (775, 57) (2810,) (2810,)

4 order Label Accuracy: 0.697
[[1641  113   64]
 [ 522  112   33]
 [ 104   15  206]]
0.697153024911032 [0.90264026 0.16791604 0.63384615]

 rate=9 and ii =14
Accuracy: 0.759
Macro Precision: 0.756
Macro Recall: 0.577
Macro F1-score: 0.597

[[512   7   8]
 [134  25   5]
 [ 30   3  51]]
              precision    recall  f1-score   support

           0       0.76      0.97      0.85       527
           1       0.71      0.15      0.25       164
           2       0.80      0.61      0.69        84

    accuracy                           0.76       775
   macro avg       0.76      0.58      0.60       775
weighted avg       0.75      0.76      0.71       775

Time(sec):  7.5816474
nodes = range(self.m)
range(0, 8)
Graph with 8 nodes and 0 edges
3 277 8
L
[[1 1 1 ... 1 1 1]
 [1 1 1 ... 1 1 1]
 [2 1 2 ... 1 2 2]
 ...
 [1 1 2 ... 1 2 2]
 [1 3 2 ... 3 2 2]
 [3 1 3 ... 3 3 3]]
L_ind
[[1. 0. 0. ... 1. 0. 0.]
 [1. 0. 0. ... 1. 0. 0.]
 [0. 1. 0. ... 0. 1. 0.]
 ...
 [1. 0. 0. ... 0. 1. 0.]
 [1. 0. 0. ... 0. 1. 0.]
 [0. 0. 1. ... 0. 0. 1.]]
3 2810 8
L
[[1 1 1 ... 3 1 1]
 [2 1 1 ... 1 1 1]
 [1 1 1 ... 1 1 1]
 ...
 [1 1 3 ... 3 1 3]
 [1 1 1 ... 3 3 3]
 [1 1 1 ... 3 3 3]]
L_ind
[[1. 0. 0. ... 1. 0. 0.]
 [0. 1. 0. ... 1. 0. 0.]
 [1. 0. 0. ... 1. 0. 0.]
 ...
 [1. 0. 0. ... 0. 0. 1.]
 [1. 0. 0. ... 0. 0. 1.]
 [1. 0. 0. ... 0. 0. 1.]]
179 64.6
66 23.8
32 11.6
1819 64.7
666 23.7
325 11.6
(3087, 57) (3087,) (775, 57) (775,)

 SNO Accuracy: 0.631
[[1256  397  166]
 [ 355  262   49]
 [  34   37  254]]

 rate=9 and ii =15
Accuracy: 0.755
Macro Precision: 0.700
Macro Recall: 0.698
Macro F1-score: 0.692

[[436  49  19]
 [ 97  67  10]
 [ 11   4  82]]
              precision    recall  f1-score   support

           0       0.80      0.87      0.83       504
           1       0.56      0.39      0.46       174
           2       0.74      0.85      0.79        97

    accuracy                           0.75       775
   macro avg       0.70      0.70      0.69       775
weighted avg       0.74      0.75      0.74       775

179 64.6
66 23.8
32 11.6
1819 64.7
666 23.7
325 11.6
(3087, 57) (3087,) (775, 57) (775,)

semi-SelfTrain Label Accuracy: 0.716
[[1749    4   66]
 [ 589   57   20]
 [ 117    2  206]]
0.7160142348754448 [0.96151732 0.08558559 0.63384615]

 rate=9 and ii =15
Accuracy: 0.770
Macro Precision: 0.853
Macro Recall: 0.608
Macro F1-score: 0.599

[[516   0  13]
 [140  14   4]
 [ 21   0  67]]
              precision    recall  f1-score   support

         0.0       0.76      0.98      0.86       529
         1.0       1.00      0.09      0.16       158
         2.0       0.80      0.76      0.78        88

    accuracy                           0.77       775
   macro avg       0.85      0.61      0.60       775
weighted avg       0.81      0.77      0.71       775

179 64.6
66 23.8
32 11.6
1819 64.7
666 23.7
325 11.6
(3087, 57) (3087,) (775, 57) (775,)

semi-LabelSpread Label Accuracy: 0.664
[[1819    0    0]
 [ 628   38    0]
 [ 317    0    8]]
0.6637010676156584 [1.         0.05705706 0.02461538]

 rate=9 and ii =15
Accuracy: 0.720
Macro Precision: 0.905
Macro Recall: 0.361
Macro F1-score: 0.331

[[546   0   0]
 [146  11   0]
 [ 71   0   1]]
              precision    recall  f1-score   support

         0.0       0.72      1.00      0.83       546
         1.0       1.00      0.07      0.13       157
         2.0       1.00      0.01      0.03        72

    accuracy                           0.72       775
   macro avg       0.91      0.36      0.33       775
weighted avg       0.80      0.72      0.62       775

179 64.6
66 23.8
32 11.6
1819 64.7
666 23.7
325 11.6
(3087, 57) (3087,) (775, 57) (2810,) (2810,)

2 order Label Accuracy: 0.722
[[1666  106   47]
 [ 513  142   11]
 [  76   28  221]]
0.7220640569395018 [0.91588785 0.21321321 0.68      ]

 rate=9 and ii =15
Accuracy: 0.785
Macro Precision: 0.784
Macro Recall: 0.628
Macro F1-score: 0.643

[[517   4  10]
 [125  29   5]
 [ 18   5  62]]
              precision    recall  f1-score   support

           0       0.78      0.97      0.87       531
           1       0.76      0.18      0.29       159
           2       0.81      0.73      0.77        85

    accuracy                           0.78       775
   macro avg       0.78      0.63      0.64       775
weighted avg       0.78      0.78      0.74       775

179 64.6
66 23.8
32 11.6
1819 64.7
666 23.7
325 11.6
(3087, 57) (3087,) (775, 57) (2810,) (2810,)

3 order Label Accuracy: 0.695
[[1664   86   69]
 [ 546   87   33]
 [ 101   22  202]]
0.695017793594306 [0.91478835 0.13063063 0.62153846]

 rate=9 and ii =15
Accuracy: 0.761
Macro Precision: 0.712
Macro Recall: 0.584
Macro F1-score: 0.579

[[517   4  11]
 [138  13   6]
 [ 21   5  60]]
              precision    recall  f1-score   support

           0       0.76      0.97      0.86       532
           1       0.59      0.08      0.15       157
           2       0.78      0.70      0.74        86

    accuracy                           0.76       775
   macro avg       0.71      0.58      0.58       775
weighted avg       0.73      0.76      0.70       775

179 64.6
66 23.8
32 11.6
1819 64.7
666 23.7
325 11.6
(3087, 57) (3087,) (775, 57) (2810,) (2810,)

4 order Label Accuracy: 0.731
[[1716   59   44]
 [ 536  115   15]
 [  88   13  224]]
0.7313167259786477 [0.94337548 0.17267267 0.68923077]

 rate=9 and ii =15
Accuracy: 0.785
Macro Precision: 0.796
Macro Recall: 0.623
Macro F1-score: 0.642

[[518   3   9]
 [126  29   4]
 [ 20   5  61]]
              precision    recall  f1-score   support

           0       0.78      0.98      0.87       530
           1       0.78      0.18      0.30       159
           2       0.82      0.71      0.76        86

    accuracy                           0.78       775
   macro avg       0.80      0.62      0.64       775
weighted avg       0.79      0.78      0.74       775

Time(sec):  7.8929221
