nodes = range(self.m)
range(0, 8)
Graph with 8 nodes and 0 edges
3 430 8
L
[[1 1 1 ... 1 1 1]
 [1 1 1 ... 1 1 1]
 [1 1 1 ... 1 1 1]
 ...
 [2 1 2 ... 1 2 2]
 [3 1 3 ... 3 3 3]
 [1 1 2 ... 1 2 2]]
L_ind
[[1. 0. 0. ... 1. 0. 0.]
 [1. 0. 0. ... 1. 0. 0.]
 [1. 0. 0. ... 1. 0. 0.]
 ...
 [0. 1. 0. ... 0. 1. 0.]
 [0. 0. 1. ... 0. 0. 1.]
 [1. 0. 0. ... 0. 1. 0.]]
3 2657 8
L
[[2 1 3 ... 1 1 1]
 [1 1 1 ... 1 1 1]
 [1 1 1 ... 1 1 1]
 ...
 [1 1 3 ... 1 1 1]
 [1 1 1 ... 3 3 3]
 [1 1 1 ... 3 3 3]]
L_ind
[[0. 1. 0. ... 1. 0. 0.]
 [1. 0. 0. ... 1. 0. 0.]
 [1. 0. 0. ... 1. 0. 0.]
 ...
 [1. 0. 0. ... 1. 0. 0.]
 [1. 0. 0. ... 0. 0. 1.]
 [1. 0. 0. ... 0. 0. 1.]]
268 62.3
116 27.0
46 10.7
1730 65.1
616 23.2
311 11.7
(3087, 57) (3087,) (775, 57) (775,)

 SNO Accuracy: 0.672
[[1325  276  129]
 [ 355  219   42]
 [  41   29  241]]

 rate=14 and ii =1
Accuracy: 0.788
Macro Precision: 0.748
Macro Recall: 0.713
Macro F1-score: 0.715

[[464  28  19]
 [ 91  66  10]
 [ 15   1  81]]
              precision    recall  f1-score   support

           0       0.81      0.91      0.86       511
           1       0.69      0.40      0.50       167
           2       0.74      0.84      0.78        97

    accuracy                           0.79       775
   macro avg       0.75      0.71      0.71       775
weighted avg       0.78      0.79      0.77       775

268 62.3
116 27.0
46 10.7
1730 65.1
616 23.2
311 11.7
(3087, 57) (3087,) (775, 57) (775,)

semi-SelfTrain Label Accuracy: 0.732
[[1661   48   21]
 [ 515   85   16]
 [  92   21  198]]
0.731652239367708 [0.96011561 0.13798701 0.63665595]

 rate=14 and ii =1
Accuracy: 0.773
Macro Precision: 0.761
Macro Recall: 0.610
Macro F1-score: 0.640

[[510  11   6]
 [128  33   2]
 [ 21   8  56]]
              precision    recall  f1-score   support

         0.0       0.77      0.97      0.86       527
         1.0       0.63      0.20      0.31       163
         2.0       0.88      0.66      0.75        85

    accuracy                           0.77       775
   macro avg       0.76      0.61      0.64       775
weighted avg       0.76      0.77      0.73       775

268 62.3
116 27.0
46 10.7
1730 65.1
616 23.2
311 11.7
(3087, 57) (3087,) (775, 57) (775,)

semi-LabelSpread Label Accuracy: 0.677
[[1730    0    0]
 [ 555   61    0]
 [ 303    0    8]]
0.6770794128716597 [1.         0.09902597 0.02572347]

 rate=14 and ii =1
Accuracy: 0.732
Macro Precision: 0.575
Macro Recall: 0.378
Macro F1-score: 0.359

[[546   0   0]
 [136  21   0]
 [ 72   0   0]]
              precision    recall  f1-score   support

         0.0       0.72      1.00      0.84       546
         1.0       1.00      0.13      0.24       157
         2.0       0.00      0.00      0.00        72

    accuracy                           0.73       775
   macro avg       0.57      0.38      0.36       775
weighted avg       0.71      0.73      0.64       775

268 62.3
116 27.0
46 10.7
1730 65.1
616 23.2
311 11.7
(3087, 57) (3087,) (775, 57) (2657,) (2657,)

2 order Label Accuracy: 0.725
[[1578  134   18]
 [ 449  155   12]
 [  99   20  192]]
0.7245013172751223 [0.91213873 0.25162338 0.61736334]

 rate=14 and ii =1
Accuracy: 0.799
Macro Precision: 0.836
Macro Recall: 0.642
Macro F1-score: 0.689

[[515   9   4]
 [111  50   2]
 [ 28   2  54]]
              precision    recall  f1-score   support

           0       0.79      0.98      0.87       528
           1       0.82      0.31      0.45       163
           2       0.90      0.64      0.75        84

    accuracy                           0.80       775
   macro avg       0.84      0.64      0.69       775
weighted avg       0.81      0.80      0.77       775

268 62.3
116 27.0
46 10.7
1730 65.1
616 23.2
311 11.7
(3087, 57) (3087,) (775, 57) (2657,) (2657,)

3 order Label Accuracy: 0.749
[[1660   53   17]
 [ 475  125   16]
 [  94   12  205]]
0.7489649981181784 [0.95953757 0.20292208 0.65916399]

 rate=14 and ii =1
Accuracy: 0.805
Macro Precision: 0.878
Macro Recall: 0.652
Macro F1-score: 0.686

[[527   2   3]
 [123  35   2]
 [ 20   1  62]]
              precision    recall  f1-score   support

           0       0.79      0.99      0.88       532
           1       0.92      0.22      0.35       160
           2       0.93      0.75      0.83        83

    accuracy                           0.81       775
   macro avg       0.88      0.65      0.69       775
weighted avg       0.83      0.81      0.76       775

268 62.3
116 27.0
46 10.7
1730 65.1
616 23.2
311 11.7
(3087, 57) (3087,) (775, 57) (2657,) (2657,)

4 order Label Accuracy: 0.749
[[1662   53   15]
 [ 475  125   16]
 [  95   12  204]]
0.7493413624388408 [0.96069364 0.20292208 0.65594855]

 rate=14 and ii =1
Accuracy: 0.804
Macro Precision: 0.885
Macro Recall: 0.646
Macro F1-score: 0.683

[[527   1   3]
 [123  36   2]
 [ 22   1  60]]
              precision    recall  f1-score   support

           0       0.78      0.99      0.88       531
           1       0.95      0.22      0.36       161
           2       0.92      0.72      0.81        83

    accuracy                           0.80       775
   macro avg       0.88      0.65      0.68       775
weighted avg       0.83      0.80      0.76       775

Time(sec):  8.1512057
nodes = range(self.m)
range(0, 8)
Graph with 8 nodes and 0 edges
3 429 8
L
[[1 1 1 ... 1 1 1]
 [1 1 1 ... 1 1 1]
 [1 3 3 ... 1 3 3]
 ...
 [1 1 1 ... 1 1 1]
 [1 1 3 ... 3 3 3]
 [1 1 1 ... 1 1 1]]
L_ind
[[1. 0. 0. ... 1. 0. 0.]
 [1. 0. 0. ... 1. 0. 0.]
 [1. 0. 0. ... 0. 0. 1.]
 ...
 [1. 0. 0. ... 1. 0. 0.]
 [1. 0. 0. ... 0. 0. 1.]
 [1. 0. 0. ... 1. 0. 0.]]
3 2658 8
L
[[1 1 1 ... 1 1 1]
 [1 1 1 ... 1 3 3]
 [1 1 1 ... 1 1 1]
 ...
 [1 1 3 ... 1 3 3]
 [1 1 1 ... 3 3 3]
 [1 1 1 ... 3 3 1]]
L_ind
[[1. 0. 0. ... 1. 0. 0.]
 [1. 0. 0. ... 0. 0. 1.]
 [1. 0. 0. ... 1. 0. 0.]
 ...
 [1. 0. 0. ... 0. 0. 1.]
 [1. 0. 0. ... 0. 0. 1.]
 [1. 0. 0. ... 1. 0. 0.]]
291 67.8
90 21.0
48 11.2
1707 64.2
642 24.2
309 11.6
(3087, 57) (3087,) (775, 57) (775,)

 SNO Accuracy: 0.662
[[1265  259  183]
 [ 333  250   59]
 [  53   12  244]]

 rate=14 and ii =2
Accuracy: 0.774
Macro Precision: 0.725
Macro Recall: 0.693
Macro F1-score: 0.693

[[457  25  25]
 [ 94  65  11]
 [ 15   5  78]]
              precision    recall  f1-score   support

           0       0.81      0.90      0.85       507
           1       0.68      0.38      0.49       170
           2       0.68      0.80      0.74        98

    accuracy                           0.77       775
   macro avg       0.73      0.69      0.69       775
weighted avg       0.76      0.77      0.76       775

291 67.8
90 21.0
48 11.2
1707 64.2
642 24.2
309 11.6
(3087, 57) (3087,) (775, 57) (775,)

semi-SelfTrain Label Accuracy: 0.728
[[1618   26   63]
 [ 521  103   18]
 [  91    5  213]]
0.7276147479307751 [0.94786175 0.16043614 0.68932039]

 rate=14 and ii =2
Accuracy: 0.769
Macro Precision: 0.775
Macro Recall: 0.628
Macro F1-score: 0.628

[[501   5  16]
 [133  25   4]
 [ 19   2  70]]
              precision    recall  f1-score   support

         0.0       0.77      0.96      0.85       522
         1.0       0.78      0.15      0.26       162
         2.0       0.78      0.77      0.77        91

    accuracy                           0.77       775
   macro avg       0.78      0.63      0.63       775
weighted avg       0.77      0.77      0.72       775

291 67.8
90 21.0
48 11.2
1707 64.2
642 24.2
309 11.6
(3087, 57) (3087,) (775, 57) (775,)

semi-LabelSpread Label Accuracy: 0.672
[[1707    0    0]
 [ 572   70    0]
 [ 300    0    9]]
0.671933784800602 [1.         0.10903427 0.02912621]

 rate=14 and ii =2
Accuracy: 0.728
Macro Precision: 0.907
Macro Recall: 0.385
Macro F1-score: 0.373

[[543   0   0]
 [142  18   0]
 [ 69   0   3]]
              precision    recall  f1-score   support

         0.0       0.72      1.00      0.84       543
         1.0       1.00      0.11      0.20       160
         2.0       1.00      0.04      0.08        72

    accuracy                           0.73       775
   macro avg       0.91      0.38      0.37       775
weighted avg       0.80      0.73      0.64       775

291 67.8
90 21.0
48 11.2
1707 64.2
642 24.2
309 11.6
(3087, 57) (3087,) (775, 57) (2658,) (2658,)

2 order Label Accuracy: 0.743
[[1646   15   46]
 [ 508  117   17]
 [  94    3  212]]
0.7430398796087284 [0.96426479 0.18224299 0.68608414]

 rate=14 and ii =2
Accuracy: 0.777
Macro Precision: 0.846
Macro Recall: 0.623
Macro F1-score: 0.632

[[512   1  12]
 [134  25   3]
 [ 23   0  65]]
              precision    recall  f1-score   support

           0       0.77      0.98      0.86       525
           1       0.96      0.15      0.27       162
           2       0.81      0.74      0.77        88

    accuracy                           0.78       775
   macro avg       0.85      0.62      0.63       775
weighted avg       0.81      0.78      0.72       775

291 67.8
90 21.0
48 11.2
1707 64.2
642 24.2
309 11.6
(3087, 57) (3087,) (775, 57) (2658,) (2658,)

3 order Label Accuracy: 0.743
[[1645   14   48]
 [ 507  118   17]
 [  95    3  211]]
0.7426636568848759 [0.96367897 0.18380062 0.6828479 ]

 rate=14 and ii =2
Accuracy: 0.778
Macro Precision: 0.861
Macro Recall: 0.617
Macro F1-score: 0.627

[[518   0  11]
 [135  23   3]
 [ 23   0  62]]
              precision    recall  f1-score   support

           0       0.77      0.98      0.86       529
           1       1.00      0.14      0.25       161
           2       0.82      0.73      0.77        85

    accuracy                           0.78       775
   macro avg       0.86      0.62      0.63       775
weighted avg       0.82      0.78      0.72       775

291 67.8
90 21.0
48 11.2
1707 64.2
642 24.2
309 11.6
(3087, 57) (3087,) (775, 57) (2658,) (2658,)

4 order Label Accuracy: 0.743
[[1647   16   44]
 [ 508  119   15]
 [  94    5  210]]
0.7434161023325809 [0.96485062 0.18535826 0.67961165]

 rate=14 and ii =2
Accuracy: 0.777
Macro Precision: 0.848
Macro Recall: 0.619
Macro F1-score: 0.628

[[515   1  11]
 [135  23   3]
 [ 23   0  64]]
              precision    recall  f1-score   support

           0       0.77      0.98      0.86       527
           1       0.96      0.14      0.25       161
           2       0.82      0.74      0.78        87

    accuracy                           0.78       775
   macro avg       0.85      0.62      0.63       775
weighted avg       0.81      0.78      0.72       775

Time(sec):  7.970343300000001
nodes = range(self.m)
range(0, 8)
Graph with 8 nodes and 0 edges
3 430 8
L
[[2 1 1 ... 1 1 1]
 [2 1 2 ... 1 2 2]
 [1 1 1 ... 1 1 1]
 ...
 [1 1 1 ... 1 1 1]
 [1 1 3 ... 3 3 3]
 [2 1 2 ... 1 2 2]]
L_ind
[[0. 1. 0. ... 1. 0. 0.]
 [0. 1. 0. ... 0. 1. 0.]
 [1. 0. 0. ... 1. 0. 0.]
 ...
 [1. 0. 0. ... 1. 0. 0.]
 [1. 0. 0. ... 0. 0. 1.]
 [0. 1. 0. ... 0. 1. 0.]]
3 2657 8
L
[[1 1 1 ... 1 1 1]
 [1 1 1 ... 1 3 3]
 [3 1 1 ... 1 1 1]
 ...
 [1 1 3 ... 3 3 3]
 [1 1 1 ... 3 3 3]
 [1 1 1 ... 3 3 3]]
L_ind
[[1. 0. 0. ... 1. 0. 0.]
 [1. 0. 0. ... 0. 0. 1.]
 [0. 0. 1. ... 1. 0. 0.]
 ...
 [1. 0. 0. ... 0. 0. 1.]
 [1. 0. 0. ... 0. 0. 1.]
 [1. 0. 0. ... 0. 0. 1.]]
278 64.7
103 24.0
49 11.4
1720 64.7
629 23.7
308 11.6
(3087, 57) (3087,) (775, 57) (775,)

 SNO Accuracy: 0.636
[[1173  440  107]
 [ 299  296   34]
 [  34   54  220]]

 rate=14 and ii =3
Accuracy: 0.760
Macro Precision: 0.728
Macro Recall: 0.712
Macro F1-score: 0.720

[[422  63  12]
 [ 84  95   6]
 [ 13   8  72]]
              precision    recall  f1-score   support

           0       0.81      0.85      0.83       497
           1       0.57      0.51      0.54       185
           2       0.80      0.77      0.79        93

    accuracy                           0.76       775
   macro avg       0.73      0.71      0.72       775
weighted avg       0.75      0.76      0.76       775

278 64.7
103 24.0
49 11.4
1720 64.7
629 23.7
308 11.6
(3087, 57) (3087,) (775, 57) (775,)

semi-SelfTrain Label Accuracy: 0.744
[[1642   36   42]
 [ 474  143   12]
 [  75   40  193]]
0.7444486262702296 [0.95465116 0.22734499 0.62662338]

 rate=14 and ii =3
Accuracy: 0.779
Macro Precision: 0.774
Macro Recall: 0.612
Macro F1-score: 0.641

[[513   3   9]
 [125  36   3]
 [ 20  11  55]]
              precision    recall  f1-score   support

         0.0       0.78      0.98      0.87       525
         1.0       0.72      0.22      0.34       164
         2.0       0.82      0.64      0.72        86

    accuracy                           0.78       775
   macro avg       0.77      0.61      0.64       775
weighted avg       0.77      0.78      0.74       775

278 64.7
103 24.0
49 11.4
1720 64.7
629 23.7
308 11.6
(3087, 57) (3087,) (775, 57) (775,)

semi-LabelSpread Label Accuracy: 0.677
[[1720    0    0]
 [ 561   68    0]
 [ 298    0   10]]
0.6767030485509974 [1.         0.10810811 0.03246753]

 rate=14 and ii =3
Accuracy: 0.730
Macro Precision: 0.907
Macro Recall: 0.386
Macro F1-score: 0.375

[[543   0   0]
 [138  21   0]
 [ 71   0   2]]
              precision    recall  f1-score   support

         0.0       0.72      1.00      0.84       543
         1.0       1.00      0.13      0.23       159
         2.0       1.00      0.03      0.05        73

    accuracy                           0.73       775
   macro avg       0.91      0.39      0.38       775
weighted avg       0.81      0.73      0.64       775

278 64.7
103 24.0
49 11.4
1720 64.7
629 23.7
308 11.6
(3087, 57) (3087,) (775, 57) (2657,) (2657,)

2 order Label Accuracy: 0.713
[[1520  158   42]
 [ 432  177   20]
 [  74   36  198]]
0.7132103876552502 [0.88372093 0.28139905 0.64285714]

 rate=14 and ii =3
Accuracy: 0.788
Macro Precision: 0.787
Macro Recall: 0.646
Macro F1-score: 0.683

[[501  13   7]
 [112  51   3]
 [ 22   7  59]]
              precision    recall  f1-score   support

           0       0.79      0.96      0.87       521
           1       0.72      0.31      0.43       166
           2       0.86      0.67      0.75        88

    accuracy                           0.79       775
   macro avg       0.79      0.65      0.68       775
weighted avg       0.78      0.79      0.76       775

278 64.7
103 24.0
49 11.4
1720 64.7
629 23.7
308 11.6
(3087, 57) (3087,) (775, 57) (2657,) (2657,)

3 order Label Accuracy: 0.643
[[1415  276   29]
 [ 482  140    7]
 [ 113   42  153]]
0.6428302596913813 [0.82267442 0.22257552 0.49675325]

 rate=14 and ii =3
Accuracy: 0.779
Macro Precision: 0.822
Macro Recall: 0.602
Macro F1-score: 0.654

[[513  10   2]
 [123  45   0]
 [ 30   6  46]]
              precision    recall  f1-score   support

           0       0.77      0.98      0.86       525
           1       0.74      0.27      0.39       168
           2       0.96      0.56      0.71        82

    accuracy                           0.78       775
   macro avg       0.82      0.60      0.65       775
weighted avg       0.78      0.78      0.74       775

278 64.7
103 24.0
49 11.4
1720 64.7
629 23.7
308 11.6
(3087, 57) (3087,) (775, 57) (2657,) (2657,)

4 order Label Accuracy: 0.635
[[1443  148  129]
 [ 469  130   30]
 [ 139   56  113]]
0.6345502446368084 [0.83895349 0.20667727 0.36688312]

 rate=14 and ii =3
Accuracy: 0.768
Macro Precision: 0.815
Macro Recall: 0.539
Macro F1-score: 0.589

[[524   4   1]
 [122  40   3]
 [ 44   6  31]]
              precision    recall  f1-score   support

           0       0.76      0.99      0.86       529
           1       0.80      0.24      0.37       165
           2       0.89      0.38      0.53        81

    accuracy                           0.77       775
   macro avg       0.82      0.54      0.59       775
weighted avg       0.78      0.77      0.72       775

Time(sec):  7.5159061
nodes = range(self.m)
range(0, 8)
Graph with 8 nodes and 0 edges
3 431 8
L
[[1 1 1 ... 1 1 1]
 [1 1 2 ... 1 2 2]
 [1 1 2 ... 1 2 2]
 ...
 [2 1 2 ... 1 2 2]
 [1 3 2 ... 1 2 2]
 [1 1 3 ... 3 3 3]]
L_ind
[[1. 0. 0. ... 1. 0. 0.]
 [1. 0. 0. ... 0. 1. 0.]
 [1. 0. 0. ... 0. 1. 0.]
 ...
 [0. 1. 0. ... 0. 1. 0.]
 [1. 0. 0. ... 0. 1. 0.]
 [1. 0. 0. ... 0. 0. 1.]]
3 2656 8
L
[[2 1 1 ... 1 1 1]
 [1 1 1 ... 1 1 1]
 [1 1 1 ... 1 1 3]
 ...
 [1 1 3 ... 3 3 3]
 [1 1 1 ... 3 3 3]
 [1 1 1 ... 3 3 3]]
L_ind
[[0. 1. 0. ... 1. 0. 0.]
 [1. 0. 0. ... 1. 0. 0.]
 [1. 0. 0. ... 0. 0. 1.]
 ...
 [1. 0. 0. ... 0. 0. 1.]
 [1. 0. 0. ... 0. 0. 1.]
 [1. 0. 0. ... 0. 0. 1.]]
278 64.5
111 25.8
42 9.7
1720 64.8
621 23.4
315 11.9
(3087, 57) (3087,) (775, 57) (775,)

 SNO Accuracy: 0.616
[[1088  400  232]
 [ 265  287   69]
 [  23   30  262]]

 rate=14 and ii =4
Accuracy: 0.742
Macro Precision: 0.685
Macro Recall: 0.735
Macro F1-score: 0.705

[[388  72  33]
 [ 69 106  12]
 [  9   5  81]]
              precision    recall  f1-score   support

           0       0.83      0.79      0.81       493
           1       0.58      0.57      0.57       187
           2       0.64      0.85      0.73        95

    accuracy                           0.74       775
   macro avg       0.68      0.74      0.71       775
weighted avg       0.75      0.74      0.74       775

278 64.5
111 25.8
42 9.7
1720 64.8
621 23.4
315 11.9
(3087, 57) (3087,) (775, 57) (775,)

semi-SelfTrain Label Accuracy: 0.739
[[1655   12   53]
 [ 509   85   27]
 [  90    2  223]]
0.7390813253012049 [0.9622093  0.13687601 0.70793651]

 rate=14 and ii =4
Accuracy: 0.773
Macro Precision: 0.810
Macro Recall: 0.616
Macro F1-score: 0.619

[[512   3  13]
 [132  22   5]
 [ 23   0  65]]
              precision    recall  f1-score   support

         0.0       0.77      0.97      0.86       528
         1.0       0.88      0.14      0.24       159
         2.0       0.78      0.74      0.76        88

    accuracy                           0.77       775
   macro avg       0.81      0.62      0.62       775
weighted avg       0.79      0.77      0.72       775

278 64.5
111 25.8
42 9.7
1720 64.8
621 23.4
315 11.9
(3087, 57) (3087,) (775, 57) (775,)

semi-LabelSpread Label Accuracy: 0.677
[[1720    0    0]
 [ 552   69    0]
 [ 305    0   10]]
0.6773343373493976 [1.         0.11111111 0.03174603]

 rate=14 and ii =4
Accuracy: 0.730
Macro Precision: 0.908
Macro Recall: 0.380
Macro F1-score: 0.364

[[545   0   0]
 [138  20   0]
 [ 71   0   1]]
              precision    recall  f1-score   support

         0.0       0.72      1.00      0.84       545
         1.0       1.00      0.13      0.22       158
         2.0       1.00      0.01      0.03        72

    accuracy                           0.73       775
   macro avg       0.91      0.38      0.36       775
weighted avg       0.81      0.73      0.64       775

278 64.5
111 25.8
42 9.7
1720 64.8
621 23.4
315 11.9
(3087, 57) (3087,) (775, 57) (2656,) (2656,)

2 order Label Accuracy: 0.730
[[1594   86   40]
 [ 465  135   21]
 [  95    9  211]]
0.7304216867469879 [0.92674419 0.2173913  0.66984127]

 rate=14 and ii =4
Accuracy: 0.795
Macro Precision: 0.821
Macro Recall: 0.653
Macro F1-score: 0.681

[[513   8   7]
 [119  39   3]
 [ 21   1  64]]
              precision    recall  f1-score   support

           0       0.79      0.97      0.87       528
           1       0.81      0.24      0.37       161
           2       0.86      0.74      0.80        86

    accuracy                           0.79       775
   macro avg       0.82      0.65      0.68       775
weighted avg       0.80      0.79      0.76       775

278 64.5
111 25.8
42 9.7
1720 64.8
621 23.4
315 11.9
(3087, 57) (3087,) (775, 57) (2656,) (2656,)

3 order Label Accuracy: 0.665
[[1572  143    5]
 [ 464  153    4]
 [ 247   27   41]]
0.6649096385542169 [0.91395349 0.24637681 0.13015873]

 rate=14 and ii =4
Accuracy: 0.738
Macro Precision: 0.821
Macro Recall: 0.426
Macro F1-score: 0.439

[[530  10   0]
 [125  37   0]
 [ 64   4   5]]
              precision    recall  f1-score   support

           0       0.74      0.98      0.84       540
           1       0.73      0.23      0.35       162
           2       1.00      0.07      0.13        73

    accuracy                           0.74       775
   macro avg       0.82      0.43      0.44       775
weighted avg       0.76      0.74      0.67       775

278 64.5
111 25.8
42 9.7
1720 64.8
621 23.4
315 11.9
(3087, 57) (3087,) (775, 57) (2656,) (2656,)

4 order Label Accuracy: 0.653
[[1578  116   26]
 [ 481  131    9]
 [ 246   43   26]]
0.6532379518072289 [0.91744186 0.21095008 0.08253968]

 rate=14 and ii =4
Accuracy: 0.721
Macro Precision: 0.558
Macro Recall: 0.398
Macro F1-score: 0.393

[[526  11   2]
 [129  31   3]
 [ 66   5   2]]
              precision    recall  f1-score   support

           0       0.73      0.98      0.83       539
           1       0.66      0.19      0.30       163
           2       0.29      0.03      0.05        73

    accuracy                           0.72       775
   macro avg       0.56      0.40      0.39       775
weighted avg       0.67      0.72      0.65       775

Time(sec):  8.1851217
nodes = range(self.m)
range(0, 8)
Graph with 8 nodes and 0 edges
3 430 8
L
[[2 1 2 ... 1 2 2]
 [1 1 3 ... 1 3 3]
 [3 3 3 ... 1 3 3]
 ...
 [3 1 3 ... 1 3 3]
 [1 1 1 ... 1 1 1]
 [1 3 2 ... 1 2 2]]
L_ind
[[0. 1. 0. ... 0. 1. 0.]
 [1. 0. 0. ... 0. 0. 1.]
 [0. 0. 1. ... 0. 0. 1.]
 ...
 [0. 0. 1. ... 0. 0. 1.]
 [1. 0. 0. ... 1. 0. 0.]
 [1. 0. 0. ... 0. 1. 0.]]
3 2657 8
L
[[2 1 3 ... 1 1 1]
 [1 1 1 ... 1 1 2]
 [1 1 1 ... 1 1 1]
 ...
 [1 1 3 ... 1 1 3]
 [1 1 1 ... 3 3 3]
 [2 1 2 ... 3 3 3]]
L_ind
[[0. 1. 0. ... 1. 0. 0.]
 [1. 0. 0. ... 0. 1. 0.]
 [1. 0. 0. ... 1. 0. 0.]
 ...
 [1. 0. 0. ... 0. 0. 1.]
 [1. 0. 0. ... 0. 0. 1.]
 [0. 1. 0. ... 0. 0. 1.]]
276 64.2
104 24.2
50 11.6
1722 64.8
628 23.6
307 11.6
(3087, 57) (3087,) (775, 57) (775,)

 SNO Accuracy: 0.625
[[1128  420  174]
 [ 290  289   49]
 [  39   25  243]]

 rate=14 and ii =5
Accuracy: 0.761
Macro Precision: 0.715
Macro Recall: 0.706
Macro F1-score: 0.707

[[435  50  18]
 [ 92  80   7]
 [ 12   6  75]]
              precision    recall  f1-score   support

           0       0.81      0.86      0.83       503
           1       0.59      0.45      0.51       179
           2       0.75      0.81      0.78        93

    accuracy                           0.76       775
   macro avg       0.72      0.71      0.71       775
weighted avg       0.75      0.76      0.75       775

276 64.2
104 24.2
50 11.6
1722 64.8
628 23.6
307 11.6
(3087, 57) (3087,) (775, 57) (775,)

semi-SelfTrain Label Accuracy: 0.735
[[1630   22   70]
 [ 502  102   24]
 [  86    1  220]]
0.7346631539330072 [0.94657375 0.16242038 0.71661238]

 rate=14 and ii =5
Accuracy: 0.785
Macro Precision: 0.858
Macro Recall: 0.642
Macro F1-score: 0.639

[[514   0  13]
 [132  23   5]
 [ 17   0  71]]
              precision    recall  f1-score   support

         0.0       0.78      0.98      0.86       527
         1.0       1.00      0.14      0.25       160
         2.0       0.80      0.81      0.80        88

    accuracy                           0.78       775
   macro avg       0.86      0.64      0.64       775
weighted avg       0.82      0.78      0.73       775

276 64.2
104 24.2
50 11.6
1722 64.8
628 23.6
307 11.6
(3087, 57) (3087,) (775, 57) (775,)

semi-LabelSpread Label Accuracy: 0.681
[[1722    0    0]
 [ 545   83    0]
 [ 302    0    5]]
0.6812194203989462 [1.         0.13216561 0.01628664]

 rate=14 and ii =5
Accuracy: 0.732
Macro Precision: 0.908
Macro Recall: 0.395
Macro F1-score: 0.392

[[542   0   0]
 [138  21   0]
 [ 70   0   4]]
              precision    recall  f1-score   support

         0.0       0.72      1.00      0.84       542
         1.0       1.00      0.13      0.23       159
         2.0       1.00      0.05      0.10        74

    accuracy                           0.73       775
   macro avg       0.91      0.40      0.39       775
weighted avg       0.81      0.73      0.64       775

276 64.2
104 24.2
50 11.6
1722 64.8
628 23.6
307 11.6
(3087, 57) (3087,) (775, 57) (2657,) (2657,)

2 order Label Accuracy: 0.747
[[1637   47   38]
 [ 481  131   16]
 [  85    5  217]]
0.7470831765148664 [0.95063879 0.20859873 0.70684039]

 rate=14 and ii =5
Accuracy: 0.797
Macro Precision: 0.877
Macro Recall: 0.652
Macro F1-score: 0.673

[[520   1   6]
 [128  31   3]
 [ 19   0  67]]
              precision    recall  f1-score   support

           0       0.78      0.99      0.87       527
           1       0.97      0.19      0.32       162
           2       0.88      0.78      0.83        86

    accuracy                           0.80       775
   macro avg       0.88      0.65      0.67       775
weighted avg       0.83      0.80      0.75       775

276 64.2
104 24.2
50 11.6
1722 64.8
628 23.6
307 11.6
(3087, 57) (3087,) (775, 57) (2657,) (2657,)

3 order Label Accuracy: 0.746
[[1635   50   37]
 [ 481  131   16]
 [  84    6  217]]
0.7463304478735416 [0.94947735 0.20859873 0.70684039]

 rate=14 and ii =5
Accuracy: 0.794
Macro Precision: 0.871
Macro Recall: 0.647
Macro F1-score: 0.667

[[518   1   7]
 [129  31   3]
 [ 20   0  66]]
              precision    recall  f1-score   support

           0       0.78      0.98      0.87       526
           1       0.97      0.19      0.32       163
           2       0.87      0.77      0.81        86

    accuracy                           0.79       775
   macro avg       0.87      0.65      0.67       775
weighted avg       0.83      0.79      0.75       775

276 64.2
104 24.2
50 11.6
1722 64.8
628 23.6
307 11.6
(3087, 57) (3087,) (775, 57) (2657,) (2657,)

4 order Label Accuracy: 0.749
[[1644   44   34]
 [ 481  128   19]
 [  84    4  219]]
0.7493413624388408 [0.95470383 0.20382166 0.71335505]

 rate=14 and ii =5
Accuracy: 0.795
Macro Precision: 0.878
Macro Recall: 0.643
Macro F1-score: 0.669

[[520   1   6]
 [128  32   2]
 [ 22   0  64]]
              precision    recall  f1-score   support

           0       0.78      0.99      0.87       527
           1       0.97      0.20      0.33       162
           2       0.89      0.74      0.81        86

    accuracy                           0.79       775
   macro avg       0.88      0.64      0.67       775
weighted avg       0.83      0.79      0.75       775

Time(sec):  7.788672099999999
nodes = range(self.m)
range(0, 8)
Graph with 8 nodes and 0 edges
3 430 8
L
[[2 1 2 ... 1 2 2]
 [2 1 1 ... 1 1 1]
 [1 1 2 ... 1 2 2]
 ...
 [1 3 2 ... 1 2 2]
 [1 1 2 ... 1 2 2]
 [1 3 2 ... 1 2 2]]
L_ind
[[0. 1. 0. ... 0. 1. 0.]
 [0. 1. 0. ... 1. 0. 0.]
 [1. 0. 0. ... 0. 1. 0.]
 ...
 [1. 0. 0. ... 0. 1. 0.]
 [1. 0. 0. ... 0. 1. 0.]
 [1. 0. 0. ... 0. 1. 0.]]
3 2657 8
L
[[2 1 1 ... 1 1 1]
 [1 1 2 ... 1 1 1]
 [1 1 1 ... 1 1 1]
 ...
 [1 1 3 ... 1 3 3]
 [1 1 1 ... 1 3 3]
 [1 1 1 ... 1 3 3]]
L_ind
[[0. 1. 0. ... 1. 0. 0.]
 [1. 0. 0. ... 1. 0. 0.]
 [1. 0. 0. ... 1. 0. 0.]
 ...
 [1. 0. 0. ... 0. 0. 1.]
 [1. 0. 0. ... 0. 0. 1.]
 [1. 0. 0. ... 0. 0. 1.]]
281 65.3
103 24.0
46 10.7
1717 64.6
629 23.7
311 11.7
(3087, 57) (3087,) (775, 57) (775,)

 SNO Accuracy: 0.653
[[1234  357  126]
 [ 323  253   53]
 [  39   25  247]]

 rate=14 and ii =6
Accuracy: 0.788
Macro Precision: 0.754
Macro Recall: 0.711
Macro F1-score: 0.715

[[467  26  15]
 [ 96  67  11]
 [ 14   2  77]]
              precision    recall  f1-score   support

           0       0.81      0.92      0.86       508
           1       0.71      0.39      0.50       174
           2       0.75      0.83      0.79        93

    accuracy                           0.79       775
   macro avg       0.75      0.71      0.71       775
weighted avg       0.78      0.79      0.77       775

281 65.3
103 24.0
46 10.7
1717 64.6
629 23.7
311 11.7
(3087, 57) (3087,) (775, 57) (775,)

semi-SelfTrain Label Accuracy: 0.749
[[1662    9   46]
 [ 489  116   24]
 [  96    2  213]]
0.7493413624388408 [0.96796738 0.18441971 0.68488746]

 rate=14 and ii =6
Accuracy: 0.790
Macro Precision: 0.855
Macro Recall: 0.641
Macro F1-score: 0.656

[[518   2   7]
 [130  28   4]
 [ 20   0  66]]
              precision    recall  f1-score   support

         0.0       0.78      0.98      0.87       527
         1.0       0.93      0.17      0.29       162
         2.0       0.86      0.77      0.81        86

    accuracy                           0.79       775
   macro avg       0.86      0.64      0.66       775
weighted avg       0.82      0.79      0.74       775

281 65.3
103 24.0
46 10.7
1717 64.6
629 23.7
311 11.7
(3087, 57) (3087,) (775, 57) (775,)

semi-LabelSpread Label Accuracy: 0.678
[[1717    0    0]
 [ 551   78    0]
 [ 304    0    7]]
0.678208505833647 [1.         0.12400636 0.02250804]

 rate=14 and ii =6
Accuracy: 0.734
Macro Precision: 0.908
Macro Recall: 0.398
Macro F1-score: 0.396

[[543   0   0]
 [138  22   0]
 [ 68   0   4]]
              precision    recall  f1-score   support

         0.0       0.72      1.00      0.84       543
         1.0       1.00      0.14      0.24       160
         2.0       1.00      0.06      0.11        72

    accuracy                           0.73       775
   macro avg       0.91      0.40      0.40       775
weighted avg       0.81      0.73      0.65       775

281 65.3
103 24.0
46 10.7
1717 64.6
629 23.7
311 11.7
(3087, 57) (3087,) (775, 57) (2657,) (2657,)

2 order Label Accuracy: 0.756
[[1631   50   36]
 [ 448  162   19]
 [  92    4  215]]
0.7557395558901017 [0.94991264 0.25755167 0.69131833]

 rate=14 and ii =6
Accuracy: 0.800
Macro Precision: 0.846
Macro Recall: 0.654
Macro F1-score: 0.685

[[516   3   8]
 [116  43   4]
 [ 23   1  61]]
              precision    recall  f1-score   support

           0       0.79      0.98      0.87       527
           1       0.91      0.26      0.41       163
           2       0.84      0.72      0.77        85

    accuracy                           0.80       775
   macro avg       0.85      0.65      0.68       775
weighted avg       0.82      0.80      0.76       775

281 65.3
103 24.0
46 10.7
1717 64.6
629 23.7
311 11.7
(3087, 57) (3087,) (775, 57) (2657,) (2657,)

3 order Label Accuracy: 0.756
[[1633   51   33]
 [ 448  165   16]
 [  94    6  211]]
0.756115920210764 [0.95107746 0.26232114 0.67845659]

 rate=14 and ii =6
Accuracy: 0.803
Macro Precision: 0.854
Macro Recall: 0.658
Macro F1-score: 0.691

[[516   3   8]
 [114  45   4]
 [ 24   0  61]]
              precision    recall  f1-score   support

           0       0.79      0.98      0.87       527
           1       0.94      0.28      0.43       163
           2       0.84      0.72      0.77        85

    accuracy                           0.80       775
   macro avg       0.85      0.66      0.69       775
weighted avg       0.83      0.80      0.77       775

281 65.3
103 24.0
46 10.7
1717 64.6
629 23.7
311 11.7
(3087, 57) (3087,) (775, 57) (2657,) (2657,)

4 order Label Accuracy: 0.754
[[1633   53   31]
 [ 449  165   15]
 [  96   10  205]]
0.7538577342867896 [0.95107746 0.26232114 0.65916399]

 rate=14 and ii =6
Accuracy: 0.799
Macro Precision: 0.845
Macro Recall: 0.648
Macro F1-score: 0.682

[[516   3   8]
 [115  44   4]
 [ 25   1  59]]
              precision    recall  f1-score   support

           0       0.79      0.98      0.87       527
           1       0.92      0.27      0.42       163
           2       0.83      0.69      0.76        85

    accuracy                           0.80       775
   macro avg       0.84      0.65      0.68       775
weighted avg       0.82      0.80      0.76       775

Time(sec):  8.0805623
nodes = range(self.m)
range(0, 8)
Graph with 8 nodes and 0 edges
3 431 8
L
[[1 1 3 ... 2 3 3]
 [2 1 2 ... 1 2 2]
 [1 1 3 ... 1 3 3]
 ...
 [3 3 3 ... 3 3 3]
 [1 1 3 ... 1 3 3]
 [1 1 3 ... 1 3 3]]
L_ind
[[1. 0. 0. ... 0. 0. 1.]
 [0. 1. 0. ... 0. 1. 0.]
 [1. 0. 0. ... 0. 0. 1.]
 ...
 [0. 0. 1. ... 0. 0. 1.]
 [1. 0. 0. ... 0. 0. 1.]
 [1. 0. 0. ... 0. 0. 1.]]
3 2656 8
L
[[1 1 1 ... 1 1 1]
 [1 1 1 ... 1 1 1]
 [1 1 1 ... 1 2 1]
 ...
 [1 1 3 ... 1 1 3]
 [1 1 1 ... 3 3 3]
 [1 1 1 ... 3 3 3]]
L_ind
[[1. 0. 0. ... 1. 0. 0.]
 [1. 0. 0. ... 1. 0. 0.]
 [1. 0. 0. ... 1. 0. 0.]
 ...
 [1. 0. 0. ... 0. 0. 1.]
 [1. 0. 0. ... 0. 0. 1.]
 [1. 0. 0. ... 0. 0. 1.]]
280 65.0
104 24.1
47 10.9
1718 64.7
628 23.6
310 11.7
(3087, 57) (3087,) (775, 57) (775,)

 SNO Accuracy: 0.608
[[1105  401  212]
 [ 307  264   57]
 [  37   26  247]]

 rate=14 and ii =7
Accuracy: 0.741
Macro Precision: 0.675
Macro Recall: 0.711
Macro F1-score: 0.684

[[408  53  35]
 [ 85  78  15]
 [  8   5  88]]
              precision    recall  f1-score   support

           0       0.81      0.82      0.82       496
           1       0.57      0.44      0.50       178
           2       0.64      0.87      0.74       101

    accuracy                           0.74       775
   macro avg       0.68      0.71      0.68       775
weighted avg       0.74      0.74      0.73       775

280 65.0
104 24.1
47 10.9
1718 64.7
628 23.6
310 11.7
(3087, 57) (3087,) (775, 57) (775,)

semi-SelfTrain Label Accuracy: 0.730
[[1658   14   46]
 [ 528   77   23]
 [ 102    5  203]]
0.7296686746987951 [0.96507567 0.12261146 0.65483871]

 rate=14 and ii =7
Accuracy: 0.775
Macro Precision: 0.795
Macro Recall: 0.611
Macro F1-score: 0.629

[[517   5   9]
 [132  26   3]
 [ 23   2  58]]
              precision    recall  f1-score   support

         0.0       0.77      0.97      0.86       531
         1.0       0.79      0.16      0.27       161
         2.0       0.83      0.70      0.76        83

    accuracy                           0.78       775
   macro avg       0.80      0.61      0.63       775
weighted avg       0.78      0.78      0.73       775

280 65.0
104 24.1
47 10.9
1718 64.7
628 23.6
310 11.7
(3087, 57) (3087,) (775, 57) (775,)

semi-LabelSpread Label Accuracy: 0.674
[[1718    0    0]
 [ 564   64    0]
 [ 301    0    9]]
0.6743222891566265 [1.         0.10191083 0.02903226]

 rate=14 and ii =7
Accuracy: 0.734
Macro Precision: 0.908
Macro Recall: 0.397
Macro F1-score: 0.393

[[542   0   0]
 [136  24   0]
 [ 70   0   3]]
              precision    recall  f1-score   support

         0.0       0.72      1.00      0.84       542
         1.0       1.00      0.15      0.26       160
         2.0       1.00      0.04      0.08        73

    accuracy                           0.73       775
   macro avg       0.91      0.40      0.39       775
weighted avg       0.81      0.73      0.65       775

280 65.0
104 24.1
47 10.9
1718 64.7
628 23.6
310 11.7
(3087, 57) (3087,) (775, 57) (2656,) (2656,)

2 order Label Accuracy: 0.739
[[1628   57   33]
 [ 466  141   21]
 [ 104   12  194]]
0.7390813253012049 [0.9476135  0.22452229 0.62580645]

 rate=14 and ii =7
Accuracy: 0.800
Macro Precision: 0.846
Macro Recall: 0.646
Macro F1-score: 0.685

[[519   4   5]
 [118  43   2]
 [ 23   3  58]]
              precision    recall  f1-score   support

           0       0.79      0.98      0.87       528
           1       0.86      0.26      0.40       163
           2       0.89      0.69      0.78        84

    accuracy                           0.80       775
   macro avg       0.85      0.65      0.69       775
weighted avg       0.81      0.80      0.76       775

280 65.0
104 24.1
47 10.9
1718 64.7
628 23.6
310 11.7
(3087, 57) (3087,) (775, 57) (2656,) (2656,)

3 order Label Accuracy: 0.741
[[1631   55   32]
 [ 467  143   18]
 [ 104   11  195]]
0.7413403614457831 [0.94935972 0.22770701 0.62903226]

 rate=14 and ii =7
Accuracy: 0.797
Macro Precision: 0.841
Macro Recall: 0.641
Macro F1-score: 0.681

[[518   4   6]
 [118  44   2]
 [ 24   3  56]]
              precision    recall  f1-score   support

           0       0.78      0.98      0.87       528
           1       0.86      0.27      0.41       164
           2       0.88      0.67      0.76        83

    accuracy                           0.80       775
   macro avg       0.84      0.64      0.68       775
weighted avg       0.81      0.80      0.76       775

280 65.0
104 24.1
47 10.9
1718 64.7
628 23.6
310 11.7
(3087, 57) (3087,) (775, 57) (2656,) (2656,)

4 order Label Accuracy: 0.740
[[1631   56   31]
 [ 467  143   18]
 [ 105   13  192]]
0.740210843373494 [0.94935972 0.22770701 0.61935484]

 rate=14 and ii =7
Accuracy: 0.797
Macro Precision: 0.840
Macro Recall: 0.640
Macro F1-score: 0.679

[[519   4   6]
 [118  43   2]
 [ 24   3  56]]
              precision    recall  f1-score   support

           0       0.79      0.98      0.87       529
           1       0.86      0.26      0.40       163
           2       0.88      0.67      0.76        83

    accuracy                           0.80       775
   macro avg       0.84      0.64      0.68       775
weighted avg       0.81      0.80      0.76       775

Time(sec):  7.7223128
nodes = range(self.m)
range(0, 8)
Graph with 8 nodes and 0 edges
3 430 8
L
[[1 1 1 ... 1 1 1]
 [1 1 1 ... 1 1 1]
 [1 1 1 ... 1 1 1]
 ...
 [2 1 2 ... 1 2 2]
 [3 1 3 ... 1 3 3]
 [2 1 1 ... 1 1 1]]
L_ind
[[1. 0. 0. ... 1. 0. 0.]
 [1. 0. 0. ... 1. 0. 0.]
 [1. 0. 0. ... 1. 0. 0.]
 ...
 [0. 1. 0. ... 0. 1. 0.]
 [0. 0. 1. ... 0. 0. 1.]
 [0. 1. 0. ... 1. 0. 0.]]
3 2657 8
L
[[2 1 1 ... 1 1 2]
 [1 1 1 ... 1 2 1]
 [1 1 1 ... 1 1 3]
 ...
 [1 1 3 ... 1 3 1]
 [1 1 1 ... 1 3 3]
 [1 1 1 ... 1 3 3]]
L_ind
[[0. 1. 0. ... 0. 1. 0.]
 [1. 0. 0. ... 1. 0. 0.]
 [1. 0. 0. ... 0. 0. 1.]
 ...
 [1. 0. 0. ... 1. 0. 0.]
 [1. 0. 0. ... 0. 0. 1.]
 [1. 0. 0. ... 0. 0. 1.]]
279 64.9
99 23.0
52 12.1
1719 64.7
633 23.8
305 11.5
(3087, 57) (3087,) (775, 57) (775,)

 SNO Accuracy: 0.638
[[1214  352  153]
 [ 332  245   56]
 [  40   30  235]]

 rate=14 and ii =8
Accuracy: 0.768
Macro Precision: 0.712
Macro Recall: 0.713
Macro F1-score: 0.707

[[437  46  21]
 [ 84  81  11]
 [ 12   6  77]]
              precision    recall  f1-score   support

           0       0.82      0.87      0.84       504
           1       0.61      0.46      0.52       176
           2       0.71      0.81      0.75        95

    accuracy                           0.77       775
   macro avg       0.71      0.71      0.71       775
weighted avg       0.76      0.77      0.76       775

279 64.9
99 23.0
52 12.1
1719 64.7
633 23.8
305 11.5
(3087, 57) (3087,) (775, 57) (775,)

semi-SelfTrain Label Accuracy: 0.728
[[1653   13   53]
 [ 531   71   31]
 [  95    1  209]]
0.7275122318404216 [0.96160558 0.1121643  0.6852459 ]

 rate=14 and ii =8
Accuracy: 0.785
Macro Precision: 0.812
Macro Recall: 0.634
Macro F1-score: 0.645

[[515   5  10]
 [126  27   5]
 [ 21   0  66]]
              precision    recall  f1-score   support

         0.0       0.78      0.97      0.86       530
         1.0       0.84      0.17      0.28       158
         2.0       0.81      0.76      0.79        87

    accuracy                           0.78       775
   macro avg       0.81      0.63      0.64       775
weighted avg       0.80      0.78      0.74       775

279 64.9
99 23.0
52 12.1
1719 64.7
633 23.8
305 11.5
(3087, 57) (3087,) (775, 57) (775,)

semi-LabelSpread Label Accuracy: 0.671
[[1719    0    0]
 [ 576   57    0]
 [ 297    0    8]]
0.6714339480617237 [1.         0.09004739 0.02622951]

 rate=14 and ii =8
Accuracy: 0.741
Macro Precision: 0.910
Macro Recall: 0.407
Macro F1-score: 0.413

[[545   0   0]
 [133  24   0]
 [ 68   0   5]]
              precision    recall  f1-score   support

         0.0       0.73      1.00      0.84       545
         1.0       1.00      0.15      0.27       157
         2.0       1.00      0.07      0.13        73

    accuracy                           0.74       775
   macro avg       0.91      0.41      0.41       775
weighted avg       0.81      0.74      0.66       775

279 64.9
99 23.0
52 12.1
1719 64.7
633 23.8
305 11.5
(3087, 57) (3086,) (775, 57) (2657,) (2656,)
nodes = range(self.m)
range(0, 8)
Graph with 8 nodes and 0 edges
3 430 8
L
[[1 1 1 ... 1 1 1]
 [1 1 1 ... 1 1 1]
 [1 1 1 ... 1 1 1]
 ...
 [2 1 2 ... 1 2 2]
 [3 1 3 ... 1 3 3]
 [2 1 1 ... 1 1 1]]
L_ind
[[1. 0. 0. ... 1. 0. 0.]
 [1. 0. 0. ... 1. 0. 0.]
 [1. 0. 0. ... 1. 0. 0.]
 ...
 [0. 1. 0. ... 0. 1. 0.]
 [0. 0. 1. ... 0. 0. 1.]
 [0. 1. 0. ... 1. 0. 0.]]
3 2657 8
L
[[2 1 1 ... 1 1 2]
 [1 1 1 ... 1 2 1]
 [1 1 1 ... 1 1 3]
 ...
 [1 1 3 ... 1 3 1]
 [1 1 1 ... 1 3 3]
 [1 1 1 ... 1 3 3]]
L_ind
[[0. 1. 0. ... 0. 1. 0.]
 [1. 0. 0. ... 1. 0. 0.]
 [1. 0. 0. ... 0. 0. 1.]
 ...
 [1. 0. 0. ... 1. 0. 0.]
 [1. 0. 0. ... 0. 0. 1.]
 [1. 0. 0. ... 0. 0. 1.]]
279 64.9
99 23.0
52 12.1
1719 64.7
633 23.8
305 11.5
(3087, 57) (3087,) (775, 57) (775,)

 SNO Accuracy: 0.638
[[1214  352  153]
 [ 332  245   56]
 [  40   30  235]]

 rate=14 and ii =8
Accuracy: 0.768
Macro Precision: 0.712
Macro Recall: 0.713
Macro F1-score: 0.707

[[437  46  21]
 [ 84  81  11]
 [ 12   6  77]]
              precision    recall  f1-score   support

           0       0.82      0.87      0.84       504
           1       0.61      0.46      0.52       176
           2       0.71      0.81      0.75        95

    accuracy                           0.77       775
   macro avg       0.71      0.71      0.71       775
weighted avg       0.76      0.77      0.76       775

279 64.9
99 23.0
52 12.1
1719 64.7
633 23.8
305 11.5
(3087, 57) (3087,) (775, 57) (775,)

semi-SelfTrain Label Accuracy: 0.728
[[1653   13   53]
 [ 531   71   31]
 [  95    1  209]]
0.7275122318404216 [0.96160558 0.1121643  0.6852459 ]

 rate=14 and ii =8
Accuracy: 0.785
Macro Precision: 0.812
Macro Recall: 0.634
Macro F1-score: 0.645

[[515   5  10]
 [126  27   5]
 [ 21   0  66]]
              precision    recall  f1-score   support

         0.0       0.78      0.97      0.86       530
         1.0       0.84      0.17      0.28       158
         2.0       0.81      0.76      0.79        87

    accuracy                           0.78       775
   macro avg       0.81      0.63      0.64       775
weighted avg       0.80      0.78      0.74       775

279 64.9
99 23.0
52 12.1
1719 64.7
633 23.8
305 11.5
(3087, 57) (3087,) (775, 57) (775,)

semi-LabelSpread Label Accuracy: 0.671
[[1719    0    0]
 [ 576   57    0]
 [ 297    0    8]]
0.6714339480617237 [1.         0.09004739 0.02622951]

 rate=14 and ii =8
Accuracy: 0.741
Macro Precision: 0.910
Macro Recall: 0.407
Macro F1-score: 0.413

[[545   0   0]
 [133  24   0]
 [ 68   0   5]]
              precision    recall  f1-score   support

         0.0       0.73      1.00      0.84       545
         1.0       1.00      0.15      0.27       157
         2.0       1.00      0.07      0.13        73

    accuracy                           0.74       775
   macro avg       0.91      0.41      0.41       775
weighted avg       0.81      0.74      0.66       775

279 64.9
99 23.0
52 12.1
1719 64.7
633 23.8
305 11.5
(3087, 57) (3086,) (775, 57) (2657,) (2656,)
nodes = range(self.m)
range(0, 8)
Graph with 8 nodes and 0 edges
3 430 8
L
[[1 1 1 ... 1 1 1]
 [1 1 1 ... 1 1 1]
 [1 1 1 ... 1 1 1]
 ...
 [2 1 2 ... 1 2 2]
 [3 1 3 ... 1 3 3]
 [2 1 1 ... 1 1 1]]
L_ind
[[1. 0. 0. ... 1. 0. 0.]
 [1. 0. 0. ... 1. 0. 0.]
 [1. 0. 0. ... 1. 0. 0.]
 ...
 [0. 1. 0. ... 0. 1. 0.]
 [0. 0. 1. ... 0. 0. 1.]
 [0. 1. 0. ... 1. 0. 0.]]
3 2657 8
L
[[2 1 1 ... 1 1 2]
 [1 1 1 ... 1 2 1]
 [1 1 1 ... 1 1 3]
 ...
 [1 1 3 ... 1 3 1]
 [1 1 1 ... 1 3 3]
 [1 1 1 ... 1 3 3]]
L_ind
[[0. 1. 0. ... 0. 1. 0.]
 [1. 0. 0. ... 1. 0. 0.]
 [1. 0. 0. ... 0. 0. 1.]
 ...
 [1. 0. 0. ... 1. 0. 0.]
 [1. 0. 0. ... 0. 0. 1.]
 [1. 0. 0. ... 0. 0. 1.]]
279 64.9
99 23.0
52 12.1
1719 64.7
633 23.8
305 11.5
(3087, 57) (3087,) (775, 57) (775,)

 SNO Accuracy: 0.638
[[1214  352  153]
 [ 332  245   56]
 [  40   30  235]]

 rate=14 and ii =8
Accuracy: 0.768
Macro Precision: 0.712
Macro Recall: 0.713
Macro F1-score: 0.707

[[437  46  21]
 [ 84  81  11]
 [ 12   6  77]]
              precision    recall  f1-score   support

           0       0.82      0.87      0.84       504
           1       0.61      0.46      0.52       176
           2       0.71      0.81      0.75        95

    accuracy                           0.77       775
   macro avg       0.71      0.71      0.71       775
weighted avg       0.76      0.77      0.76       775

279 64.9
99 23.0
52 12.1
1719 64.7
633 23.8
305 11.5
(3087, 57) (3087,) (775, 57) (775,)

semi-SelfTrain Label Accuracy: 0.728
[[1653   13   53]
 [ 531   71   31]
 [  95    1  209]]
0.7275122318404216 [0.96160558 0.1121643  0.6852459 ]

 rate=14 and ii =8
Accuracy: 0.785
Macro Precision: 0.812
Macro Recall: 0.634
Macro F1-score: 0.645

[[515   5  10]
 [126  27   5]
 [ 21   0  66]]
              precision    recall  f1-score   support

         0.0       0.78      0.97      0.86       530
         1.0       0.84      0.17      0.28       158
         2.0       0.81      0.76      0.79        87

    accuracy                           0.78       775
   macro avg       0.81      0.63      0.64       775
weighted avg       0.80      0.78      0.74       775

279 64.9
99 23.0
52 12.1
1719 64.7
633 23.8
305 11.5
(3087, 57) (3087,) (775, 57) (775,)

semi-LabelSpread Label Accuracy: 0.671
[[1719    0    0]
 [ 576   57    0]
 [ 297    0    8]]
0.6714339480617237 [1.         0.09004739 0.02622951]

 rate=14 and ii =8
Accuracy: 0.741
Macro Precision: 0.910
Macro Recall: 0.407
Macro F1-score: 0.413

[[545   0   0]
 [133  24   0]
 [ 68   0   5]]
              precision    recall  f1-score   support

         0.0       0.73      1.00      0.84       545
         1.0       1.00      0.15      0.27       157
         2.0       1.00      0.07      0.13        73

    accuracy                           0.74       775
   macro avg       0.91      0.41      0.41       775
weighted avg       0.81      0.74      0.66       775

279 64.9
99 23.0
52 12.1
1719 64.7
633 23.8
305 11.5
(3087, 57) (3086,) (775, 57) (2657,) (2656,)
nodes = range(self.m)
range(0, 8)
Graph with 8 nodes and 0 edges
3 430 8
L
[[1 1 1 ... 1 1 1]
 [1 1 1 ... 1 1 1]
 [1 1 1 ... 1 1 1]
 ...
 [2 1 2 ... 1 2 2]
 [3 1 3 ... 1 3 3]
 [2 1 1 ... 1 1 1]]
L_ind
[[1. 0. 0. ... 1. 0. 0.]
 [1. 0. 0. ... 1. 0. 0.]
 [1. 0. 0. ... 1. 0. 0.]
 ...
 [0. 1. 0. ... 0. 1. 0.]
 [0. 0. 1. ... 0. 0. 1.]
 [0. 1. 0. ... 1. 0. 0.]]
3 2657 8
L
[[2 1 1 ... 1 1 2]
 [1 1 1 ... 1 2 1]
 [1 1 1 ... 1 1 3]
 ...
 [1 1 3 ... 1 3 1]
 [1 1 1 ... 1 3 3]
 [1 1 1 ... 1 3 3]]
L_ind
[[0. 1. 0. ... 0. 1. 0.]
 [1. 0. 0. ... 1. 0. 0.]
 [1. 0. 0. ... 0. 0. 1.]
 ...
 [1. 0. 0. ... 1. 0. 0.]
 [1. 0. 0. ... 0. 0. 1.]
 [1. 0. 0. ... 0. 0. 1.]]
278 64.4
99 22.9
55 12.7
1720 64.8
633 23.8
302 11.4
(3087, 57) (3089,) (775, 57) (775,)
nodes = range(self.m)
range(0, 8)
Graph with 8 nodes and 0 edges
3 432 8
L
[[2 1 2 ... 1 2 2]
 [1 1 1 ... 1 1 1]
 [2 1 2 ... 1 2 2]
 ...
 [1 3 2 ... 1 2 2]
 [3 1 3 ... 1 3 3]
 [1 1 2 ... 1 2 2]]
L_ind
[[0. 1. 0. ... 0. 1. 0.]
 [1. 0. 0. ... 1. 0. 0.]
 [0. 1. 0. ... 0. 1. 0.]
 ...
 [1. 0. 0. ... 0. 1. 0.]
 [0. 0. 1. ... 0. 0. 1.]
 [1. 0. 0. ... 0. 1. 0.]]
3 2655 8
L
[[1 1 2 ... 1 1 1]
 [1 1 1 ... 1 1 1]
 [1 1 1 ... 1 1 1]
 ...
 [2 1 3 ... 1 1 3]
 [1 1 1 ... 1 3 3]
 [1 1 1 ... 1 3 3]]
L_ind
[[1. 0. 0. ... 1. 0. 0.]
 [1. 0. 0. ... 1. 0. 0.]
 [1. 0. 0. ... 1. 0. 0.]
 ...
 [0. 1. 0. ... 0. 0. 1.]
 [1. 0. 0. ... 0. 0. 1.]
 [1. 0. 0. ... 0. 0. 1.]]
278 64.4
99 22.9
55 12.7
1720 64.8
633 23.8
302 11.4
(3087, 57) (3087,) (775, 57) (775,)

 SNO Accuracy: 0.626
[[1182  362  176]
 [ 341  242   50]
 [  37   26  239]]

 rate=14 and ii =9
Accuracy: 0.772
Macro Precision: 0.717
Macro Recall: 0.705
Macro F1-score: 0.698

[[453  33  22]
 [ 96  67  11]
 [ 10   5  78]]
              precision    recall  f1-score   support

           0       0.81      0.89      0.85       508
           1       0.64      0.39      0.48       174
           2       0.70      0.84      0.76        93

    accuracy                           0.77       775
   macro avg       0.72      0.71      0.70       775
weighted avg       0.76      0.77      0.76       775

278 64.4
99 22.9
55 12.7
1720 64.8
633 23.8
302 11.4
(3087, 57) (3087,) (775, 57) (775,)

semi-SelfTrain Label Accuracy: 0.720
[[1619   28   73]
 [ 527   79   27]
 [  86    3  213]]
0.7197740112994351 [0.94127907 0.12480253 0.70529801]

 rate=14 and ii =9
Accuracy: 0.770
Macro Precision: 0.790
Macro Recall: 0.628
Macro F1-score: 0.630

[[502   6  13]
 [134  24   4]
 [ 21   0  71]]
              precision    recall  f1-score   support

         0.0       0.76      0.96      0.85       521
         1.0       0.80      0.15      0.25       162
         2.0       0.81      0.77      0.79        92

    accuracy                           0.77       775
   macro avg       0.79      0.63      0.63       775
weighted avg       0.78      0.77      0.72       775

278 64.4
99 22.9
55 12.7
1720 64.8
633 23.8
302 11.4
(3087, 57) (3087,) (775, 57) (775,)

semi-LabelSpread Label Accuracy: 0.673
[[1720    0    0]
 [ 568   65    0]
 [ 299    0    3]]
0.6734463276836158 [1.         0.10268562 0.00993377]

 rate=14 and ii =9
Accuracy: 0.726
Macro Precision: 0.906
Macro Recall: 0.386
Macro F1-score: 0.375

[[541   0   0]
 [141  19   0]
 [ 71   0   3]]
              precision    recall  f1-score   support

         0.0       0.72      1.00      0.84       541
         1.0       1.00      0.12      0.21       160
         2.0       1.00      0.04      0.08        74

    accuracy                           0.73       775
   macro avg       0.91      0.39      0.38       775
weighted avg       0.80      0.73      0.63       775

278 64.4
99 22.9
55 12.7
1720 64.8
633 23.8
302 11.4
(3087, 57) (3087,) (775, 57) (2655,) (2655,)

2 order Label Accuracy: 0.733
[[1629   32   59]
 [ 507  105   21]
 [  83    6  213]]
0.7333333333333333 [0.94709302 0.16587678 0.70529801]

 rate=14 and ii =9
Accuracy: 0.772
Macro Precision: 0.773
Macro Recall: 0.615
Macro F1-score: 0.619

[[510   5  11]
 [130  23   7]
 [ 22   2  65]]
              precision    recall  f1-score   support

           0       0.77      0.97      0.86       526
           1       0.77      0.14      0.24       160
           2       0.78      0.73      0.76        89

    accuracy                           0.77       775
   macro avg       0.77      0.61      0.62       775
weighted avg       0.77      0.77      0.72       775

278 64.4
99 22.9
55 12.7
1720 64.8
633 23.8
302 11.4
(3087, 57) (3087,) (775, 57) (2655,) (2655,)

3 order Label Accuracy: 0.736
[[1640   36   44]
 [ 508  106   19]
 [  88    6  208]]
0.735969868173258 [0.95348837 0.16745656 0.68874172]

 rate=14 and ii =9
Accuracy: 0.777
Macro Precision: 0.798
Macro Recall: 0.619
Macro F1-score: 0.629

[[513   4   9]
 [131  24   5]
 [ 22   2  65]]
              precision    recall  f1-score   support

           0       0.77      0.98      0.86       526
           1       0.80      0.15      0.25       160
           2       0.82      0.73      0.77        89

    accuracy                           0.78       775
   macro avg       0.80      0.62      0.63       775
weighted avg       0.78      0.78      0.73       775

278 64.4
99 22.9
55 12.7
1720 64.8
633 23.8
302 11.4
(3087, 57) (3087,) (775, 57) (2655,) (2655,)

4 order Label Accuracy: 0.736
[[1638   34   48]
 [ 506  108   19]
 [  87    7  208]]
0.735969868173258 [0.95232558 0.17061611 0.68874172]

 rate=14 and ii =9
Accuracy: 0.774
Macro Precision: 0.776
Macro Recall: 0.612
Macro F1-score: 0.622

[[514   4  10]
 [131  24   5]
 [ 21   4  62]]
              precision    recall  f1-score   support

           0       0.77      0.97      0.86       528
           1       0.75      0.15      0.25       160
           2       0.81      0.71      0.76        87

    accuracy                           0.77       775
   macro avg       0.78      0.61      0.62       775
weighted avg       0.77      0.77      0.72       775

Time(sec):  7.7908789
nodes = range(self.m)
range(0, 8)
Graph with 8 nodes and 0 edges
3 429 8
L
[[1 1 1 ... 1 1 1]
 [1 1 2 ... 1 2 2]
 [1 1 1 ... 1 1 1]
 ...
 [1 1 3 ... 3 3 3]
 [1 1 1 ... 1 1 1]
 [1 1 2 ... 1 2 2]]
L_ind
[[1. 0. 0. ... 1. 0. 0.]
 [1. 0. 0. ... 0. 1. 0.]
 [1. 0. 0. ... 1. 0. 0.]
 ...
 [1. 0. 0. ... 0. 0. 1.]
 [1. 0. 0. ... 1. 0. 0.]
 [1. 0. 0. ... 0. 1. 0.]]
3 2658 8
L
[[2 1 3 ... 1 1 1]
 [1 1 3 ... 1 2 1]
 [1 1 1 ... 1 2 1]
 ...
 [1 1 3 ... 3 3 3]
 [1 1 1 ... 3 3 3]
 [1 1 1 ... 3 3 3]]
L_ind
[[0. 1. 0. ... 1. 0. 0.]
 [1. 0. 0. ... 1. 0. 0.]
 [1. 0. 0. ... 1. 0. 0.]
 ...
 [1. 0. 0. ... 0. 0. 1.]
 [1. 0. 0. ... 0. 0. 1.]
 [1. 0. 0. ... 0. 0. 1.]]
274 63.9
104 24.2
51 11.9
1724 64.9
628 23.6
306 11.5
(3087, 57) (3087,) (775, 57) (775,)

 SNO Accuracy: 0.644
[[1169  383  172]
 [ 284  293   51]
 [  41   15  250]]

 rate=14 and ii =10
Accuracy: 0.777
Macro Precision: 0.725
Macro Recall: 0.728
Macro F1-score: 0.717

[[443  42  21]
 [ 86  75  12]
 [ 11   1  84]]
              precision    recall  f1-score   support

           0       0.82      0.88      0.85       506
           1       0.64      0.43      0.52       173
           2       0.72      0.88      0.79        96

    accuracy                           0.78       775
   macro avg       0.72      0.73      0.72       775
weighted avg       0.77      0.78      0.77       775

274 63.9
104 24.2
51 11.9
1724 64.9
628 23.6
306 11.5
(3087, 57) (3087,) (775, 57) (775,)

semi-SelfTrain Label Accuracy: 0.734
[[1685    3   36]
 [ 525   82   21]
 [ 121    1  184]]
0.7340105342362678 [0.97737819 0.13057325 0.60130719]

 rate=14 and ii =10
Accuracy: 0.778
Macro Precision: 0.868
Macro Recall: 0.596
Macro F1-score: 0.609

[[527   0   6]
 [134  19   5]
 [ 27   0  57]]
              precision    recall  f1-score   support

         0.0       0.77      0.99      0.86       533
         1.0       1.00      0.12      0.21       158
         2.0       0.84      0.68      0.75        84

    accuracy                           0.78       775
   macro avg       0.87      0.60      0.61       775
weighted avg       0.82      0.78      0.72       775

274 63.9
104 24.2
51 11.9
1724 64.9
628 23.6
306 11.5
(3087, 57) (3087,) (775, 57) (775,)

semi-LabelSpread Label Accuracy: 0.681
[[1724    0    0]
 [ 548   80    0]
 [ 300    0    6]]
0.6809631301730624 [1.         0.12738854 0.01960784]

 rate=14 and ii =10
Accuracy: 0.730
Macro Precision: 0.908
Macro Recall: 0.383
Macro F1-score: 0.369

[[545   0   0]
 [139  19   0]
 [ 70   0   2]]
              precision    recall  f1-score   support

         0.0       0.72      1.00      0.84       545
         1.0       1.00      0.12      0.21       158
         2.0       1.00      0.03      0.05        72

    accuracy                           0.73       775
   macro avg       0.91      0.38      0.37       775
weighted avg       0.81      0.73      0.64       775

274 63.9
104 24.2
51 11.9
1724 64.9
628 23.6
306 11.5
(3087, 57) (3087,) (775, 57) (2658,) (2658,)

2 order Label Accuracy: 0.757
[[1666   30   28]
 [ 458  152   18]
 [ 110    2  194]]
0.7569601203912716 [0.96635731 0.24203822 0.63398693]

 rate=14 and ii =10
Accuracy: 0.794
Macro Precision: 0.872
Macro Recall: 0.632
Macro F1-score: 0.656

[[525   1   6]
 [127  29   3]
 [ 23   0  61]]
              precision    recall  f1-score   support

           0       0.78      0.99      0.87       532
           1       0.97      0.18      0.31       159
           2       0.87      0.73      0.79        84

    accuracy                           0.79       775
   macro avg       0.87      0.63      0.66       775
weighted avg       0.83      0.79      0.75       775

274 63.9
104 24.2
51 11.9
1724 64.9
628 23.6
306 11.5
(3087, 57) (3087,) (775, 57) (2658,) (2658,)

3 order Label Accuracy: 0.758
[[1666   30   28]
 [ 458  152   18]
 [ 108    2  196]]
0.7577125658389767 [0.96635731 0.24203822 0.64052288]

 rate=14 and ii =10
Accuracy: 0.801
Macro Precision: 0.883
Macro Recall: 0.642
Macro F1-score: 0.672

[[528   1   4]
 [124  32   3]
 [ 22   0  61]]
              precision    recall  f1-score   support

           0       0.78      0.99      0.87       533
           1       0.97      0.20      0.33       159
           2       0.90      0.73      0.81        83

    accuracy                           0.80       775
   macro avg       0.88      0.64      0.67       775
weighted avg       0.83      0.80      0.76       775

274 63.9
104 24.2
51 11.9
1724 64.9
628 23.6
306 11.5
(3087, 57) (3087,) (775, 57) (2658,) (2658,)

4 order Label Accuracy: 0.758
[[1669   28   27]
 [ 458  152   18]
 [ 108    4  194]]
0.7580887885628292 [0.96809745 0.24203822 0.63398693]

 rate=14 and ii =10
Accuracy: 0.799
Macro Precision: 0.879
Macro Recall: 0.641
Macro F1-score: 0.668

[[526   1   5]
 [125  31   3]
 [ 22   0  62]]
              precision    recall  f1-score   support

           0       0.78      0.99      0.87       532
           1       0.97      0.19      0.32       159
           2       0.89      0.74      0.81        84

    accuracy                           0.80       775
   macro avg       0.88      0.64      0.67       775
weighted avg       0.83      0.80      0.75       775

Time(sec):  7.738899399999999
