nodes = range(self.m)
range(0, 8)
Graph with 8 nodes and 0 edges
3 400 8
L
[[1 1 2 ... 1 2 2]
 [1 1 1 ... 1 1 1]
 [1 1 1 ... 1 1 1]
 ...
 [3 3 3 ... 1 3 3]
 [2 3 2 ... 1 2 2]
 [3 1 3 ... 3 3 3]]
L_ind
[[1. 0. 0. ... 0. 1. 0.]
 [1. 0. 0. ... 1. 0. 0.]
 [1. 0. 0. ... 1. 0. 0.]
 ...
 [0. 0. 1. ... 0. 0. 1.]
 [0. 1. 0. ... 0. 1. 0.]
 [0. 0. 1. ... 0. 0. 1.]]
3 2687 8
L
[[1 1 1 ... 1 1 2]
 [1 1 1 ... 1 1 1]
 [2 1 1 ... 1 1 1]
 ...
 [3 1 3 ... 1 3 3]
 [1 1 1 ... 3 3 3]
 [1 1 1 ... 3 3 3]]
L_ind
[[1. 0. 0. ... 0. 1. 0.]
 [1. 0. 0. ... 1. 0. 0.]
 [0. 1. 0. ... 1. 0. 0.]
 ...
 [0. 0. 1. ... 0. 0. 1.]
 [1. 0. 0. ... 0. 0. 1.]
 [1. 0. 0. ... 0. 0. 1.]]
259 64.8
95 23.8
46 11.5
1739 64.7
637 23.7
311 11.6
(3087, 57) (3087,) (775, 57) (775,)

 SNO Accuracy: 0.611
[[1131  409  199]
 [ 306  273   58]
 [  34   38  239]]

 rate=13 and ii =1
Accuracy: 0.754
Macro Precision: 0.694
Macro Recall: 0.705
Macro F1-score: 0.694

[[429  50  23]
 [ 90  78  12]
 [ 11   5  77]]
              precision    recall  f1-score   support

           0       0.81      0.85      0.83       502
           1       0.59      0.43      0.50       180
           2       0.69      0.83      0.75        93

    accuracy                           0.75       775
   macro avg       0.69      0.71      0.69       775
weighted avg       0.74      0.75      0.74       775

259 64.8
95 23.8
46 11.5
1739 64.7
637 23.7
311 11.6
(3087, 57) (3087,) (775, 57) (775,)

semi-SelfTrain Label Accuracy: 0.722
[[1673    9   57]
 [ 551   69   17]
 [ 100   12  199]]
0.7223669519910682 [0.96204715 0.10832025 0.63987138]

 rate=13 and ii =1
Accuracy: 0.765
Macro Precision: 0.742
Macro Recall: 0.580
Macro F1-score: 0.582

[[521   2   7]
 [140  12   5]
 [ 23   5  60]]
              precision    recall  f1-score   support

         0.0       0.76      0.98      0.86       530
         1.0       0.63      0.08      0.14       157
         2.0       0.83      0.68      0.75        88

    accuracy                           0.77       775
   macro avg       0.74      0.58      0.58       775
weighted avg       0.74      0.77      0.70       775

259 64.8
95 23.8
46 11.5
1739 64.7
637 23.7
311 11.6
(3087, 57) (3087,) (775, 57) (775,)

semi-LabelSpread Label Accuracy: 0.673
[[1739    0    0]
 [ 573   64    0]
 [ 306    0    5]]
0.6728693710457759 [1.         0.10047096 0.01607717]

 rate=13 and ii =1
Accuracy: 0.721
Macro Precision: 0.905
Macro Recall: 0.372
Macro F1-score: 0.351

[[544   0   0]
 [145  12   0]
 [ 71   0   3]]
              precision    recall  f1-score   support

         0.0       0.72      1.00      0.83       544
         1.0       1.00      0.08      0.14       157
         2.0       1.00      0.04      0.08        74

    accuracy                           0.72       775
   macro avg       0.91      0.37      0.35       775
weighted avg       0.80      0.72      0.62       775

259 64.8
95 23.8
46 11.5
1739 64.7
637 23.7
311 11.6
(3087, 57) (3087,) (775, 57) (2687,) (2687,)

2 order Label Accuracy: 0.719
[[1591   90   58]
 [ 493  124   20]
 [  78   17  216]]
0.7186453293636025 [0.91489362 0.19466248 0.69453376]

 rate=13 and ii =1
Accuracy: 0.775
Macro Precision: 0.754
Macro Recall: 0.628
Macro F1-score: 0.634

[[508   8  11]
 [129  25   5]
 [ 17   4  68]]
              precision    recall  f1-score   support

           0       0.78      0.96      0.86       527
           1       0.68      0.16      0.26       159
           2       0.81      0.76      0.79        89

    accuracy                           0.78       775
   macro avg       0.75      0.63      0.63       775
weighted avg       0.76      0.78      0.73       775

259 64.8
95 23.8
46 11.5
1739 64.7
637 23.7
311 11.6
(3087, 57) (3087,) (775, 57) (2687,) (2687,)

3 order Label Accuracy: 0.685
[[1563   41  135]
 [ 490   96   51]
 [  89   40  182]]
0.6851507257164123 [0.89879241 0.15070644 0.585209  ]

 rate=13 and ii =1
Accuracy: 0.752
Macro Precision: 0.693
Macro Recall: 0.571
Macro F1-score: 0.567

[[509   2  19]
 [129  19  10]
 [ 24   8  55]]
              precision    recall  f1-score   support

           0       0.77      0.96      0.85       530
           1       0.66      0.12      0.20       158
           2       0.65      0.63      0.64        87

    accuracy                           0.75       775
   macro avg       0.69      0.57      0.57       775
weighted avg       0.73      0.75      0.70       775

259 64.8
95 23.8
46 11.5
1739 64.7
637 23.7
311 11.6
(3087, 57) (3087,) (775, 57) (2687,) (2687,)

4 order Label Accuracy: 0.707
[[1585  105   49]
 [ 498  131    8]
 [  68   59  184]]
0.7071082992184593 [0.91144336 0.20565149 0.59163987]

 rate=13 and ii =1
Accuracy: 0.769
Macro Precision: 0.761
Macro Recall: 0.593
Macro F1-score: 0.615

[[516   4   9]
 [134  26   2]
 [ 22   8  54]]
              precision    recall  f1-score   support

           0       0.77      0.98      0.86       529
           1       0.68      0.16      0.26       162
           2       0.83      0.64      0.72        84

    accuracy                           0.77       775
   macro avg       0.76      0.59      0.61       775
weighted avg       0.76      0.77      0.72       775

Time(sec):  7.7466067999999995
nodes = range(self.m)
range(0, 8)
Graph with 8 nodes and 0 edges
3 400 8
L
[[1 1 3 ... 1 3 3]
 [1 1 1 ... 1 1 1]
 [2 1 2 ... 1 2 2]
 ...
 [1 1 1 ... 3 1 1]
 [1 3 2 ... 1 2 2]
 [1 1 3 ... 3 3 3]]
L_ind
[[1. 0. 0. ... 0. 0. 1.]
 [1. 0. 0. ... 1. 0. 0.]
 [0. 1. 0. ... 0. 1. 0.]
 ...
 [1. 0. 0. ... 1. 0. 0.]
 [1. 0. 0. ... 0. 1. 0.]
 [1. 0. 0. ... 0. 0. 1.]]
3 2687 8
L
[[1 1 1 ... 1 1 1]
 [1 1 1 ... 1 1 1]
 [1 1 1 ... 1 1 1]
 ...
 [1 1 3 ... 1 3 3]
 [1 1 1 ... 1 3 3]
 [1 1 1 ... 1 3 3]]
L_ind
[[1. 0. 0. ... 1. 0. 0.]
 [1. 0. 0. ... 1. 0. 0.]
 [1. 0. 0. ... 1. 0. 0.]
 ...
 [1. 0. 0. ... 0. 0. 1.]
 [1. 0. 0. ... 0. 0. 1.]
 [1. 0. 0. ... 0. 0. 1.]]
255 63.8
98 24.5
47 11.8
1743 64.9
634 23.6
310 11.5
(3087, 57) (3087,) (775, 57) (775,)

 SNO Accuracy: 0.658
[[1267  310  166]
 [ 320  250   64]
 [  39   20  251]]

 rate=13 and ii =2
Accuracy: 0.783
Macro Precision: 0.736
Macro Recall: 0.714
Macro F1-score: 0.710

[[460  28  23]
 [ 92  69  10]
 [ 12   3  78]]
              precision    recall  f1-score   support

           0       0.82      0.90      0.86       511
           1       0.69      0.40      0.51       171
           2       0.70      0.84      0.76        93

    accuracy                           0.78       775
   macro avg       0.74      0.71      0.71       775
weighted avg       0.77      0.78      0.77       775

255 63.8
98 24.5
47 11.8
1743 64.9
634 23.6
310 11.5
(3087, 57) (3087,) (775, 57) (775,)

semi-SelfTrain Label Accuracy: 0.756
[[1669   34   40]
 [ 452  165   17]
 [ 109    4  197]]
0.7558615556382583 [0.95754446 0.26025237 0.63548387]

 rate=13 and ii =2
Accuracy: 0.795
Macro Precision: 0.811
Macro Recall: 0.652
Macro F1-score: 0.690

[[509  11   7]
 [113  50   2]
 [ 23   3  57]]
              precision    recall  f1-score   support

         0.0       0.79      0.97      0.87       527
         1.0       0.78      0.30      0.44       165
         2.0       0.86      0.69      0.77        83

    accuracy                           0.79       775
   macro avg       0.81      0.65      0.69       775
weighted avg       0.80      0.79      0.77       775

255 63.8
98 24.5
47 11.8
1743 64.9
634 23.6
310 11.5
(3087, 57) (3087,) (775, 57) (775,)

semi-LabelSpread Label Accuracy: 0.677
[[1743    0    0]
 [ 569   65    0]
 [ 299    0   11]]
0.6769631559359881 [1.         0.10252366 0.03548387]

 rate=13 and ii =2
Accuracy: 0.729
Macro Precision: 0.907
Macro Recall: 0.385
Macro F1-score: 0.374

[[544   0   0]
 [140  18   0]
 [ 70   0   3]]
              precision    recall  f1-score   support

         0.0       0.72      1.00      0.84       544
         1.0       1.00      0.11      0.20       158
         2.0       1.00      0.04      0.08        73

    accuracy                           0.73       775
   macro avg       0.91      0.39      0.37       775
weighted avg       0.80      0.73      0.64       775

255 63.8
98 24.5
47 11.8
1743 64.9
634 23.6
310 11.5
(3087, 57) (3087,) (775, 57) (2687,) (2687,)

2 order Label Accuracy: 0.758
[[1651   42   50]
 [ 456  153   25]
 [  73    4  233]]
0.7580945292147376 [0.94721744 0.24132492 0.7516129 ]

 rate=13 and ii =2
Accuracy: 0.795
Macro Precision: 0.804
Macro Recall: 0.665
Macro F1-score: 0.690

[[506   9  10]
 [116  45   3]
 [ 18   3  65]]
              precision    recall  f1-score   support

           0       0.79      0.96      0.87       525
           1       0.79      0.27      0.41       164
           2       0.83      0.76      0.79        86

    accuracy                           0.79       775
   macro avg       0.80      0.66      0.69       775
weighted avg       0.80      0.79      0.76       775

255 63.8
98 24.5
47 11.8
1743 64.9
634 23.6
310 11.5
(3087, 57) (3087,) (775, 57) (2687,) (2687,)

3 order Label Accuracy: 0.761
[[1668   44   31]
 [ 458  156   20]
 [  85    4  221]]
0.7610718273167101 [0.95697074 0.24605678 0.71290323]

 rate=13 and ii =2
Accuracy: 0.796
Macro Precision: 0.811
Macro Recall: 0.661
Macro F1-score: 0.691

[[509   9   9]
 [116  46   2]
 [ 19   3  62]]
              precision    recall  f1-score   support

           0       0.79      0.97      0.87       527
           1       0.79      0.28      0.41       164
           2       0.85      0.74      0.79        84

    accuracy                           0.80       775
   macro avg       0.81      0.66      0.69       775
weighted avg       0.80      0.80      0.76       775

255 63.8
98 24.5
47 11.8
1743 64.9
634 23.6
310 11.5
(3087, 57) (3087,) (775, 57) (2687,) (2687,)

4 order Label Accuracy: 0.646
[[1616  123    4]
 [ 520  111    3]
 [ 275   26    9]]
0.6460736881280238 [0.92713712 0.17507886 0.02903226]

 rate=13 and ii =2
Accuracy: 0.724
Macro Precision: 0.726
Macro Recall: 0.395
Macro F1-score: 0.392

[[532   9   0]
 [134  26   1]
 [ 68   2   3]]
              precision    recall  f1-score   support

           0       0.72      0.98      0.83       541
           1       0.70      0.16      0.26       161
           2       0.75      0.04      0.08        73

    accuracy                           0.72       775
   macro avg       0.73      0.40      0.39       775
weighted avg       0.72      0.72      0.64       775

Time(sec):  7.614482499999999
nodes = range(self.m)
range(0, 8)
Graph with 8 nodes and 0 edges
3 398 8
L
[[3 3 3 ... 1 3 3]
 [1 1 1 ... 1 1 1]
 [1 1 1 ... 1 1 1]
 ...
 [2 1 1 ... 1 1 1]
 [1 3 2 ... 1 2 2]
 [1 1 3 ... 1 3 3]]
L_ind
[[0. 0. 1. ... 0. 0. 1.]
 [1. 0. 0. ... 1. 0. 0.]
 [1. 0. 0. ... 1. 0. 0.]
 ...
 [0. 1. 0. ... 1. 0. 0.]
 [1. 0. 0. ... 0. 1. 0.]
 [1. 0. 0. ... 0. 0. 1.]]
3 2689 8
L
[[2 1 3 ... 1 1 3]
 [1 1 1 ... 1 1 1]
 [2 1 1 ... 1 2 2]
 ...
 [2 1 3 ... 1 1 3]
 [1 1 1 ... 1 3 3]
 [1 1 1 ... 1 3 3]]
L_ind
[[0. 1. 0. ... 0. 0. 1.]
 [1. 0. 0. ... 1. 0. 0.]
 [0. 1. 0. ... 0. 1. 0.]
 ...
 [0. 1. 0. ... 0. 0. 1.]
 [1. 0. 0. ... 0. 0. 1.]
 [1. 0. 0. ... 0. 0. 1.]]
248 62.3
103 25.9
47 11.8
1750 65.1
629 23.4
310 11.5
(3087, 57) (3087,) (775, 57) (775,)

 SNO Accuracy: 0.685
[[1353  279  118]
 [ 340  244   45]
 [  52   12  246]]

 rate=13 and ii =3
Accuracy: 0.803
Macro Precision: 0.773
Macro Recall: 0.726
Macro F1-score: 0.732

[[475  23  15]
 [ 90  72  10]
 [ 14   1  75]]
              precision    recall  f1-score   support

           0       0.82      0.93      0.87       513
           1       0.75      0.42      0.54       172
           2       0.75      0.83      0.79        90

    accuracy                           0.80       775
   macro avg       0.77      0.73      0.73       775
weighted avg       0.80      0.80      0.79       775

248 62.3
103 25.9
47 11.8
1750 65.1
629 23.4
310 11.5
(3087, 57) (3087,) (775, 57) (775,)

semi-SelfTrain Label Accuracy: 0.746
[[1684    1   65]
 [ 494  109   26]
 [  98    0  212]]
0.7456303458534771 [0.96228571 0.17329094 0.68387097]

 rate=13 and ii =3
Accuracy: 0.777
Macro Precision: 0.836
Macro Recall: 0.620
Macro F1-score: 0.623

[[515   0  15]
 [128  26   7]
 [ 23   0  61]]
              precision    recall  f1-score   support

         0.0       0.77      0.97      0.86       530
         1.0       1.00      0.16      0.28       161
         2.0       0.73      0.73      0.73        84

    accuracy                           0.78       775
   macro avg       0.84      0.62      0.62       775
weighted avg       0.82      0.78      0.73       775

248 62.3
103 25.9
47 11.8
1750 65.1
629 23.4
310 11.5
(3087, 57) (3087,) (775, 57) (775,)

semi-LabelSpread Label Accuracy: 0.686
[[1750    0    0]
 [ 543   86    0]
 [ 302    0    8]]
0.6857567869096318 [1.         0.13672496 0.02580645]

 rate=13 and ii =3
Accuracy: 0.734
Macro Precision: 0.908
Macro Recall: 0.393
Macro F1-score: 0.388

[[544   0   0]
 [137  22   0]
 [ 69   0   3]]
              precision    recall  f1-score   support

         0.0       0.73      1.00      0.84       544
         1.0       1.00      0.14      0.24       159
         2.0       1.00      0.04      0.08        72

    accuracy                           0.73       775
   macro avg       0.91      0.39      0.39       775
weighted avg       0.81      0.73      0.65       775

248 62.3
103 25.9
47 11.8
1750 65.1
629 23.4
310 11.5
(3087, 57) (3087,) (775, 57) (2689,) (2689,)

2 order Label Accuracy: 0.734
[[1611   96   43]
 [ 454  149   26]
 [  93    3  214]]
0.7341018966158424 [0.92057143 0.23688394 0.69032258]

 rate=13 and ii =3
Accuracy: 0.786
Macro Precision: 0.810
Macro Recall: 0.637
Macro F1-score: 0.659

[[512   7   9]
 [121  36   5]
 [ 24   0  61]]
              precision    recall  f1-score   support

           0       0.78      0.97      0.86       528
           1       0.84      0.22      0.35       162
           2       0.81      0.72      0.76        85

    accuracy                           0.79       775
   macro avg       0.81      0.64      0.66       775
weighted avg       0.80      0.79      0.75       775

248 62.3
103 25.9
47 11.8
1750 65.1
629 23.4
310 11.5
(3087, 57) (3087,) (775, 57) (2689,) (2689,)

3 order Label Accuracy: 0.746
[[1650   57   43]
 [ 466  144   19]
 [  95    3  212]]
0.7460022313127557 [0.94285714 0.22893482 0.68387097]

 rate=13 and ii =3
Accuracy: 0.788
Macro Precision: 0.825
Macro Recall: 0.635
Macro F1-score: 0.659

[[516   5   8]
 [122  35   5]
 [ 24   0  60]]
              precision    recall  f1-score   support

           0       0.78      0.98      0.87       529
           1       0.88      0.22      0.35       162
           2       0.82      0.71      0.76        84

    accuracy                           0.79       775
   macro avg       0.83      0.64      0.66       775
weighted avg       0.80      0.79      0.75       775

248 62.3
103 25.9
47 11.8
1750 65.1
629 23.4
310 11.5
(3087, 57) (3087,) (775, 57) (2689,) (2689,)

4 order Label Accuracy: 0.746
[[1650   60   40]
 [ 467  144   18]
 [  96    3  211]]
0.7456303458534771 [0.94285714 0.22893482 0.68064516]

 rate=13 and ii =3
Accuracy: 0.790
Macro Precision: 0.824
Macro Recall: 0.638
Macro F1-score: 0.662

[[516   5   9]
 [120  37   5]
 [ 24   0  59]]
              precision    recall  f1-score   support

           0       0.78      0.97      0.87       530
           1       0.88      0.23      0.36       162
           2       0.81      0.71      0.76        83

    accuracy                           0.79       775
   macro avg       0.82      0.64      0.66       775
weighted avg       0.81      0.79      0.75       775

Time(sec):  7.624254500000001
nodes = range(self.m)
range(0, 8)
Graph with 8 nodes and 0 edges
3 402 8
L
[[1 1 2 ... 1 2 2]
 [2 1 2 ... 1 2 2]
 [1 1 1 ... 1 1 1]
 ...
 [3 3 3 ... 1 3 3]
 [3 3 3 ... 3 3 3]
 [3 3 2 ... 1 2 2]]
L_ind
[[1. 0. 0. ... 0. 1. 0.]
 [0. 1. 0. ... 0. 1. 0.]
 [1. 0. 0. ... 1. 0. 0.]
 ...
 [0. 0. 1. ... 0. 0. 1.]
 [0. 0. 1. ... 0. 0. 1.]
 [0. 0. 1. ... 0. 1. 0.]]
3 2685 8
L
[[2 1 3 ... 1 1 1]
 [1 1 1 ... 1 1 1]
 [1 1 3 ... 1 1 1]
 ...
 [1 1 3 ... 3 3 3]
 [1 1 1 ... 3 3 3]
 [1 1 1 ... 3 3 3]]
L_ind
[[0. 1. 0. ... 1. 0. 0.]
 [1. 0. 0. ... 1. 0. 0.]
 [1. 0. 0. ... 1. 0. 0.]
 ...
 [1. 0. 0. ... 0. 0. 1.]
 [1. 0. 0. ... 0. 0. 1.]
 [1. 0. 0. ... 0. 0. 1.]]
246 61.2
102 25.4
54 13.4
1752 65.3
630 23.5
303 11.3
(3087, 57) (3087,) (775, 57) (775,)

 SNO Accuracy: 0.655
[[1265  255  232]
 [ 320  235   75]
 [  25   19  259]]

 rate=13 and ii =4
Accuracy: 0.783
Macro Precision: 0.743
Macro Recall: 0.727
Macro F1-score: 0.711

[[448  21  31]
 [ 90  68  15]
 [  9   2  91]]
              precision    recall  f1-score   support

           0       0.82      0.90      0.86       500
           1       0.75      0.39      0.52       173
           2       0.66      0.89      0.76       102

    accuracy                           0.78       775
   macro avg       0.74      0.73      0.71       775
weighted avg       0.78      0.78      0.77       775

246 61.2
102 25.4
54 13.4
1752 65.3
630 23.5
303 11.3
(3087, 57) (3087,) (775, 57) (775,)

semi-SelfTrain Label Accuracy: 0.765
[[1685   16   51]
 [ 438  165   27]
 [  97    1  205]]
0.7653631284916201 [0.96175799 0.26190476 0.67656766]

 rate=13 and ii =4
Accuracy: 0.792
Macro Precision: 0.814
Macro Recall: 0.645
Macro F1-score: 0.670

[[512   5  10]
 [114  43   7]
 [ 24   1  59]]
              precision    recall  f1-score   support

         0.0       0.79      0.97      0.87       527
         1.0       0.88      0.26      0.40       164
         2.0       0.78      0.70      0.74        84

    accuracy                           0.79       775
   macro avg       0.81      0.65      0.67       775
weighted avg       0.81      0.79      0.76       775

246 61.2
102 25.4
54 13.4
1752 65.3
630 23.5
303 11.3
(3087, 57) (3087,) (775, 57) (775,)

semi-LabelSpread Label Accuracy: 0.683
[[1752    0    0]
 [ 560   70    0]
 [ 291    0   12]]
0.6830540037243947 [1.         0.11111111 0.03960396]

 rate=13 and ii =4
Accuracy: 0.725
Macro Precision: 0.906
Macro Recall: 0.378
Macro F1-score: 0.361

[[543   0   0]
 [142  17   0]
 [ 71   0   2]]
              precision    recall  f1-score   support

         0.0       0.72      1.00      0.84       543
         1.0       1.00      0.11      0.19       159
         2.0       1.00      0.03      0.05        73

    accuracy                           0.73       775
   macro avg       0.91      0.38      0.36       775
weighted avg       0.80      0.73      0.63       775

246 61.2
102 25.4
54 13.4
1752 65.3
630 23.5
303 11.3
(3087, 57) (3087,) (775, 57) (2685,) (2685,)

2 order Label Accuracy: 0.756
[[1639   37   76]
 [ 426  158   46]
 [  66    3  234]]
0.7564245810055866 [0.93550228 0.25079365 0.77227723]

 rate=13 and ii =4
Accuracy: 0.803
Macro Precision: 0.823
Macro Recall: 0.690
Macro F1-score: 0.696

[[502   4  15]
 [109  45  10]
 [ 15   0  75]]
              precision    recall  f1-score   support

           0       0.80      0.96      0.88       521
           1       0.92      0.27      0.42       164
           2       0.75      0.83      0.79        90

    accuracy                           0.80       775
   macro avg       0.82      0.69      0.70       775
weighted avg       0.82      0.80      0.77       775

246 61.2
102 25.4
54 13.4
1752 65.3
630 23.5
303 11.3
(3087, 57) (3087,) (775, 57) (2685,) (2685,)

3 order Label Accuracy: 0.764
[[1668   38   46]
 [ 436  161   33]
 [  74    7  222]]
0.7638733705772812 [0.95205479 0.25555556 0.73267327]

 rate=13 and ii =4
Accuracy: 0.804
Macro Precision: 0.830
Macro Recall: 0.679
Macro F1-score: 0.699

[[510   5  10]
 [113  46   6]
 [ 17   1  67]]
              precision    recall  f1-score   support

           0       0.80      0.97      0.88       525
           1       0.88      0.28      0.42       165
           2       0.81      0.79      0.80        85

    accuracy                           0.80       775
   macro avg       0.83      0.68      0.70       775
weighted avg       0.82      0.80      0.77       775

246 61.2
102 25.4
54 13.4
1752 65.3
630 23.5
303 11.3
(3087, 57) (3087,) (775, 57) (2685,) (2685,)

4 order Label Accuracy: 0.764
[[1674   34   44]
 [ 439  158   33]
 [  79    4  220]]
0.7642458100558659 [0.95547945 0.25079365 0.72607261]

 rate=13 and ii =4
Accuracy: 0.806
Macro Precision: 0.857
Macro Recall: 0.668
Macro F1-score: 0.695

[[517   2   8]
 [113  44   6]
 [ 21   0  64]]
              precision    recall  f1-score   support

           0       0.79      0.98      0.88       527
           1       0.96      0.27      0.42       163
           2       0.82      0.75      0.79        85

    accuracy                           0.81       775
   macro avg       0.86      0.67      0.69       775
weighted avg       0.83      0.81      0.77       775

Time(sec):  7.9210207
nodes = range(self.m)
range(0, 8)
Graph with 8 nodes and 0 edges
3 400 8
L
[[1 1 1 ... 1 1 1]
 [1 1 1 ... 1 1 1]
 [1 1 1 ... 1 1 1]
 ...
 [1 1 1 ... 1 1 1]
 [1 1 3 ... 1 3 3]
 [1 1 1 ... 1 1 1]]
L_ind
[[1. 0. 0. ... 1. 0. 0.]
 [1. 0. 0. ... 1. 0. 0.]
 [1. 0. 0. ... 1. 0. 0.]
 ...
 [1. 0. 0. ... 1. 0. 0.]
 [1. 0. 0. ... 0. 0. 1.]
 [1. 0. 0. ... 1. 0. 0.]]
3 2687 8
L
[[1 1 1 ... 1 1 1]
 [1 1 1 ... 1 2 1]
 [3 1 1 ... 1 2 2]
 ...
 [1 1 3 ... 1 3 1]
 [1 1 1 ... 3 3 3]
 [2 1 1 ... 3 3 3]]
L_ind
[[1. 0. 0. ... 1. 0. 0.]
 [1. 0. 0. ... 1. 0. 0.]
 [0. 0. 1. ... 0. 1. 0.]
 ...
 [1. 0. 0. ... 1. 0. 0.]
 [1. 0. 0. ... 0. 0. 1.]
 [0. 1. 0. ... 0. 0. 1.]]
272 68.0
92 23.0
36 9.0
1726 64.2
640 23.8
321 11.9
(3087, 57) (3087,) (775, 57) (775,)

 SNO Accuracy: 0.630
[[1162  372  192]
 [ 309  273   58]
 [  37   27  257]]

 rate=13 and ii =5
Accuracy: 0.738
Macro Precision: 0.682
Macro Recall: 0.703
Macro F1-score: 0.688

[[412  61  28]
 [ 91  79   8]
 [ 13   2  81]]
              precision    recall  f1-score   support

           0       0.80      0.82      0.81       501
           1       0.56      0.44      0.49       178
           2       0.69      0.84      0.76        96

    accuracy                           0.74       775
   macro avg       0.68      0.70      0.69       775
weighted avg       0.73      0.74      0.73       775

272 68.0
92 23.0
36 9.0
1726 64.2
640 23.8
321 11.9
(3087, 57) (3087,) (775, 57) (775,)

semi-SelfTrain Label Accuracy: 0.738
[[1666   29   31]
 [ 512  115   13]
 [ 111    7  203]]
0.7383699292891701 [0.96523754 0.1796875  0.63239875]

 rate=13 and ii =5
Accuracy: 0.775
Macro Precision: 0.814
Macro Recall: 0.607
Macro F1-score: 0.636

[[518   7   4]
 [134  28   2]
 [ 26   1  55]]
              precision    recall  f1-score   support

         0.0       0.76      0.98      0.86       529
         1.0       0.78      0.17      0.28       164
         2.0       0.90      0.67      0.77        82

    accuracy                           0.78       775
   macro avg       0.81      0.61      0.64       775
weighted avg       0.78      0.78      0.73       775

272 68.0
92 23.0
36 9.0
1726 64.2
640 23.8
321 11.9
(3087, 57) (3087,) (775, 57) (775,)

semi-LabelSpread Label Accuracy: 0.672
[[1726    0    0]
 [ 568   72    0]
 [ 313    0    8]]
0.6721250465202828 [1.         0.1125     0.02492212]

 rate=13 and ii =5
Accuracy: 0.726
Macro Precision: 0.906
Macro Recall: 0.382
Macro F1-score: 0.367

[[542   0   0]
 [141  19   0]
 [ 71   0   2]]
              precision    recall  f1-score   support

         0.0       0.72      1.00      0.84       542
         1.0       1.00      0.12      0.21       160
         2.0       1.00      0.03      0.05        73

    accuracy                           0.73       775
   macro avg       0.91      0.38      0.37       775
weighted avg       0.80      0.73      0.63       775

272 68.0
92 23.0
36 9.0
1726 64.2
640 23.8
321 11.9
(3087, 57) (3087,) (775, 57) (2687,) (2687,)

2 order Label Accuracy: 0.725
[[1537  149   40]
 [ 429  192   19]
 [  82   20  219]]
0.724972087830294 [0.89049826 0.3        0.68224299]

 rate=13 and ii =5
Accuracy: 0.775
Macro Precision: 0.777
Macro Recall: 0.634
Macro F1-score: 0.670

[[497  19   8]
 [117  49   2]
 [ 27   1  55]]
              precision    recall  f1-score   support

           0       0.78      0.95      0.85       524
           1       0.71      0.29      0.41       168
           2       0.85      0.66      0.74        83

    accuracy                           0.78       775
   macro avg       0.78      0.63      0.67       775
weighted avg       0.77      0.78      0.75       775

272 68.0
92 23.0
36 9.0
1726 64.2
640 23.8
321 11.9
(3087, 57) (3087,) (775, 57) (2687,) (2687,)

3 order Label Accuracy: 0.710
[[1572  116   38]
 [ 478  147   15]
 [  87   44  190]]
0.7104577595831782 [0.91077636 0.2296875  0.59190031]

 rate=13 and ii =5
Accuracy: 0.759
Macro Precision: 0.741
Macro Recall: 0.594
Macro F1-score: 0.624

[[504  16   7]
 [133  32   1]
 [ 24   6  52]]
              precision    recall  f1-score   support

           0       0.76      0.96      0.85       527
           1       0.59      0.19      0.29       166
           2       0.87      0.63      0.73        82

    accuracy                           0.76       775
   macro avg       0.74      0.59      0.62       775
weighted avg       0.74      0.76      0.72       775

272 68.0
92 23.0
36 9.0
1726 64.2
640 23.8
321 11.9
(3087, 57) (3087,) (775, 57) (2687,) (2687,)

4 order Label Accuracy: 0.725
[[1583   86   57]
 [ 451  171   18]
 [  98   30  193]]
0.7245999255675475 [0.91714948 0.2671875  0.60124611]

 rate=13 and ii =5
Accuracy: 0.792
Macro Precision: 0.826
Macro Recall: 0.645
Macro F1-score: 0.687

[[508   9   7]
 [116  51   1]
 [ 26   2  55]]
              precision    recall  f1-score   support

           0       0.78      0.97      0.87       524
           1       0.82      0.30      0.44       168
           2       0.87      0.66      0.75        83

    accuracy                           0.79       775
   macro avg       0.83      0.65      0.69       775
weighted avg       0.80      0.79      0.76       775

Time(sec):  7.8012764
nodes = range(self.m)
range(0, 8)
Graph with 8 nodes and 0 edges
3 400 8
L
[[1 1 1 ... 1 1 1]
 [1 1 1 ... 1 1 1]
 [1 1 1 ... 1 1 1]
 ...
 [1 1 1 ... 1 1 1]
 [1 1 3 ... 1 3 3]
 [1 1 1 ... 1 1 1]]
L_ind
[[1. 0. 0. ... 1. 0. 0.]
 [1. 0. 0. ... 1. 0. 0.]
 [1. 0. 0. ... 1. 0. 0.]
 ...
 [1. 0. 0. ... 1. 0. 0.]
 [1. 0. 0. ... 0. 0. 1.]
 [1. 0. 0. ... 1. 0. 0.]]
3 2687 8
L
[[1 1 1 ... 1 1 1]
 [1 1 1 ... 1 2 1]
 [3 1 1 ... 1 2 2]
 ...
 [1 1 3 ... 1 3 1]
 [1 1 1 ... 3 3 3]
 [2 1 1 ... 3 3 3]]
L_ind
[[1. 0. 0. ... 1. 0. 0.]
 [1. 0. 0. ... 1. 0. 0.]
 [0. 0. 1. ... 0. 1. 0.]
 ...
 [1. 0. 0. ... 1. 0. 0.]
 [1. 0. 0. ... 0. 0. 1.]
 [0. 1. 0. ... 0. 0. 1.]]
272 68.0
92 23.0
36 9.0
1726 64.2
640 23.8
321 11.9
(3087, 57) (3087,) (775, 57) (775,)

 SNO Accuracy: 0.630
[[1162  372  192]
 [ 309  273   58]
 [  37   27  257]]

 rate=13 and ii =5
Accuracy: 0.738
Macro Precision: 0.682
Macro Recall: 0.703
Macro F1-score: 0.688

[[412  61  28]
 [ 91  79   8]
 [ 13   2  81]]
              precision    recall  f1-score   support

           0       0.80      0.82      0.81       501
           1       0.56      0.44      0.49       178
           2       0.69      0.84      0.76        96

    accuracy                           0.74       775
   macro avg       0.68      0.70      0.69       775
weighted avg       0.73      0.74      0.73       775

272 68.0
92 23.0
36 9.0
1726 64.2
640 23.8
321 11.9
(3087, 57) (3087,) (775, 57) (775,)

semi-SelfTrain Label Accuracy: 0.738
[[1666   29   31]
 [ 512  115   13]
 [ 111    7  203]]
0.7383699292891701 [0.96523754 0.1796875  0.63239875]

 rate=13 and ii =5
Accuracy: 0.775
Macro Precision: 0.814
Macro Recall: 0.607
Macro F1-score: 0.636

[[518   7   4]
 [134  28   2]
 [ 26   1  55]]
              precision    recall  f1-score   support

         0.0       0.76      0.98      0.86       529
         1.0       0.78      0.17      0.28       164
         2.0       0.90      0.67      0.77        82

    accuracy                           0.78       775
   macro avg       0.81      0.61      0.64       775
weighted avg       0.78      0.78      0.73       775

272 68.0
92 23.0
36 9.0
1726 64.2
640 23.8
321 11.9
(3087, 57) (3087,) (775, 57) (775,)

semi-LabelSpread Label Accuracy: 0.672
[[1726    0    0]
 [ 568   72    0]
 [ 313    0    8]]
0.6721250465202828 [1.         0.1125     0.02492212]

 rate=13 and ii =5
Accuracy: 0.726
Macro Precision: 0.906
Macro Recall: 0.382
Macro F1-score: 0.367

[[542   0   0]
 [141  19   0]
 [ 71   0   2]]
              precision    recall  f1-score   support

         0.0       0.72      1.00      0.84       542
         1.0       1.00      0.12      0.21       160
         2.0       1.00      0.03      0.05        73

    accuracy                           0.73       775
   macro avg       0.91      0.38      0.37       775
weighted avg       0.80      0.73      0.63       775

272 68.0
92 23.0
36 9.0
1726 64.2
640 23.8
321 11.9
(3087, 57) (3087,) (775, 57) (2687,) (2687,)

2 order Label Accuracy: 0.725
[[1537  149   40]
 [ 429  192   19]
 [  82   20  219]]
0.724972087830294 [0.89049826 0.3        0.68224299]

 rate=13 and ii =5
Accuracy: 0.775
Macro Precision: 0.777
Macro Recall: 0.634
Macro F1-score: 0.670

[[497  19   8]
 [117  49   2]
 [ 27   1  55]]
              precision    recall  f1-score   support

           0       0.78      0.95      0.85       524
           1       0.71      0.29      0.41       168
           2       0.85      0.66      0.74        83

    accuracy                           0.78       775
   macro avg       0.78      0.63      0.67       775
weighted avg       0.77      0.78      0.75       775

272 68.0
92 23.0
36 9.0
1726 64.2
640 23.8
321 11.9
(3087, 57) (3087,) (775, 57) (2687,) (2687,)

3 order Label Accuracy: 0.710
[[1572  116   38]
 [ 478  147   15]
 [  87   44  190]]
0.7104577595831782 [0.91077636 0.2296875  0.59190031]

 rate=13 and ii =5
Accuracy: 0.759
Macro Precision: 0.741
Macro Recall: 0.594
Macro F1-score: 0.624

[[504  16   7]
 [133  32   1]
 [ 24   6  52]]
              precision    recall  f1-score   support

           0       0.76      0.96      0.85       527
           1       0.59      0.19      0.29       166
           2       0.87      0.63      0.73        82

    accuracy                           0.76       775
   macro avg       0.74      0.59      0.62       775
weighted avg       0.74      0.76      0.72       775

272 68.0
92 23.0
36 9.0
1726 64.2
640 23.8
321 11.9
(3087, 57) (3087,) (775, 57) (2687,) (2687,)

4 order Label Accuracy: 0.725
[[1583   86   57]
 [ 451  171   18]
 [  98   30  193]]
0.7245999255675475 [0.91714948 0.2671875  0.60124611]

 rate=13 and ii =5
Accuracy: 0.792
Macro Precision: 0.826
Macro Recall: 0.645
Macro F1-score: 0.687

[[508   9   7]
 [116  51   1]
 [ 26   2  55]]
              precision    recall  f1-score   support

           0       0.78      0.97      0.87       524
           1       0.82      0.30      0.44       168
           2       0.87      0.66      0.75        83

    accuracy                           0.79       775
   macro avg       0.83      0.65      0.69       775
weighted avg       0.80      0.79      0.76       775

Time(sec):  7.8143362000000005
nodes = range(self.m)
range(0, 8)
Graph with 8 nodes and 0 edges
3 401 8
L
[[2 1 1 ... 1 1 1]
 [1 1 3 ... 3 3 3]
 [2 1 2 ... 1 2 2]
 ...
 [1 1 2 ... 1 2 2]
 [1 1 2 ... 1 2 2]
 [2 3 2 ... 1 2 2]]
L_ind
[[0. 1. 0. ... 1. 0. 0.]
 [1. 0. 0. ... 0. 0. 1.]
 [0. 1. 0. ... 0. 1. 0.]
 ...
 [1. 0. 0. ... 0. 1. 0.]
 [1. 0. 0. ... 0. 1. 0.]
 [0. 1. 0. ... 0. 1. 0.]]
3 2686 8
L
[[2 1 1 ... 1 2 2]
 [1 1 1 ... 1 2 2]
 [1 1 1 ... 1 1 1]
 ...
 [1 1 3 ... 3 3 3]
 [1 1 1 ... 3 3 3]
 [1 1 1 ... 3 3 3]]
L_ind
[[0. 1. 0. ... 0. 1. 0.]
 [1. 0. 0. ... 0. 1. 0.]
 [1. 0. 0. ... 1. 0. 0.]
 ...
 [1. 0. 0. ... 0. 0. 1.]
 [1. 0. 0. ... 0. 0. 1.]
 [1. 0. 0. ... 0. 0. 1.]]
243 60.6
101 25.2
57 14.2
1755 65.3
631 23.5
300 11.2
(3087, 57) (3087,) (775, 57) (775,)

 SNO Accuracy: 0.625
[[1194  299  262]
 [ 317  241   73]
 [  32   24  244]]

 rate=13 and ii =6
Accuracy: 0.768
Macro Precision: 0.723
Macro Recall: 0.714
Macro F1-score: 0.692

[[441  23  40]
 [ 89  69  15]
 [ 13   0  85]]
              precision    recall  f1-score   support

           0       0.81      0.88      0.84       504
           1       0.75      0.40      0.52       173
           2       0.61      0.87      0.71        98

    accuracy                           0.77       775
   macro avg       0.72      0.71      0.69       775
weighted avg       0.77      0.77      0.75       775

243 60.6
101 25.2
57 14.2
1755 65.3
631 23.5
300 11.2
(3087, 57) (3087,) (775, 57) (775,)

semi-SelfTrain Label Accuracy: 0.716
[[1612   74   69]
 [ 497  106   28]
 [  91    5  204]]
0.7155621742367834 [0.91851852 0.16798732 0.68      ]

 rate=13 and ii =6
Accuracy: 0.777
Macro Precision: 0.757
Macro Recall: 0.656
Macro F1-score: 0.668

[[492  15  13]
 [120  41   5]
 [ 17   3  69]]
              precision    recall  f1-score   support

         0.0       0.78      0.95      0.86       520
         1.0       0.69      0.25      0.36       166
         2.0       0.79      0.78      0.78        89

    accuracy                           0.78       775
   macro avg       0.76      0.66      0.67       775
weighted avg       0.76      0.78      0.74       775

243 60.6
101 25.2
57 14.2
1755 65.3
631 23.5
300 11.2
(3087, 57) (3087,) (775, 57) (775,)

semi-LabelSpread Label Accuracy: 0.683
[[1755    0    0]
 [ 555   76    0]
 [ 296    0    4]]
0.6831720029784065 [1.         0.12044374 0.01333333]

 rate=13 and ii =6
Accuracy: 0.734
Macro Precision: 0.908
Macro Recall: 0.390
Macro F1-score: 0.380

[[543   0   0]
 [134  25   0]
 [ 72   0   1]]
              precision    recall  f1-score   support

         0.0       0.72      1.00      0.84       543
         1.0       1.00      0.16      0.27       159
         2.0       1.00      0.01      0.03        73

    accuracy                           0.73       775
   macro avg       0.91      0.39      0.38       775
weighted avg       0.81      0.73      0.65       775

243 60.6
101 25.2
57 14.2
1755 65.3
631 23.5
300 11.2
(3087, 57) (3087,) (775, 57) (2686,) (2686,)

2 order Label Accuracy: 0.746
[[1632   68   55]
 [ 458  158   15]
 [  75   11  214]]
0.746090841399851 [0.92991453 0.2503962  0.71333333]

 rate=13 and ii =6
Accuracy: 0.799
Macro Precision: 0.826
Macro Recall: 0.663
Macro F1-score: 0.692

[[511   7   9]
 [115  46   3]
 [ 21   1  62]]
              precision    recall  f1-score   support

           0       0.79      0.97      0.87       527
           1       0.85      0.28      0.42       164
           2       0.84      0.74      0.78        84

    accuracy                           0.80       775
   macro avg       0.83      0.66      0.69       775
weighted avg       0.81      0.80      0.77       775

243 60.6
101 25.2
57 14.2
1755 65.3
631 23.5
300 11.2
(3087, 57) (3087,) (775, 57) (2686,) (2686,)

3 order Label Accuracy: 0.746
[[1633   68   54]
 [ 458  155   18]
 [  73   12  215]]
0.7457185405807892 [0.93048433 0.24564184 0.71666667]

 rate=13 and ii =6
Accuracy: 0.801
Macro Precision: 0.831
Macro Recall: 0.669
Macro F1-score: 0.696

[[510   6   9]
 [114  46   4]
 [ 20   1  65]]
              precision    recall  f1-score   support

           0       0.79      0.97      0.87       525
           1       0.87      0.28      0.42       164
           2       0.83      0.76      0.79        86

    accuracy                           0.80       775
   macro avg       0.83      0.67      0.70       775
weighted avg       0.81      0.80      0.77       775

243 60.6
101 25.2
57 14.2
1755 65.3
631 23.5
300 11.2
(3087, 57) (3087,) (775, 57) (2686,) (2686,)

4 order Label Accuracy: 0.747
[[1637   66   52]
 [ 457  155   19]
 [  76   10  214]]
0.7468354430379747 [0.93276353 0.24564184 0.71333333]

 rate=13 and ii =6
Accuracy: 0.803
Macro Precision: 0.842
Macro Recall: 0.671
Macro F1-score: 0.701

[[510   6   7]
 [116  46   3]
 [ 20   1  66]]
              precision    recall  f1-score   support

           0       0.79      0.98      0.87       523
           1       0.87      0.28      0.42       165
           2       0.87      0.76      0.81        87

    accuracy                           0.80       775
   macro avg       0.84      0.67      0.70       775
weighted avg       0.82      0.80      0.77       775

Time(sec):  7.568390000000001
nodes = range(self.m)
range(0, 8)
Graph with 8 nodes and 0 edges
3 401 8
L
[[1 1 3 ... 1 3 3]
 [1 1 1 ... 1 1 1]
 [1 1 2 ... 1 2 2]
 ...
 [3 1 3 ... 1 3 3]
 [1 1 1 ... 1 1 1]
 [1 1 3 ... 3 3 3]]
L_ind
[[1. 0. 0. ... 0. 0. 1.]
 [1. 0. 0. ... 1. 0. 0.]
 [1. 0. 0. ... 0. 1. 0.]
 ...
 [0. 0. 1. ... 0. 0. 1.]
 [1. 0. 0. ... 1. 0. 0.]
 [1. 0. 0. ... 0. 0. 1.]]
3 2686 8
L
[[2 1 3 ... 1 1 1]
 [1 1 1 ... 1 1 1]
 [1 1 1 ... 1 1 1]
 ...
 [3 1 3 ... 1 3 1]
 [1 1 1 ... 3 3 3]
 [1 1 1 ... 3 3 3]]
L_ind
[[0. 1. 0. ... 1. 0. 0.]
 [1. 0. 0. ... 1. 0. 0.]
 [1. 0. 0. ... 1. 0. 0.]
 ...
 [0. 0. 1. ... 1. 0. 0.]
 [1. 0. 0. ... 0. 0. 1.]
 [1. 0. 0. ... 0. 0. 1.]]
264 65.8
92 22.9
45 11.2
1734 64.6
640 23.8
312 11.6
(3087, 57) (3087,) (775, 57) (775,)

 SNO Accuracy: 0.606
[[1108  335  291]
 [ 296  268   76]
 [  38   22  252]]

 rate=13 and ii =7
Accuracy: 0.747
Macro Precision: 0.683
Macro Recall: 0.714
Macro F1-score: 0.689

[[415  52  31]
 [ 84  79  16]
 [ 10   3  85]]
              precision    recall  f1-score   support

           0       0.82      0.83      0.82       498
           1       0.59      0.44      0.50       179
           2       0.64      0.87      0.74        98

    accuracy                           0.75       775
   macro avg       0.68      0.71      0.69       775
weighted avg       0.74      0.75      0.74       775

264 65.8
92 22.9
45 11.2
1734 64.6
640 23.8
312 11.6
(3087, 57) (3087,) (775, 57) (775,)

semi-SelfTrain Label Accuracy: 0.722
[[1584   89   61]
 [ 471  143   26]
 [  91    9  212]]
0.7218912881608339 [0.91349481 0.2234375  0.67948718]

 rate=13 and ii =7
Accuracy: 0.760
Macro Precision: 0.709
Macro Recall: 0.633
Macro F1-score: 0.643

[[489  25  10]
 [124  34   6]
 [ 18   3  66]]
              precision    recall  f1-score   support

         0.0       0.77      0.93      0.85       524
         1.0       0.55      0.21      0.30       164
         2.0       0.80      0.76      0.78        87

    accuracy                           0.76       775
   macro avg       0.71      0.63      0.64       775
weighted avg       0.73      0.76      0.72       775

264 65.8
92 22.9
45 11.2
1734 64.6
640 23.8
312 11.6
(3087, 57) (3087,) (775, 57) (775,)

semi-LabelSpread Label Accuracy: 0.675
[[1734    0    0]
 [ 569   71    0]
 [ 305    0    7]]
0.6746090841399851 [1.        0.1109375 0.0224359]

 rate=13 and ii =7
Accuracy: 0.721
Macro Precision: 0.905
Macro Recall: 0.370
Macro F1-score: 0.347

[[544   0   0]
 [144  13   0]
 [ 72   0   2]]
              precision    recall  f1-score   support

         0.0       0.72      1.00      0.83       544
         1.0       1.00      0.08      0.15       157
         2.0       1.00      0.03      0.05        74

    accuracy                           0.72       775
   macro avg       0.91      0.37      0.35       775
weighted avg       0.80      0.72      0.62       775

264 65.8
92 22.9
45 11.2
1734 64.6
640 23.8
312 11.6
(3087, 57) (3087,) (775, 57) (2686,) (2686,)

2 order Label Accuracy: 0.748
[[1598   92   44]
 [ 418  195   27]
 [  87    8  217]]
0.7483246463142219 [0.92156863 0.3046875  0.69551282]

 rate=13 and ii =7
Accuracy: 0.783
Macro Precision: 0.776
Macro Recall: 0.647
Macro F1-score: 0.678

[[500  19   8]
 [113  46   3]
 [ 24   1  61]]
              precision    recall  f1-score   support

           0       0.78      0.95      0.86       527
           1       0.70      0.28      0.40       162
           2       0.85      0.71      0.77        86

    accuracy                           0.78       775
   macro avg       0.78      0.65      0.68       775
weighted avg       0.77      0.78      0.75       775

264 65.8
92 22.9
45 11.2
1734 64.6
640 23.8
312 11.6
(3087, 57) (3087,) (775, 57) (2686,) (2686,)

3 order Label Accuracy: 0.749
[[1605   90   39]
 [ 423  196   21]
 [  90   11  211]]
0.7490692479523455 [0.92560554 0.30625    0.67628205]

 rate=13 and ii =7
Accuracy: 0.786
Macro Precision: 0.779
Macro Recall: 0.655
Macro F1-score: 0.687

[[499  21   7]
 [111  49   3]
 [ 23   1  61]]
              precision    recall  f1-score   support

           0       0.79      0.95      0.86       527
           1       0.69      0.30      0.42       163
           2       0.86      0.72      0.78        85

    accuracy                           0.79       775
   macro avg       0.78      0.66      0.69       775
weighted avg       0.78      0.79      0.76       775

264 65.8
92 22.9
45 11.2
1734 64.6
640 23.8
312 11.6
(3087, 57) (3087,) (775, 57) (2686,) (2686,)

4 order Label Accuracy: 0.749
[[1606   88   40]
 [ 426  194   20]
 [  90   10  212]]
0.7490692479523455 [0.92618224 0.303125   0.67948718]

 rate=13 and ii =7
Accuracy: 0.790
Macro Precision: 0.789
Macro Recall: 0.657
Macro F1-score: 0.689

[[502  18   7]
 [111  48   3]
 [ 23   1  62]]
              precision    recall  f1-score   support

           0       0.79      0.95      0.86       527
           1       0.72      0.30      0.42       162
           2       0.86      0.72      0.78        86

    accuracy                           0.79       775
   macro avg       0.79      0.66      0.69       775
weighted avg       0.78      0.79      0.76       775

Time(sec):  7.578177
nodes = range(self.m)
range(0, 8)
Graph with 8 nodes and 0 edges
3 402 8
L
[[1 1 1 ... 1 1 1]
 [2 1 2 ... 1 2 2]
 [2 1 2 ... 1 2 2]
 ...
 [2 1 3 ... 3 3 3]
 [1 1 1 ... 1 1 1]
 [1 1 1 ... 1 1 1]]
L_ind
[[1. 0. 0. ... 1. 0. 0.]
 [0. 1. 0. ... 0. 1. 0.]
 [0. 1. 0. ... 0. 1. 0.]
 ...
 [0. 1. 0. ... 0. 0. 1.]
 [1. 0. 0. ... 1. 0. 0.]
 [1. 0. 0. ... 1. 0. 0.]]
3 2685 8
L
[[2 1 3 ... 1 1 1]
 [1 1 1 ... 1 1 1]
 [1 1 1 ... 1 1 1]
 ...
 [1 1 3 ... 3 3 3]
 [1 1 1 ... 3 3 3]
 [2 1 1 ... 3 3 3]]
L_ind
[[0. 1. 0. ... 1. 0. 0.]
 [1. 0. 0. ... 1. 0. 0.]
 [1. 0. 0. ... 1. 0. 0.]
 ...
 [1. 0. 0. ... 0. 0. 1.]
 [1. 0. 0. ... 0. 0. 1.]
 [0. 1. 0. ... 0. 0. 1.]]
267 66.4
99 24.6
36 9.0
1731 64.5
633 23.6
321 12.0
(3087, 57) (3087,) (775, 57) (775,)

 SNO Accuracy: 0.603
[[1058  447  226]
 [ 259  290   84]
 [  35   14  272]]

 rate=13 and ii =8
Accuracy: 0.741
Macro Precision: 0.683
Macro Recall: 0.722
Macro F1-score: 0.698

[[397  69  28]
 [ 75  90  15]
 [ 12   2  87]]
              precision    recall  f1-score   support

           0       0.82      0.80      0.81       494
           1       0.56      0.50      0.53       180
           2       0.67      0.86      0.75       101

    accuracy                           0.74       775
   macro avg       0.68      0.72      0.70       775
weighted avg       0.74      0.74      0.74       775

267 66.4
99 24.6
36 9.0
1731 64.5
633 23.6
321 12.0
(3087, 57) (3087,) (775, 57) (775,)

semi-SelfTrain Label Accuracy: 0.761
[[1694    0   37]
 [ 484  124   25]
 [  96    0  225]]
0.7608938547486034 [0.97862507 0.19589258 0.70093458]

 rate=13 and ii =8
Accuracy: 0.795
Macro Precision: 0.864
Macro Recall: 0.642
Macro F1-score: 0.659

[[522   0  10]
 [123  31   5]
 [ 21   0  63]]
              precision    recall  f1-score   support

         0.0       0.78      0.98      0.87       532
         1.0       1.00      0.19      0.33       159
         2.0       0.81      0.75      0.78        84

    accuracy                           0.79       775
   macro avg       0.86      0.64      0.66       775
weighted avg       0.83      0.79      0.75       775

267 66.4
99 24.6
36 9.0
1731 64.5
633 23.6
321 12.0
(3087, 57) (3087,) (775, 57) (775,)

semi-LabelSpread Label Accuracy: 0.677
[[1731    0    0]
 [ 555   78    0]
 [ 312    0    9]]
0.6770949720670391 [1.         0.12322275 0.02803738]

 rate=13 and ii =8
Accuracy: 0.738
Macro Precision: 0.910
Macro Recall: 0.398
Macro F1-score: 0.396

[[545   0   0]
 [134  24   0]
 [ 69   0   3]]
              precision    recall  f1-score   support

         0.0       0.73      1.00      0.84       545
         1.0       1.00      0.15      0.26       158
         2.0       1.00      0.04      0.08        72

    accuracy                           0.74       775
   macro avg       0.91      0.40      0.40       775
weighted avg       0.81      0.74      0.65       775

267 66.4
99 24.6
36 9.0
1731 64.5
633 23.6
321 12.0
(3087, 57) (3087,) (775, 57) (2685,) (2685,)

2 order Label Accuracy: 0.756
[[1656   47   28]
 [ 455  160   18]
 [ 104    2  215]]
0.7564245810055866 [0.95667244 0.25276461 0.66978193]

 rate=13 and ii =8
Accuracy: 0.800
Macro Precision: 0.849
Macro Recall: 0.641
Macro F1-score: 0.676

[[524   4   7]
 [116  40   3]
 [ 25   0  56]]
              precision    recall  f1-score   support

           0       0.79      0.98      0.87       535
           1       0.91      0.25      0.39       159
           2       0.85      0.69      0.76        81

    accuracy                           0.80       775
   macro avg       0.85      0.64      0.68       775
weighted avg       0.82      0.80      0.76       775

267 66.4
99 24.6
36 9.0
1731 64.5
633 23.6
321 12.0
(3087, 57) (3087,) (775, 57) (2685,) (2685,)

3 order Label Accuracy: 0.756
[[1663   43   25]
 [ 460  156   17]
 [ 108    2  211]]
0.7560521415270018 [0.96071635 0.2464455  0.65732087]

 rate=13 and ii =8
Accuracy: 0.801
Macro Precision: 0.850
Macro Recall: 0.645
Macro F1-score: 0.679

[[524   4   7]
 [116  40   3]
 [ 24   0  57]]
              precision    recall  f1-score   support

           0       0.79      0.98      0.87       535
           1       0.91      0.25      0.39       159
           2       0.85      0.70      0.77        81

    accuracy                           0.80       775
   macro avg       0.85      0.64      0.68       775
weighted avg       0.82      0.80      0.76       775

267 66.4
99 24.6
36 9.0
1731 64.5
633 23.6
321 12.0
(3087, 57) (3087,) (775, 57) (2685,) (2685,)

4 order Label Accuracy: 0.756
[[1662   44   25]
 [ 460  156   17]
 [ 107    3  211]]
0.7556797020484172 [0.96013865 0.2464455  0.65732087]

 rate=13 and ii =8
Accuracy: 0.801
Macro Precision: 0.859
Macro Recall: 0.638
Macro F1-score: 0.676

[[526   3   6]
 [116  40   3]
 [ 26   0  55]]
              precision    recall  f1-score   support

           0       0.79      0.98      0.87       535
           1       0.93      0.25      0.40       159
           2       0.86      0.68      0.76        81

    accuracy                           0.80       775
   macro avg       0.86      0.64      0.68       775
weighted avg       0.82      0.80      0.76       775

Time(sec):  7.4897695
nodes = range(self.m)
range(0, 8)
Graph with 8 nodes and 0 edges
3 401 8
L
[[1 1 2 ... 3 2 2]
 [1 1 1 ... 1 1 1]
 [2 1 2 ... 1 2 2]
 ...
 [1 1 1 ... 1 1 1]
 [1 1 1 ... 1 1 1]
 [1 1 1 ... 1 1 1]]
L_ind
[[1. 0. 0. ... 0. 1. 0.]
 [1. 0. 0. ... 1. 0. 0.]
 [0. 1. 0. ... 0. 1. 0.]
 ...
 [1. 0. 0. ... 1. 0. 0.]
 [1. 0. 0. ... 1. 0. 0.]
 [1. 0. 0. ... 1. 0. 0.]]
3 2686 8
L
[[2 1 1 ... 1 1 1]
 [1 1 1 ... 1 1 1]
 [2 1 1 ... 1 3 3]
 ...
 [1 1 3 ... 3 3 3]
 [1 1 1 ... 3 3 3]
 [1 1 1 ... 3 3 3]]
L_ind
[[0. 1. 0. ... 1. 0. 0.]
 [1. 0. 0. ... 1. 0. 0.]
 [0. 1. 0. ... 0. 0. 1.]
 ...
 [1. 0. 0. ... 0. 0. 1.]
 [1. 0. 0. ... 0. 0. 1.]
 [1. 0. 0. ... 0. 0. 1.]]
256 63.8
106 26.4
39 9.7
1742 64.9
626 23.3
318 11.8
(3087, 57) (3087,) (775, 57) (775,)

 SNO Accuracy: 0.660
[[1254  279  209]
 [ 308  260   58]
 [  32   27  259]]

 rate=13 and ii =9
Accuracy: 0.786
Macro Precision: 0.737
Macro Recall: 0.736
Macro F1-score: 0.719

[[450  28  31]
 [ 84  75  12]
 [ 10   1  84]]
              precision    recall  f1-score   support

           0       0.83      0.88      0.85       509
           1       0.72      0.44      0.55       171
           2       0.66      0.88      0.76        95

    accuracy                           0.79       775
   macro avg       0.74      0.74      0.72       775
weighted avg       0.78      0.79      0.77       775

256 63.8
106 26.4
39 9.7
1742 64.9
626 23.3
318 11.8
(3087, 57) (3087,) (775, 57) (775,)

semi-SelfTrain Label Accuracy: 0.743
[[1685   11   46]
 [ 514   90   22]
 [  93    3  222]]
0.7434847356664185 [0.96727899 0.14376997 0.69811321]

 rate=13 and ii =9
Accuracy: 0.781
Macro Precision: 0.854
Macro Recall: 0.615
Macro F1-score: 0.630

[[519   0  13]
 [129  26   3]
 [ 25   0  60]]
              precision    recall  f1-score   support

         0.0       0.77      0.98      0.86       532
         1.0       1.00      0.16      0.28       158
         2.0       0.79      0.71      0.75        85

    accuracy                           0.78       775
   macro avg       0.85      0.62      0.63       775
weighted avg       0.82      0.78      0.73       775

256 63.8
106 26.4
39 9.7
1742 64.9
626 23.3
318 11.8
(3087, 57) (3087,) (775, 57) (775,)

semi-LabelSpread Label Accuracy: 0.680
[[1742    0    0]
 [ 551   75    0]
 [ 308    0   10]]
0.6801935964259122 [1.         0.11980831 0.03144654]

 rate=13 and ii =9
Accuracy: 0.738
Macro Precision: 0.910
Macro Recall: 0.400
Macro F1-score: 0.401

[[545   0   0]
 [134  23   0]
 [ 69   0   4]]
              precision    recall  f1-score   support

         0.0       0.73      1.00      0.84       545
         1.0       1.00      0.15      0.26       157
         2.0       1.00      0.05      0.10        73

    accuracy                           0.74       775
   macro avg       0.91      0.40      0.40       775
weighted avg       0.81      0.74      0.65       775

256 63.8
106 26.4
39 9.7
1742 64.9
626 23.3
318 11.8
(3087, 57) (3087,) (775, 57) (2686,) (2686,)

2 order Label Accuracy: 0.725
[[1573  122   47]
 [ 455  150   21]
 [  76   18  224]]
0.7248696947133284 [0.90298507 0.23961661 0.70440252]

 rate=13 and ii =9
Accuracy: 0.785
Macro Precision: 0.797
Macro Recall: 0.635
Macro F1-score: 0.668

[[505  10  10]
 [114  46   4]
 [ 28   1  57]]
              precision    recall  f1-score   support

           0       0.78      0.96      0.86       525
           1       0.81      0.28      0.42       164
           2       0.80      0.66      0.73        86

    accuracy                           0.78       775
   macro avg       0.80      0.64      0.67       775
weighted avg       0.79      0.78      0.75       775

256 63.8
106 26.4
39 9.7
1742 64.9
626 23.3
318 11.8
(3087, 57) (3087,) (775, 57) (2686,) (2686,)

3 order Label Accuracy: 0.745
[[1650   58   34]
 [ 470  136   20]
 [  96    8  214]]
0.7446016381236039 [0.94718714 0.2172524  0.67295597]

 rate=13 and ii =9
Accuracy: 0.799
Macro Precision: 0.866
Macro Recall: 0.638
Macro F1-score: 0.673

[[524   2   6]
 [120  37   3]
 [ 25   0  58]]
              precision    recall  f1-score   support

           0       0.78      0.98      0.87       532
           1       0.95      0.23      0.37       160
           2       0.87      0.70      0.77        83

    accuracy                           0.80       775
   macro avg       0.87      0.64      0.67       775
weighted avg       0.83      0.80      0.76       775

256 63.8
106 26.4
39 9.7
1742 64.9
626 23.3
318 11.8
(3087, 57) (3087,) (775, 57) (2686,) (2686,)

4 order Label Accuracy: 0.746
[[1653   56   33]
 [ 470  137   19]
 [  95    9  214]]
0.746090841399851 [0.9489093  0.21884984 0.67295597]

 rate=13 and ii =9
Accuracy: 0.794
Macro Precision: 0.837
Macro Recall: 0.624
Macro F1-score: 0.659

[[523   2   6]
 [119  37   4]
 [ 26   3  55]]
              precision    recall  f1-score   support

           0       0.78      0.98      0.87       531
           1       0.88      0.23      0.37       160
           2       0.85      0.65      0.74        84

    accuracy                           0.79       775
   macro avg       0.84      0.62      0.66       775
weighted avg       0.81      0.79      0.75       775

Time(sec):  7.8248690000000005
nodes = range(self.m)
range(0, 8)
Graph with 8 nodes and 0 edges
3 400 8
L
[[1 1 2 ... 1 2 2]
 [3 1 3 ... 1 3 3]
 [2 1 2 ... 1 2 1]
 ...
 [2 3 2 ... 1 2 2]
 [1 1 3 ... 1 3 3]
 [1 1 2 ... 1 2 2]]
L_ind
[[1. 0. 0. ... 0. 1. 0.]
 [0. 0. 1. ... 0. 0. 1.]
 [0. 1. 0. ... 1. 0. 0.]
 ...
 [0. 1. 0. ... 0. 1. 0.]
 [1. 0. 0. ... 0. 0. 1.]
 [1. 0. 0. ... 0. 1. 0.]]
3 2687 8
L
[[2 1 1 ... 1 1 2]
 [1 1 1 ... 1 2 2]
 [1 1 1 ... 1 2 2]
 ...
 [3 1 3 ... 1 3 3]
 [1 1 1 ... 3 3 3]
 [1 1 1 ... 3 3 3]]
L_ind
[[0. 1. 0. ... 0. 1. 0.]
 [1. 0. 0. ... 0. 1. 0.]
 [1. 0. 0. ... 0. 1. 0.]
 ...
 [0. 0. 1. ... 0. 0. 1.]
 [1. 0. 0. ... 0. 0. 1.]
 [1. 0. 0. ... 0. 0. 1.]]
253 63.2
99 24.8
48 12.0
1745 64.9
633 23.6
309 11.5
(3087, 57) (3087,) (775, 57) (775,)

 SNO Accuracy: 0.643
[[1202  363  180]
 [ 310  286   37]
 [  31   37  241]]

 rate=13 and ii =10
Accuracy: 0.761
Macro Precision: 0.717
Macro Recall: 0.732
Macro F1-score: 0.722

[[418  62  18]
 [ 83  90   9]
 [ 10   3  82]]
              precision    recall  f1-score   support

           0       0.82      0.84      0.83       498
           1       0.58      0.49      0.53       182
           2       0.75      0.86      0.80        95

    accuracy                           0.76       775
   macro avg       0.72      0.73      0.72       775
weighted avg       0.75      0.76      0.76       775

253 63.2
99 24.8
48 12.0
1745 64.9
633 23.6
309 11.5
(3087, 57) (3087,) (775, 57) (775,)

semi-SelfTrain Label Accuracy: 0.731
[[1661   23   61]
 [ 504  110   19]
 [ 106   10  193]]
0.7309266840342389 [0.95186246 0.17377567 0.62459547]

 rate=13 and ii =10
Accuracy: 0.768
Macro Precision: 0.783
Macro Recall: 0.598
Macro F1-score: 0.618

[[511   4  10]
 [133  27   3]
 [ 26   4  57]]
              precision    recall  f1-score   support

         0.0       0.76      0.97      0.86       525
         1.0       0.77      0.17      0.27       163
         2.0       0.81      0.66      0.73        87

    accuracy                           0.77       775
   macro avg       0.78      0.60      0.62       775
weighted avg       0.77      0.77      0.72       775

253 63.2
99 24.8
48 12.0
1745 64.9
633 23.6
309 11.5
(3087, 57) (3087,) (775, 57) (775,)

semi-LabelSpread Label Accuracy: 0.681
[[1745    0    0]
 [ 557   76    0]
 [ 301    0    8]]
0.6806847785634537 [1.         0.12006319 0.02588997]

 rate=13 and ii =10
Accuracy: 0.726
Macro Precision: 0.573
Macro Recall: 0.377
Macro F1-score: 0.356

[[542   0   0]
 [140  21   0]
 [ 72   0   0]]
              precision    recall  f1-score   support

         0.0       0.72      1.00      0.84       542
         1.0       1.00      0.13      0.23       161
         2.0       0.00      0.00      0.00        72

    accuracy                           0.73       775
   macro avg       0.57      0.38      0.36       775
weighted avg       0.71      0.73      0.63       775

253 63.2
99 24.8
48 12.0
1745 64.9
633 23.6
309 11.5
(3087, 57) (3087,) (775, 57) (2687,) (2687,)

2 order Label Accuracy: 0.719
[[1529  146   70]
 [ 430  186   17]
 [  71   21  217]]
0.7190174916263491 [0.87621777 0.29383886 0.70226537]

 rate=13 and ii =10
Accuracy: 0.777
Macro Precision: 0.758
Macro Recall: 0.643
Macro F1-score: 0.668

[[493  17  12]
 [112  49   5]
 [ 24   3  60]]
              precision    recall  f1-score   support

           0       0.78      0.94      0.86       522
           1       0.71      0.30      0.42       166
           2       0.78      0.69      0.73        87

    accuracy                           0.78       775
   macro avg       0.76      0.64      0.67       775
weighted avg       0.77      0.78      0.75       775

253 63.2
99 24.8
48 12.0
1745 64.9
633 23.6
309 11.5
(3087, 57) (3087,) (775, 57) (2687,) (2687,)

3 order Label Accuracy: 0.743
[[1622   58   65]
 [ 451  164   18]
 [  86   13  210]]
0.7428358764421288 [0.92951289 0.25908373 0.67961165]

 rate=13 and ii =10
Accuracy: 0.783
Macro Precision: 0.795
Macro Recall: 0.639
Macro F1-score: 0.664

[[506   8  11]
 [122  39   2]
 [ 22   3  62]]
              precision    recall  f1-score   support

           0       0.78      0.96      0.86       525
           1       0.78      0.24      0.37       163
           2       0.83      0.71      0.77        87

    accuracy                           0.78       775
   macro avg       0.80      0.64      0.66       775
weighted avg       0.78      0.78      0.75       775

253 63.2
99 24.8
48 12.0
1745 64.9
633 23.6
309 11.5
(3087, 57) (3087,) (775, 57) (2687,) (2687,)

4 order Label Accuracy: 0.743
[[1622   59   64]
 [ 451  164   18]
 [  85   14  210]]
0.7428358764421288 [0.92951289 0.25908373 0.67961165]

 rate=13 and ii =10
Accuracy: 0.781
Macro Precision: 0.782
Macro Recall: 0.639
Macro F1-score: 0.664

[[503  11  11]
 [121  40   2]
 [ 22   3  62]]
              precision    recall  f1-score   support

           0       0.78      0.96      0.86       525
           1       0.74      0.25      0.37       163
           2       0.83      0.71      0.77        87

    accuracy                           0.78       775
   macro avg       0.78      0.64      0.66       775
weighted avg       0.78      0.78      0.75       775

Time(sec):  7.591277000000001
nodes = range(self.m)
range(0, 8)
Graph with 8 nodes and 0 edges
3 402 8
L
[[1 1 2 ... 1 2 2]
 [1 1 3 ... 3 3 3]
 [1 1 1 ... 1 1 1]
 ...
 [1 1 2 ... 1 2 2]
 [2 2 1 ... 1 1 1]
 [2 1 3 ... 3 3 3]]
L_ind
[[1. 0. 0. ... 0. 1. 0.]
 [1. 0. 0. ... 0. 0. 1.]
 [1. 0. 0. ... 1. 0. 0.]
 ...
 [1. 0. 0. ... 0. 1. 0.]
 [0. 1. 0. ... 1. 0. 0.]
 [0. 1. 0. ... 0. 0. 1.]]
3 2685 8
L
[[1 1 1 ... 1 1 1]
 [1 1 1 ... 1 1 1]
 [1 1 1 ... 1 1 1]
 ...
 [1 1 3 ... 1 3 3]
 [1 1 1 ... 3 3 3]
 [2 1 1 ... 3 3 3]]
L_ind
[[1. 0. 0. ... 1. 0. 0.]
 [1. 0. 0. ... 1. 0. 0.]
 [1. 0. 0. ... 1. 0. 0.]
 ...
 [1. 0. 0. ... 0. 0. 1.]
 [1. 0. 0. ... 0. 0. 1.]
 [0. 1. 0. ... 0. 0. 1.]]
258 64.2
95 23.6
49 12.2
1740 64.8
637 23.7
308 11.5
(3087, 57) (3087,) (775, 57) (775,)

 SNO Accuracy: 0.641
[[1204  328  208]
 [ 309  257   71]
 [  29   20  259]]

 rate=13 and ii =11
Accuracy: 0.778
Macro Precision: 0.728
Macro Recall: 0.717
Macro F1-score: 0.701

[[452  26  26]
 [ 91  65  17]
 [ 10   2  86]]
              precision    recall  f1-score   support

           0       0.82      0.90      0.86       504
           1       0.70      0.38      0.49       173
           2       0.67      0.88      0.76        98

    accuracy                           0.78       775
   macro avg       0.73      0.72      0.70       775
weighted avg       0.77      0.78      0.76       775

258 64.2
95 23.6
49 12.2
1740 64.8
637 23.7
308 11.5
(3087, 57) (3087,) (775, 57) (775,)

semi-SelfTrain Label Accuracy: 0.749
[[1664   21   55]
 [ 478  136   23]
 [  91    5  212]]
0.7493482309124767 [0.95632184 0.21350078 0.68831169]

 rate=13 and ii =11
Accuracy: 0.786
Macro Precision: 0.828
Macro Recall: 0.643
Macro F1-score: 0.661

[[509   4  11]
 [125  34   4]
 [ 22   0  66]]
              precision    recall  f1-score   support

         0.0       0.78      0.97      0.86       524
         1.0       0.89      0.21      0.34       163
         2.0       0.81      0.75      0.78        88

    accuracy                           0.79       775
   macro avg       0.83      0.64      0.66       775
weighted avg       0.81      0.79      0.74       775

258 64.2
95 23.6
49 12.2
1740 64.8
637 23.7
308 11.5
(3087, 57) (3087,) (775, 57) (775,)

semi-LabelSpread Label Accuracy: 0.679
[[1740    0    0]
 [ 564   73    0]
 [ 298    0   10]]
0.6789571694599628 [1.         0.11459969 0.03246753]

 rate=13 and ii =11
Accuracy: 0.728
Macro Precision: 0.574
Macro Recall: 0.375
Macro F1-score: 0.354

[[544   0   0]
 [139  20   0]
 [ 72   0   0]]
              precision    recall  f1-score   support

         0.0       0.72      1.00      0.84       544
         1.0       1.00      0.13      0.22       159
         2.0       0.00      0.00      0.00        72

    accuracy                           0.73       775
   macro avg       0.57      0.38      0.35       775
weighted avg       0.71      0.73      0.63       775

258 64.2
95 23.6
49 12.2
1740 64.8
637 23.7
308 11.5
(3087, 57) (3087,) (775, 57) (2685,) (2685,)

2 order Label Accuracy: 0.752
[[1644   56   40]
 [ 458  160   19]
 [  76   16  216]]
0.7523277467411545 [0.94482759 0.25117739 0.7012987 ]

 rate=13 and ii =11
Accuracy: 0.797
Macro Precision: 0.838
Macro Recall: 0.653
Macro F1-score: 0.683

[[515   4   9]
 [118  42   3]
 [ 22   1  61]]
              precision    recall  f1-score   support

           0       0.79      0.98      0.87       528
           1       0.89      0.26      0.40       163
           2       0.84      0.73      0.78        84

    accuracy                           0.80       775
   macro avg       0.84      0.65      0.68       775
weighted avg       0.81      0.80      0.76       775

258 64.2
95 23.6
49 12.2
1740 64.8
637 23.7
308 11.5
(3087, 57) (3087,) (775, 57) (2685,) (2685,)

3 order Label Accuracy: 0.765
[[1677   28   35]
 [ 453  163   21]
 [  90    4  214]]
0.7649906890130354 [0.9637931  0.25588697 0.69480519]

 rate=13 and ii =11
Accuracy: 0.799
Macro Precision: 0.858
Macro Recall: 0.648
Macro F1-score: 0.683

[[517   3   7]
 [118  42   3]
 [ 25   0  60]]
              precision    recall  f1-score   support

           0       0.78      0.98      0.87       527
           1       0.93      0.26      0.40       163
           2       0.86      0.71      0.77        85

    accuracy                           0.80       775
   macro avg       0.86      0.65      0.68       775
weighted avg       0.82      0.80      0.76       775

258 64.2
95 23.6
49 12.2
1740 64.8
637 23.7
308 11.5
(3087, 57) (3087,) (775, 57) (2685,) (2685,)

4 order Label Accuracy: 0.752
[[1663   47   30]
 [ 462  155   20]
 [  91   15  202]]
0.7523277467411545 [0.95574713 0.2433281  0.65584416]

 rate=13 and ii =11
Accuracy: 0.792
Macro Precision: 0.825
Macro Recall: 0.633
Macro F1-score: 0.668

[[517   4   8]
 [118  42   3]
 [ 25   3  55]]
              precision    recall  f1-score   support

           0       0.78      0.98      0.87       529
           1       0.86      0.26      0.40       163
           2       0.83      0.66      0.74        83

    accuracy                           0.79       775
   macro avg       0.82      0.63      0.67       775
weighted avg       0.80      0.79      0.76       775

Time(sec):  7.8214929
nodes = range(self.m)
range(0, 8)
Graph with 8 nodes and 0 edges
3 400 8
L
[[1 1 2 ... 1 2 2]
 [1 1 1 ... 1 1 1]
 [1 1 3 ... 1 3 3]
 ...
 [1 1 1 ... 1 1 1]
 [2 1 3 ... 3 3 3]
 [1 1 2 ... 1 2 2]]
L_ind
[[1. 0. 0. ... 0. 1. 0.]
 [1. 0. 0. ... 1. 0. 0.]
 [1. 0. 0. ... 0. 0. 1.]
 ...
 [1. 0. 0. ... 1. 0. 0.]
 [0. 1. 0. ... 0. 0. 1.]
 [1. 0. 0. ... 0. 1. 0.]]
3 2687 8
L
[[1 1 1 ... 1 1 1]
 [1 1 1 ... 1 1 1]
 [2 1 1 ... 1 3 3]
 ...
 [1 1 3 ... 1 1 1]
 [1 1 1 ... 1 3 3]
 [1 1 1 ... 1 3 3]]
L_ind
[[1. 0. 0. ... 1. 0. 0.]
 [1. 0. 0. ... 1. 0. 0.]
 [0. 1. 0. ... 0. 0. 1.]
 ...
 [1. 0. 0. ... 1. 0. 0.]
 [1. 0. 0. ... 0. 0. 1.]
 [1. 0. 0. ... 0. 0. 1.]]
275 68.8
86 21.5
39 9.8
1723 64.1
646 24.0
318 11.8
(3087, 57) (3087,) (775, 57) (775,)

 SNO Accuracy: 0.662
[[1301  259  163]
 [ 342  234   70]
 [  44   31  243]]

 rate=13 and ii =12
Accuracy: 0.781
Macro Precision: 0.736
Macro Recall: 0.706
Macro F1-score: 0.696

[[466  21  25]
 [ 98  62  12]
 [ 11   3  77]]
              precision    recall  f1-score   support

           0       0.81      0.91      0.86       512
           1       0.72      0.36      0.48       172
           2       0.68      0.85      0.75        91

    accuracy                           0.78       775
   macro avg       0.74      0.71      0.70       775
weighted avg       0.77      0.78      0.76       775

275 68.8
86 21.5
39 9.8
1723 64.1
646 24.0
318 11.8
(3087, 57) (3087,) (775, 57) (775,)

semi-SelfTrain Label Accuracy: 0.715
[[1629   26   68]
 [ 548   67   31]
 [  87    5  226]]
0.7152958689988835 [0.94544399 0.10371517 0.71069182]

 rate=13 and ii =12
Accuracy: 0.769
Macro Precision: 0.792
Macro Recall: 0.626
Macro F1-score: 0.630

[[504   6  11]
 [136  25   5]
 [ 21   0  67]]
              precision    recall  f1-score   support

         0.0       0.76      0.97      0.85       521
         1.0       0.81      0.15      0.25       166
         2.0       0.81      0.76      0.78        88

    accuracy                           0.77       775
   macro avg       0.79      0.63      0.63       775
weighted avg       0.78      0.77      0.72       775

275 68.8
86 21.5
39 9.8
1723 64.1
646 24.0
318 11.8
(3087, 57) (3087,) (775, 57) (775,)

semi-LabelSpread Label Accuracy: 0.662
[[1723    0    0]
 [ 596   50    0]
 [ 311    0    7]]
0.6624488276888724 [1.         0.07739938 0.02201258]

 rate=13 and ii =12
Accuracy: 0.723
Macro Precision: 0.572
Macro Recall: 0.371
Macro F1-score: 0.345

[[542   0   0]
 [143  18   0]
 [ 72   0   0]]
              precision    recall  f1-score   support

         0.0       0.72      1.00      0.83       542
         1.0       1.00      0.11      0.20       161
         2.0       0.00      0.00      0.00        72

    accuracy                           0.72       775
   macro avg       0.57      0.37      0.35       775
weighted avg       0.71      0.72      0.63       775

275 68.8
86 21.5
39 9.8
1723 64.1
646 24.0
318 11.8
(3087, 57) (3087,) (775, 57) (2687,) (2687,)

2 order Label Accuracy: 0.725
[[1643   32   48]
 [ 524   98   24]
 [ 102   10  206]]
0.7245999255675475 [0.95356936 0.15170279 0.64779874]

 rate=13 and ii =12
Accuracy: 0.772
Macro Precision: 0.802
Macro Recall: 0.614
Macro F1-score: 0.632

[[512   6  10]
 [133  29   3]
 [ 25   0  57]]
              precision    recall  f1-score   support

           0       0.76      0.97      0.85       528
           1       0.83      0.18      0.29       165
           2       0.81      0.70      0.75        82

    accuracy                           0.77       775
   macro avg       0.80      0.61      0.63       775
weighted avg       0.78      0.77      0.72       775

275 68.8
86 21.5
39 9.8
1723 64.1
646 24.0
318 11.8
(3087, 57) (3087,) (775, 57) (2687,) (2687,)

3 order Label Accuracy: 0.725
[[1645   38   40]
 [ 524   99   23]
 [ 105    9  204]]
0.724972087830294 [0.95473012 0.15325077 0.64150943]

 rate=13 and ii =12
Accuracy: 0.774
Macro Precision: 0.814
Macro Recall: 0.616
Macro F1-score: 0.641

[[512   7   7]
 [133  31   2]
 [ 26   0  57]]
              precision    recall  f1-score   support

           0       0.76      0.97      0.86       526
           1       0.82      0.19      0.30       166
           2       0.86      0.69      0.77        83

    accuracy                           0.77       775
   macro avg       0.81      0.62      0.64       775
weighted avg       0.79      0.77      0.73       775

275 68.8
86 21.5
39 9.8
1723 64.1
646 24.0
318 11.8
(3087, 57) (3087,) (775, 57) (2687,) (2687,)

4 order Label Accuracy: 0.726
[[1645   38   40]
 [ 521  102   23]
 [ 103   10  205]]
0.7264607368812802 [0.95473012 0.15789474 0.64465409]

 rate=13 and ii =12
Accuracy: 0.778
Macro Precision: 0.823
Macro Recall: 0.619
Macro F1-score: 0.645

[[515   6   7]
 [132  31   2]
 [ 25   0  57]]
              precision    recall  f1-score   support

           0       0.77      0.98      0.86       528
           1       0.84      0.19      0.31       165
           2       0.86      0.70      0.77        82

    accuracy                           0.78       775
   macro avg       0.82      0.62      0.65       775
weighted avg       0.79      0.78      0.73       775

Time(sec):  8.6276409
nodes = range(self.m)
range(0, 8)
Graph with 8 nodes and 0 edges
3 401 8
L
[[3 1 3 ... 1 3 3]
 [1 1 1 ... 1 1 1]
 [1 1 1 ... 1 1 1]
 ...
 [1 1 3 ... 1 3 3]
 [1 1 1 ... 1 1 1]
 [1 3 2 ... 1 2 2]]
L_ind
[[0. 0. 1. ... 0. 0. 1.]
 [1. 0. 0. ... 1. 0. 0.]
 [1. 0. 0. ... 1. 0. 0.]
 ...
 [1. 0. 0. ... 0. 0. 1.]
 [1. 0. 0. ... 1. 0. 0.]
 [1. 0. 0. ... 0. 1. 0.]]
3 2686 8
L
[[1 1 3 ... 1 2 1]
 [1 1 1 ... 1 1 1]
 [1 1 1 ... 1 3 3]
 ...
 [1 1 3 ... 1 3 1]
 [1 1 1 ... 3 3 3]
 [1 1 1 ... 3 3 3]]
L_ind
[[1. 0. 0. ... 1. 0. 0.]
 [1. 0. 0. ... 1. 0. 0.]
 [1. 0. 0. ... 0. 0. 1.]
 ...
 [1. 0. 0. ... 1. 0. 0.]
 [1. 0. 0. ... 0. 0. 1.]
 [1. 0. 0. ... 0. 0. 1.]]
245 61.1
101 25.2
55 13.7
1753 65.3
631 23.5
302 11.2
(3087, 57) (3087,) (775, 57) (775,)

 SNO Accuracy: 0.633
[[1220  365  168]
 [ 343  246   42]
 [  32   35  235]]

 rate=13 and ii =13
Accuracy: 0.747
Macro Precision: 0.694
Macro Recall: 0.719
Macro F1-score: 0.701

[[414  59  26]
 [ 91  79   9]
 [ 10   1  86]]
              precision    recall  f1-score   support

           0       0.80      0.83      0.82       499
           1       0.57      0.44      0.50       179
           2       0.71      0.89      0.79        97

    accuracy                           0.75       775
   macro avg       0.69      0.72      0.70       775
weighted avg       0.74      0.75      0.74       775

245 61.1
101 25.2
55 13.7
1753 65.3
631 23.5
302 11.2
(3087, 57) (3087,) (775, 57) (775,)

semi-SelfTrain Label Accuracy: 0.767
[[1693    8   52]
 [ 459  155   17]
 [  88    3  211]]
0.7665673864482502 [0.96577296 0.24564184 0.6986755 ]

 rate=13 and ii =13
Accuracy: 0.805
Macro Precision: 0.867
Macro Recall: 0.669
Macro F1-score: 0.689

[[517   0  11]
 [116  40   5]
 [ 19   0  67]]
              precision    recall  f1-score   support

         0.0       0.79      0.98      0.88       528
         1.0       1.00      0.25      0.40       161
         2.0       0.81      0.78      0.79        86

    accuracy                           0.81       775
   macro avg       0.87      0.67      0.69       775
weighted avg       0.84      0.81      0.77       775

245 61.1
101 25.2
55 13.7
1753 65.3
631 23.5
302 11.2
(3087, 57) (3087,) (775, 57) (775,)

semi-LabelSpread Label Accuracy: 0.682
[[1753    0    0]
 [ 565   66    0]
 [ 288    0   14]]
0.6824274013402829 [1.         0.10459588 0.04635762]

 rate=13 and ii =13
Accuracy: 0.726
Macro Precision: 0.907
Macro Recall: 0.376
Macro F1-score: 0.356

[[544   0   0]
 [141  18   0]
 [ 71   0   1]]
              precision    recall  f1-score   support

         0.0       0.72      1.00      0.84       544
         1.0       1.00      0.11      0.20       159
         2.0       1.00      0.01      0.03        72

    accuracy                           0.73       775
   macro avg       0.91      0.38      0.36       775
weighted avg       0.80      0.73      0.63       775

245 61.1
101 25.2
55 13.7
1753 65.3
631 23.5
302 11.2
(3087, 57) (3087,) (775, 57) (2686,) (2686,)

2 order Label Accuracy: 0.739
[[1575  117   61]
 [ 429  182   20]
 [  54   20  228]]
0.7390171258376769 [0.89845978 0.28843106 0.75496689]

 rate=13 and ii =13
Accuracy: 0.792
Macro Precision: 0.784
Macro Recall: 0.675
Macro F1-score: 0.688

[[499  10  16]
 [113  46   4]
 [ 15   3  69]]
              precision    recall  f1-score   support

           0       0.80      0.95      0.87       525
           1       0.78      0.28      0.41       163
           2       0.78      0.79      0.78        87

    accuracy                           0.79       775
   macro avg       0.78      0.68      0.69       775
weighted avg       0.79      0.79      0.76       775

245 61.1
101 25.2
55 13.7
1753 65.3
631 23.5
302 11.2
(3087, 57) (3087,) (775, 57) (2686,) (2686,)

3 order Label Accuracy: 0.739
[[1577  121   55]
 [ 431  184   16]
 [  54   23  225]]
0.7393894266567387 [0.89960068 0.29160063 0.74503311]

 rate=13 and ii =13
Accuracy: 0.790
Macro Precision: 0.782
Macro Recall: 0.668
Macro F1-score: 0.682

[[500  10  15]
 [115  44   4]
 [ 16   3  68]]
              precision    recall  f1-score   support

           0       0.79      0.95      0.87       525
           1       0.77      0.27      0.40       163
           2       0.78      0.78      0.78        87

    accuracy                           0.79       775
   macro avg       0.78      0.67      0.68       775
weighted avg       0.79      0.79      0.76       775

245 61.1
101 25.2
55 13.7
1753 65.3
631 23.5
302 11.2
(3087, 57) (3087,) (775, 57) (2686,) (2686,)

4 order Label Accuracy: 0.740
[[1578  123   52]
 [ 431  184   16]
 [  55   22  225]]
0.7397617274758005 [0.90017114 0.29160063 0.74503311]

 rate=13 and ii =13
Accuracy: 0.796
Macro Precision: 0.798
Macro Recall: 0.676
Macro F1-score: 0.692

[[503   8  13]
 [114  46   5]
 [ 15   3  68]]
              precision    recall  f1-score   support

           0       0.80      0.96      0.87       524
           1       0.81      0.28      0.41       165
           2       0.79      0.79      0.79        86

    accuracy                           0.80       775
   macro avg       0.80      0.68      0.69       775
weighted avg       0.80      0.80      0.76       775

Time(sec):  7.333131000000001
nodes = range(self.m)
range(0, 8)
Graph with 8 nodes and 0 edges
3 400 8
L
[[1 1 3 ... 1 3 3]
 [1 1 1 ... 1 1 1]
 [1 1 3 ... 1 3 3]
 ...
 [2 1 2 ... 1 2 2]
 [3 3 3 ... 1 3 3]
 [1 1 3 ... 1 3 3]]
L_ind
[[1. 0. 0. ... 0. 0. 1.]
 [1. 0. 0. ... 1. 0. 0.]
 [1. 0. 0. ... 0. 0. 1.]
 ...
 [0. 1. 0. ... 0. 1. 0.]
 [0. 0. 1. ... 0. 0. 1.]
 [1. 0. 0. ... 0. 0. 1.]]
3 2687 8
L
[[2 1 2 ... 1 1 1]
 [1 1 1 ... 1 1 1]
 [1 1 1 ... 1 1 1]
 ...
 [3 1 3 ... 1 1 3]
 [1 1 1 ... 3 3 3]
 [1 1 1 ... 3 3 3]]
L_ind
[[0. 1. 0. ... 1. 0. 0.]
 [1. 0. 0. ... 1. 0. 0.]
 [1. 0. 0. ... 1. 0. 0.]
 ...
 [0. 0. 1. ... 0. 0. 1.]
 [1. 0. 0. ... 0. 0. 1.]
 [1. 0. 0. ... 0. 0. 1.]]
260 65.0
92 23.0
48 12.0
1738 64.7
640 23.8
309 11.5
(3087, 57) (3087,) (775, 57) (775,)

 SNO Accuracy: 0.649
[[1251  340  147]
 [ 335  268   37]
 [  42   41  226]]

 rate=13 and ii =14
Accuracy: 0.756
Macro Precision: 0.696
Macro Recall: 0.693
Macro F1-score: 0.692

[[437  53  16]
 [ 89  75  11]
 [  9  11  74]]
              precision    recall  f1-score   support

           0       0.82      0.86      0.84       506
           1       0.54      0.43      0.48       175
           2       0.73      0.79      0.76        94

    accuracy                           0.76       775
   macro avg       0.70      0.69      0.69       775
weighted avg       0.74      0.76      0.75       775

260 65.0
92 23.0
48 12.0
1738 64.7
640 23.8
309 11.5
(3087, 57) (3087,) (775, 57) (775,)

semi-SelfTrain Label Accuracy: 0.697
[[1597   97   44]
 [ 520  108   12]
 [ 111   29  169]]
0.6974320803870487 [0.91887227 0.16875    0.54692557]

 rate=13 and ii =14
Accuracy: 0.752
Macro Precision: 0.712
Macro Recall: 0.607
Macro F1-score: 0.633

[[488  24   9]
 [126  40   3]
 [ 21   9  55]]
              precision    recall  f1-score   support

         0.0       0.77      0.94      0.84       521
         1.0       0.55      0.24      0.33       169
         2.0       0.82      0.65      0.72        85

    accuracy                           0.75       775
   macro avg       0.71      0.61      0.63       775
weighted avg       0.73      0.75      0.72       775

260 65.0
92 23.0
48 12.0
1738 64.7
640 23.8
309 11.5
(3087, 57) (3087,) (775, 57) (775,)

semi-LabelSpread Label Accuracy: 0.675
[[1738    0    0]
 [ 570   70    0]
 [ 303    0    6]]
0.6751023446222553 [1.         0.109375   0.01941748]

 rate=13 and ii =14
Accuracy: 0.728
Macro Precision: 0.907
Macro Recall: 0.382
Macro F1-score: 0.365

[[542   0   0]
 [139  21   0]
 [ 72   0   1]]
              precision    recall  f1-score   support

         0.0       0.72      1.00      0.84       542
         1.0       1.00      0.13      0.23       160
         2.0       1.00      0.01      0.03        73

    accuracy                           0.73       775
   macro avg       0.91      0.38      0.37       775
weighted avg       0.80      0.73      0.64       775

260 65.0
92 23.0
48 12.0
1738 64.7
640 23.8
309 11.5
(3087, 57) (3087,) (775, 57) (2687,) (2687,)

2 order Label Accuracy: 0.709
[[1594  112   32]
 [ 507  125    8]
 [ 102   20  187]]
0.7093412727949386 [0.91714614 0.1953125  0.60517799]

 rate=13 and ii =14
Accuracy: 0.764
Macro Precision: 0.746
Macro Recall: 0.608
Macro F1-score: 0.635

[[503  15   8]
 [131  33   1]
 [ 22   6  56]]
              precision    recall  f1-score   support

           0       0.77      0.96      0.85       526
           1       0.61      0.20      0.30       165
           2       0.86      0.67      0.75        84

    accuracy                           0.76       775
   macro avg       0.75      0.61      0.63       775
weighted avg       0.74      0.76      0.72       775

260 65.0
92 23.0
48 12.0
1738 64.7
640 23.8
309 11.5
(3087, 57) (3087,) (775, 57) (2687,) (2687,)

3 order Label Accuracy: 0.728
[[1664   51   23]
 [ 519  112    9]
 [ 112   17  180]]
0.7279493859322664 [0.95742232 0.175      0.58252427]

 rate=13 and ii =14
Accuracy: 0.772
Macro Precision: 0.777
Macro Recall: 0.597
Macro F1-score: 0.629

[[516   9   5]
 [131  30   2]
 [ 25   5  52]]
              precision    recall  f1-score   support

           0       0.77      0.97      0.86       530
           1       0.68      0.18      0.29       163
           2       0.88      0.63      0.74        82

    accuracy                           0.77       775
   macro avg       0.78      0.60      0.63       775
weighted avg       0.76      0.77      0.73       775

260 65.0
92 23.0
48 12.0
1738 64.7
640 23.8
309 11.5
(3087, 57) (3087,) (775, 57) (2687,) (2687,)

4 order Label Accuracy: 0.728
[[1663   52   23]
 [ 518  113    9]
 [ 110   19  180]]
0.7279493859322664 [0.95684695 0.1765625  0.58252427]

 rate=13 and ii =14
Accuracy: 0.773
Macro Precision: 0.779
Macro Recall: 0.596
Macro F1-score: 0.630

[[517   8   4]
 [131  31   2]
 [ 24   7  51]]
              precision    recall  f1-score   support

           0       0.77      0.98      0.86       529
           1       0.67      0.19      0.30       164
           2       0.89      0.62      0.73        82

    accuracy                           0.77       775
   macro avg       0.78      0.60      0.63       775
weighted avg       0.76      0.77      0.73       775

Time(sec):  8.0395093
nodes = range(self.m)
range(0, 8)
Graph with 8 nodes and 0 edges
3 401 8
L
[[1 1 1 ... 1 1 1]
 [1 1 2 ... 1 2 2]
 [1 1 1 ... 1 1 1]
 ...
 [1 1 3 ... 1 3 3]
 [3 1 3 ... 1 3 3]
 [1 1 1 ... 1 1 1]]
L_ind
[[1. 0. 0. ... 1. 0. 0.]
 [1. 0. 0. ... 0. 1. 0.]
 [1. 0. 0. ... 1. 0. 0.]
 ...
 [1. 0. 0. ... 0. 0. 1.]
 [0. 0. 1. ... 0. 0. 1.]
 [1. 0. 0. ... 1. 0. 0.]]
3 2686 8
L
[[1 1 1 ... 1 1 1]
 [2 1 1 ... 1 1 1]
 [1 1 1 ... 1 1 1]
 ...
 [1 1 2 ... 1 2 2]
 [1 1 1 ... 1 3 3]
 [2 1 1 ... 1 3 3]]
L_ind
[[1. 0. 0. ... 1. 0. 0.]
 [0. 1. 0. ... 1. 0. 0.]
 [1. 0. 0. ... 1. 0. 0.]
 ...
 [1. 0. 0. ... 0. 1. 0.]
 [1. 0. 0. ... 0. 0. 1.]
 [0. 1. 0. ... 0. 0. 1.]]
268 66.8
93 23.2
40 10.0
1730 64.4
639 23.8
317 11.8
(3087, 57) (3087,) (775, 57) (775,)

 SNO Accuracy: 0.680
[[1314  300  116]
 [ 343  273   23]
 [  37   40  240]]

 rate=13 and ii =15
Accuracy: 0.777
Macro Precision: 0.738
Macro Recall: 0.690
Macro F1-score: 0.698

[[464  25  17]
 [103  64   8]
 [ 13   7  74]]
              precision    recall  f1-score   support

           0       0.80      0.92      0.85       506
           1       0.67      0.37      0.47       175
           2       0.75      0.79      0.77        94

    accuracy                           0.78       775
   macro avg       0.74      0.69      0.70       775
weighted avg       0.76      0.78      0.76       775

268 66.8
93 23.2
40 10.0
1730 64.4
639 23.8
317 11.8
(3087, 57) (3087,) (775, 57) (775,)

semi-SelfTrain Label Accuracy: 0.739
[[1680    5   45]
 [ 513  118    8]
 [ 110   20  187]]
0.7390171258376769 [0.97109827 0.18466354 0.58990536]

 rate=13 and ii =15
Accuracy: 0.769
Macro Precision: 0.771
Macro Recall: 0.589
Macro F1-score: 0.600

[[519   0   9]
 [137  19   4]
 [ 22   7  58]]
              precision    recall  f1-score   support

         0.0       0.77      0.98      0.86       528
         1.0       0.73      0.12      0.20       160
         2.0       0.82      0.67      0.73        87

    accuracy                           0.77       775
   macro avg       0.77      0.59      0.60       775
weighted avg       0.76      0.77      0.71       775

268 66.8
93 23.2
40 10.0
1730 64.4
639 23.8
317 11.8
(3087, 57) (3087,) (775, 57) (775,)

semi-LabelSpread Label Accuracy: 0.669
[[1730    0    0]
 [ 577   62    0]
 [ 312    0    5]]
0.6690245718540581 [1.         0.0970266  0.01577287]

 rate=13 and ii =15
Accuracy: 0.719
Macro Precision: 0.905
Macro Recall: 0.361
Macro F1-score: 0.330

[[545   0   0]
 [147  11   0]
 [ 71   0   1]]
              precision    recall  f1-score   support

         0.0       0.71      1.00      0.83       545
         1.0       1.00      0.07      0.13       158
         2.0       1.00      0.01      0.03        72

    accuracy                           0.72       775
   macro avg       0.90      0.36      0.33       775
weighted avg       0.80      0.72      0.62       775

268 66.8
93 23.2
40 10.0
1730 64.4
639 23.8
317 11.8
(3087, 57) (3087,) (775, 57) (2686,) (2686,)

2 order Label Accuracy: 0.748
[[1667   28   35]
 [ 479  152    8]
 [ 104   23  190]]
0.7479523454951601 [0.96358382 0.23787167 0.59936909]

 rate=13 and ii =15
Accuracy: 0.785
Macro Precision: 0.815
Macro Recall: 0.622
Macro F1-score: 0.652

[[514   3   7]
 [125  35   3]
 [ 24   5  59]]
              precision    recall  f1-score   support

           0       0.78      0.98      0.87       524
           1       0.81      0.21      0.34       163
           2       0.86      0.67      0.75        88

    accuracy                           0.78       775
   macro avg       0.81      0.62      0.65       775
weighted avg       0.79      0.78      0.74       775

268 66.8
93 23.2
40 10.0
1730 64.4
639 23.8
317 11.8
(3087, 57) (3087,) (775, 57) (2686,) (2686,)

3 order Label Accuracy: 0.747
[[1665   29   36]
 [ 481  153    5]
 [ 108   21  188]]
0.7468354430379747 [0.96242775 0.23943662 0.59305994]

 rate=13 and ii =15
Accuracy: 0.777
Macro Precision: 0.811
Macro Recall: 0.609
Macro F1-score: 0.637

[[511   3   9]
 [125  34   4]
 [ 29   3  57]]
              precision    recall  f1-score   support

           0       0.77      0.98      0.86       523
           1       0.85      0.21      0.33       163
           2       0.81      0.64      0.72        89

    accuracy                           0.78       775
   macro avg       0.81      0.61      0.64       775
weighted avg       0.79      0.78      0.73       775

268 66.8
93 23.2
40 10.0
1730 64.4
639 23.8
317 11.8
(3087, 57) (3087,) (775, 57) (2686,) (2686,)

4 order Label Accuracy: 0.749
[[1672   24   34]
 [ 482  150    7]
 [ 102   24  191]]
0.7494415487714073 [0.96647399 0.23474178 0.60252366]

 rate=13 and ii =15
Accuracy: 0.783
Macro Precision: 0.788
Macro Recall: 0.618
Macro F1-score: 0.647

[[514   4   7]
 [123  35   4]
 [ 22   8  58]]
              precision    recall  f1-score   support

           0       0.78      0.98      0.87       525
           1       0.74      0.22      0.33       162
           2       0.84      0.66      0.74        88

    accuracy                           0.78       775
   macro avg       0.79      0.62      0.65       775
weighted avg       0.78      0.78      0.74       775

Time(sec):  7.5047746
