nodes = range(self.m)
range(0, 8)
Graph with 8 nodes and 0 edges
3 370 8
L
[[1 1 1 ... 1 1 1]
 [2 1 2 ... 1 2 2]
 [1 1 3 ... 1 3 3]
 ...
 [1 1 1 ... 1 1 1]
 [1 1 1 ... 1 1 1]
 [1 1 2 ... 1 2 2]]
L_ind
[[1. 0. 0. ... 1. 0. 0.]
 [0. 1. 0. ... 0. 1. 0.]
 [1. 0. 0. ... 0. 0. 1.]
 ...
 [1. 0. 0. ... 1. 0. 0.]
 [1. 0. 0. ... 1. 0. 0.]
 [1. 0. 0. ... 0. 1. 0.]]
3 2717 8
L
[[2 1 1 ... 1 1 1]
 [1 1 1 ... 1 2 1]
 [1 1 1 ... 1 3 3]
 ...
 [1 1 3 ... 1 3 3]
 [1 1 1 ... 1 3 3]
 [2 1 1 ... 1 3 3]]
L_ind
[[0. 1. 0. ... 1. 0. 0.]
 [1. 0. 0. ... 1. 0. 0.]
 [1. 0. 0. ... 0. 0. 1.]
 ...
 [1. 0. 0. ... 0. 0. 1.]
 [1. 0. 0. ... 0. 0. 1.]
 [0. 1. 0. ... 0. 0. 1.]]
236 63.8
92 24.9
42 11.4
1762 64.9
640 23.6
315 11.6
(3087, 57) (3087,) (775, 57) (775,)

 SNO Accuracy: 0.654
[[1235  408  119]
 [ 293  311   36]
 [  47   37  231]]

 rate=12 and ii =1
Accuracy: 0.786
Macro Precision: 0.750
Macro Recall: 0.721
Macro F1-score: 0.728

[[456  39  13]
 [ 89  82   8]
 [ 14   3  71]]
              precision    recall  f1-score   support

           0       0.82      0.90      0.85       508
           1       0.66      0.46      0.54       179
           2       0.77      0.81      0.79        88

    accuracy                           0.79       775
   macro avg       0.75      0.72      0.73       775
weighted avg       0.78      0.79      0.77       775

236 63.8
92 24.9
42 11.4
1762 64.9
640 23.6
315 11.6
(3087, 57) (3087,) (775, 57) (775,)

semi-SelfTrain Label Accuracy: 0.728
[[1672   43   47]
 [ 529   95   16]
 [ 100    5  210]]
0.7276407802723592 [0.94892168 0.1484375  0.66666667]

 rate=12 and ii =1
Accuracy: 0.774
Macro Precision: 0.795
Macro Recall: 0.631
Macro F1-score: 0.631

[[510   6   9]
 [138  21   4]
 [ 18   0  69]]
              precision    recall  f1-score   support

         0.0       0.77      0.97      0.86       525
         1.0       0.78      0.13      0.22       163
         2.0       0.84      0.79      0.82        87

    accuracy                           0.77       775
   macro avg       0.80      0.63      0.63       775
weighted avg       0.78      0.77      0.72       775

236 63.8
92 24.9
42 11.4
1762 64.9
640 23.6
315 11.6
(3087, 57) (3087,) (775, 57) (775,)

semi-LabelSpread Label Accuracy: 0.677
[[1762    0    0]
 [ 568   72    0]
 [ 309    0    6]]
0.6772175193227825 [1.         0.1125     0.01904762]

 rate=12 and ii =1
Accuracy: 0.728
Macro Precision: 0.907
Macro Recall: 0.394
Macro F1-score: 0.391

[[542   0   0]
 [145  16   0]
 [ 66   0   6]]
              precision    recall  f1-score   support

         0.0       0.72      1.00      0.84       542
         1.0       1.00      0.10      0.18       161
         2.0       1.00      0.08      0.15        72

    accuracy                           0.73       775
   macro avg       0.91      0.39      0.39       775
weighted avg       0.80      0.73      0.64       775

236 63.8
92 24.9
42 11.4
1762 64.9
640 23.6
315 11.6
(3087, 57) (3087,) (775, 57) (2717,) (2717,)

2 order Label Accuracy: 0.743
[[1682   55   25]
 [ 495  132   13]
 [ 103    6  206]]
0.7434670592565329 [0.95459705 0.20625    0.65396825]

 rate=12 and ii =1
Accuracy: 0.773
Macro Precision: 0.824
Macro Recall: 0.608
Macro F1-score: 0.625

[[517   4   7]
 [137  24   3]
 [ 25   0  58]]
              precision    recall  f1-score   support

           0       0.76      0.98      0.86       528
           1       0.86      0.15      0.25       164
           2       0.85      0.70      0.77        83

    accuracy                           0.77       775
   macro avg       0.82      0.61      0.62       775
weighted avg       0.79      0.77      0.72       775

236 63.8
92 24.9
42 11.4
1762 64.9
640 23.6
315 11.6
(3087, 57) (3087,) (775, 57) (2717,) (2717,)

3 order Label Accuracy: 0.745
[[1685   54   23]
 [ 495  132   13]
 [ 103    6  206]]
0.7445712182554288 [0.95629966 0.20625    0.65396825]

 rate=12 and ii =1
Accuracy: 0.779
Macro Precision: 0.848
Macro Recall: 0.616
Macro F1-score: 0.639

[[519   3   5]
 [135  27   3]
 [ 25   0  58]]
              precision    recall  f1-score   support

           0       0.76      0.98      0.86       527
           1       0.90      0.16      0.28       165
           2       0.88      0.70      0.78        83

    accuracy                           0.78       775
   macro avg       0.85      0.62      0.64       775
weighted avg       0.81      0.78      0.73       775

236 63.8
92 24.9
42 11.4
1762 64.9
640 23.6
315 11.6
(3087, 57) (3087,) (775, 57) (2717,) (2717,)

4 order Label Accuracy: 0.717
[[1614  140    8]
 [ 451  179   10]
 [ 151    8  156]]
0.7173352962826647 [0.91600454 0.2796875  0.4952381 ]

 rate=12 and ii =1
Accuracy: 0.796
Macro Precision: 0.882
Macro Recall: 0.629
Macro F1-score: 0.671

[[527   3   1]
 [126  36   2]
 [ 26   0  54]]
              precision    recall  f1-score   support

           0       0.78      0.99      0.87       531
           1       0.92      0.22      0.35       164
           2       0.95      0.68      0.79        80

    accuracy                           0.80       775
   macro avg       0.88      0.63      0.67       775
weighted avg       0.82      0.80      0.75       775

Time(sec):  8.411576
nodes = range(self.m)
range(0, 8)
Graph with 8 nodes and 0 edges
3 366 8
L
[[1 1 3 ... 1 3 3]
 [1 3 3 ... 1 3 3]
 [3 3 3 ... 1 3 3]
 ...
 [1 1 1 ... 1 1 1]
 [1 3 3 ... 1 3 3]
 [2 1 2 ... 1 2 2]]
L_ind
[[1. 0. 0. ... 0. 0. 1.]
 [1. 0. 0. ... 0. 0. 1.]
 [0. 0. 1. ... 0. 0. 1.]
 ...
 [1. 0. 0. ... 1. 0. 0.]
 [1. 0. 0. ... 0. 0. 1.]
 [0. 1. 0. ... 0. 1. 0.]]
3 2721 8
L
[[2 1 1 ... 1 1 1]
 [1 1 2 ... 1 1 1]
 [1 1 1 ... 1 2 1]
 ...
 [1 1 3 ... 1 3 1]
 [1 1 1 ... 1 3 3]
 [1 1 1 ... 1 3 3]]
L_ind
[[0. 1. 0. ... 1. 0. 0.]
 [1. 0. 0. ... 1. 0. 0.]
 [1. 0. 0. ... 1. 0. 0.]
 ...
 [1. 0. 0. ... 1. 0. 0.]
 [1. 0. 0. ... 0. 0. 1.]
 [1. 0. 0. ... 0. 0. 1.]]
218 59.6
99 27.0
49 13.4
1780 65.4
633 23.3
308 11.3
(3087, 57) (3087,) (775, 57) (775,)

 SNO Accuracy: 0.647
[[1254  321  205]
 [ 306  250   77]
 [  40   12  256]]

 rate=12 and ii =2
Accuracy: 0.774
Macro Precision: 0.726
Macro Recall: 0.737
Macro F1-score: 0.720

[[429  38  29]
 [ 85  81  12]
 [  9   2  90]]
              precision    recall  f1-score   support

           0       0.82      0.86      0.84       496
           1       0.67      0.46      0.54       178
           2       0.69      0.89      0.78       101

    accuracy                           0.77       775
   macro avg       0.73      0.74      0.72       775
weighted avg       0.77      0.77      0.76       775

218 59.6
99 27.0
49 13.4
1780 65.4
633 23.3
308 11.3
(3087, 57) (3087,) (775, 57) (775,)

semi-SelfTrain Label Accuracy: 0.746
[[1681   19   80]
 [ 475  123   35]
 [  82    1  225]]
0.7456817346563763 [0.94438202 0.1943128  0.73051948]

 rate=12 and ii =2
Accuracy: 0.794
Macro Precision: 0.813
Macro Recall: 0.671
Macro F1-score: 0.678

[[503   5  17]
 [115  39   6]
 [ 17   0  73]]
              precision    recall  f1-score   support

         0.0       0.79      0.96      0.87       525
         1.0       0.89      0.24      0.38       160
         2.0       0.76      0.81      0.78        90

    accuracy                           0.79       775
   macro avg       0.81      0.67      0.68       775
weighted avg       0.81      0.79      0.76       775

218 59.6
99 27.0
49 13.4
1780 65.4
633 23.3
308 11.3
(3087, 57) (3087,) (775, 57) (775,)

semi-LabelSpread Label Accuracy: 0.682
[[1780    0    0]
 [ 569   64    0]
 [ 297    0   11]]
0.6817346563763322 [1.         0.10110585 0.03571429]

 rate=12 and ii =2
Accuracy: 0.735
Macro Precision: 0.909
Macro Recall: 0.389
Macro F1-score: 0.378

[[545   0   0]
 [134  24   0]
 [ 71   0   1]]
              precision    recall  f1-score   support

         0.0       0.73      1.00      0.84       545
         1.0       1.00      0.15      0.26       158
         2.0       1.00      0.01      0.03        72

    accuracy                           0.74       775
   macro avg       0.91      0.39      0.38       775
weighted avg       0.81      0.74      0.65       775

218 59.6
99 27.0
49 13.4
1780 65.4
633 23.3
308 11.3
(3087, 57) (3087,) (775, 57) (2721,) (2721,)

2 order Label Accuracy: 0.757
[[1647   82   51]
 [ 427  178   28]
 [  70    3  235]]
0.75707460492466 [0.9252809  0.28120063 0.76298701]

 rate=12 and ii =2
Accuracy: 0.800
Macro Precision: 0.800
Macro Recall: 0.686
Macro F1-score: 0.709

[[498  14  11]
 [107  52   4]
 [ 18   1  70]]
              precision    recall  f1-score   support

           0       0.80      0.95      0.87       523
           1       0.78      0.32      0.45       163
           2       0.82      0.79      0.80        89

    accuracy                           0.80       775
   macro avg       0.80      0.69      0.71       775
weighted avg       0.80      0.80      0.77       775

218 59.6
99 27.0
49 13.4
1780 65.4
633 23.3
308 11.3
(3087, 57) (3087,) (775, 57) (2721,) (2721,)

3 order Label Accuracy: 0.757
[[1647   83   50]
 [ 425  179   29]
 [  70    3  235]]
0.7574421168687983 [0.9252809  0.28278041 0.76298701]

 rate=12 and ii =2
Accuracy: 0.800
Macro Precision: 0.799
Macro Recall: 0.688
Macro F1-score: 0.707

[[498  12  14]
 [107  52   4]
 [ 17   1  70]]
              precision    recall  f1-score   support

           0       0.80      0.95      0.87       524
           1       0.80      0.32      0.46       163
           2       0.80      0.80      0.80        88

    accuracy                           0.80       775
   macro avg       0.80      0.69      0.71       775
weighted avg       0.80      0.80      0.77       775

218 59.6
99 27.0
49 13.4
1780 65.4
633 23.3
308 11.3
(3087, 57) (3087,) (775, 57) (2721,) (2721,)

4 order Label Accuracy: 0.756
[[1648   84   48]
 [ 429  177   27]
 [  71    4  233]]
0.7563395810363837 [0.9258427  0.27962085 0.75649351]

 rate=12 and ii =2
Accuracy: 0.803
Macro Precision: 0.796
Macro Recall: 0.690
Macro F1-score: 0.708

[[501  14  10]
 [106  50   6]
 [ 16   1  71]]
              precision    recall  f1-score   support

           0       0.80      0.95      0.87       525
           1       0.77      0.31      0.44       162
           2       0.82      0.81      0.81        88

    accuracy                           0.80       775
   macro avg       0.80      0.69      0.71       775
weighted avg       0.80      0.80      0.78       775

Time(sec):  8.132030700000001
nodes = range(self.m)
range(0, 8)
Graph with 8 nodes and 0 edges
3 368 8
L
[[1 1 2 ... 1 2 2]
 [1 1 2 ... 1 2 2]
 [1 1 2 ... 1 2 2]
 ...
 [1 1 1 ... 1 1 1]
 [1 1 2 ... 1 2 2]
 [1 1 2 ... 1 2 2]]
L_ind
[[1. 0. 0. ... 0. 1. 0.]
 [1. 0. 0. ... 0. 1. 0.]
 [1. 0. 0. ... 0. 1. 0.]
 ...
 [1. 0. 0. ... 1. 0. 0.]
 [1. 0. 0. ... 0. 1. 0.]
 [1. 0. 0. ... 0. 1. 0.]]
3 2719 8
L
[[1 1 1 ... 1 1 1]
 [1 1 1 ... 1 1 1]
 [1 1 1 ... 1 3 3]
 ...
 [3 1 3 ... 1 3 1]
 [1 1 1 ... 1 3 3]
 [1 1 1 ... 1 3 3]]
L_ind
[[1. 0. 0. ... 1. 0. 0.]
 [1. 0. 0. ... 1. 0. 0.]
 [1. 0. 0. ... 0. 0. 1.]
 ...
 [0. 0. 1. ... 1. 0. 0.]
 [1. 0. 0. ... 0. 0. 1.]
 [1. 0. 0. ... 0. 0. 1.]]
242 65.8
88 23.9
38 10.3
1756 64.6
644 23.7
319 11.7
(3087, 57) (3087,) (775, 57) (775,)

 SNO Accuracy: 0.657
[[1255  385  116]
 [ 326  284   34]
 [  42   29  248]]

 rate=12 and ii =3
Accuracy: 0.786
Macro Precision: 0.746
Macro Recall: 0.698
Macro F1-score: 0.709

[[471  28  11]
 [ 98  66  10]
 [ 12   7  72]]
              precision    recall  f1-score   support

           0       0.81      0.92      0.86       510
           1       0.65      0.38      0.48       174
           2       0.77      0.79      0.78        91

    accuracy                           0.79       775
   macro avg       0.75      0.70      0.71       775
weighted avg       0.77      0.79      0.77       775

242 65.8
88 23.9
38 10.3
1756 64.6
644 23.7
319 11.7
(3087, 57) (3087,) (775, 57) (775,)

semi-SelfTrain Label Accuracy: 0.730
[[1697    9   50]
 [ 548   68   28]
 [  98    0  221]]
0.7304155939683707 [0.96640091 0.10559006 0.69278997]

 rate=12 and ii =3
Accuracy: 0.766
Macro Precision: 0.832
Macro Recall: 0.602
Macro F1-score: 0.595

[[514   1  11]
 [141  14   5]
 [ 23   0  66]]
              precision    recall  f1-score   support

         0.0       0.76      0.98      0.85       526
         1.0       0.93      0.09      0.16       160
         2.0       0.80      0.74      0.77        89

    accuracy                           0.77       775
   macro avg       0.83      0.60      0.60       775
weighted avg       0.80      0.77      0.70       775

242 65.8
88 23.9
38 10.3
1756 64.6
644 23.7
319 11.7
(3087, 57) (3087,) (775, 57) (775,)

semi-LabelSpread Label Accuracy: 0.671
[[1756    0    0]
 [ 579   65    0]
 [ 315    0    4]]
0.6712026480323648 [1.         0.10093168 0.01253918]

 rate=12 and ii =3
Accuracy: 0.717
Macro Precision: 0.571
Macro Recall: 0.357
Macro F1-score: 0.321

[[545   0   0]
 [147  11   0]
 [ 72   0   0]]
              precision    recall  f1-score   support

         0.0       0.71      1.00      0.83       545
         1.0       1.00      0.07      0.13       158
         2.0       0.00      0.00      0.00        72

    accuracy                           0.72       775
   macro avg       0.57      0.36      0.32       775
weighted avg       0.71      0.72      0.61       775

242 65.8
88 23.9
38 10.3
1756 64.6
644 23.7
319 11.7
(3087, 57) (3087,) (775, 57) (2719,) (2719,)

2 order Label Accuracy: 0.738
[[1675   40   41]
 [ 510  118   16]
 [ 102    4  213]]
0.7377712394262597 [0.95387244 0.18322981 0.6677116 ]

 rate=12 and ii =3
Accuracy: 0.778
Macro Precision: 0.867
Macro Recall: 0.614
Macro F1-score: 0.627

[[519   0   9]
 [136  23   3]
 [ 24   0  61]]
              precision    recall  f1-score   support

           0       0.76      0.98      0.86       528
           1       1.00      0.14      0.25       162
           2       0.84      0.72      0.77        85

    accuracy                           0.78       775
   macro avg       0.87      0.61      0.63       775
weighted avg       0.82      0.78      0.72       775

242 65.8
88 23.9
38 10.3
1756 64.6
644 23.7
319 11.7
(3087, 57) (3087,) (775, 57) (2719,) (2719,)

3 order Label Accuracy: 0.735
[[1681   38   37]
 [ 510  114   20]
 [ 111    4  204]]
0.7351967635159985 [0.95728929 0.17701863 0.63949843]

 rate=12 and ii =3
Accuracy: 0.779
Macro Precision: 0.873
Macro Recall: 0.612
Macro F1-score: 0.630

[[521   0   7]
 [136  24   3]
 [ 25   0  59]]
              precision    recall  f1-score   support

           0       0.76      0.99      0.86       528
           1       1.00      0.15      0.26       163
           2       0.86      0.70      0.77        84

    accuracy                           0.78       775
   macro avg       0.87      0.61      0.63       775
weighted avg       0.82      0.78      0.72       775

242 65.8
88 23.9
38 10.3
1756 64.6
644 23.7
319 11.7
(3087, 57) (3087,) (775, 57) (2719,) (2719,)

4 order Label Accuracy: 0.732
[[1665   59   32]
 [ 511  116   17]
 [ 107    4  208]]
0.731518940787054 [0.94817768 0.18012422 0.65203762]

 rate=12 and ii =3
Accuracy: 0.782
Macro Precision: 0.873
Macro Recall: 0.610
Macro F1-score: 0.631

[[524   0   7]
 [133  25   3]
 [ 26   0  57]]
              precision    recall  f1-score   support

           0       0.77      0.99      0.86       531
           1       1.00      0.16      0.27       161
           2       0.85      0.69      0.76        83

    accuracy                           0.78       775
   macro avg       0.87      0.61      0.63       775
weighted avg       0.82      0.78      0.73       775

Time(sec):  7.7441191
nodes = range(self.m)
range(0, 8)
Graph with 8 nodes and 0 edges
3 370 8
L
[[1 1 1 ... 1 1 1]
 [1 1 2 ... 1 2 2]
 [1 1 1 ... 1 1 1]
 ...
 [1 1 1 ... 1 1 1]
 [1 1 1 ... 1 1 1]
 [1 1 1 ... 1 1 1]]
L_ind
[[1. 0. 0. ... 1. 0. 0.]
 [1. 0. 0. ... 0. 1. 0.]
 [1. 0. 0. ... 1. 0. 0.]
 ...
 [1. 0. 0. ... 1. 0. 0.]
 [1. 0. 0. ... 1. 0. 0.]
 [1. 0. 0. ... 1. 0. 0.]]
3 2717 8
L
[[1 1 1 ... 1 1 1]
 [1 1 1 ... 1 2 2]
 [1 1 1 ... 1 2 2]
 ...
 [1 1 3 ... 1 1 1]
 [1 1 1 ... 3 3 3]
 [1 1 1 ... 3 3 3]]
L_ind
[[1. 0. 0. ... 1. 0. 0.]
 [1. 0. 0. ... 0. 1. 0.]
 [1. 0. 0. ... 0. 1. 0.]
 ...
 [1. 0. 0. ... 1. 0. 0.]
 [1. 0. 0. ... 0. 0. 1.]
 [1. 0. 0. ... 0. 0. 1.]]
239 64.6
89 24.1
42 11.4
1759 64.7
643 23.7
315 11.6
(3087, 57) (3087,) (775, 57) (775,)

 SNO Accuracy: 0.616
[[1167  326  266]
 [ 294  276   73]
 [  48   35  232]]

 rate=12 and ii =4
Accuracy: 0.769
Macro Precision: 0.709
Macro Recall: 0.706
Macro F1-score: 0.692

[[445  32  27]
 [ 86  69  18]
 [ 13   3  82]]
              precision    recall  f1-score   support

           0       0.82      0.88      0.85       504
           1       0.66      0.40      0.50       173
           2       0.65      0.84      0.73        98

    accuracy                           0.77       775
   macro avg       0.71      0.71      0.69       775
weighted avg       0.76      0.77      0.76       775

239 64.6
89 24.1
42 11.4
1759 64.7
643 23.7
315 11.6
(3087, 57) (3087,) (775, 57) (775,)

semi-SelfTrain Label Accuracy: 0.722
[[1682   52   25]
 [ 557   81    5]
 [  93   24  198]]
0.7217519322782481 [0.95622513 0.12597201 0.62857143]

 rate=12 and ii =4
Accuracy: 0.760
Macro Precision: 0.721
Macro Recall: 0.575
Macro F1-score: 0.591

[[517   7   6]
 [138  19   4]
 [ 23   8  53]]
              precision    recall  f1-score   support

         0.0       0.76      0.98      0.86       530
         1.0       0.56      0.12      0.19       161
         2.0       0.84      0.63      0.72        84

    accuracy                           0.76       775
   macro avg       0.72      0.57      0.59       775
weighted avg       0.73      0.76      0.70       775

239 64.6
89 24.1
42 11.4
1759 64.7
643 23.7
315 11.6
(3087, 57) (3087,) (775, 57) (775,)

semi-LabelSpread Label Accuracy: 0.670
[[1759    0    0]
 [ 585   58    0]
 [ 312    0    3]]
0.6698564593301436 [1.         0.09020218 0.00952381]

 rate=12 and ii =4
Accuracy: 0.724
Macro Precision: 0.906
Macro Recall: 0.370
Macro F1-score: 0.346

[[545   0   0]
 [142  15   0]
 [ 72   0   1]]
              precision    recall  f1-score   support

         0.0       0.72      1.00      0.84       545
         1.0       1.00      0.10      0.17       157
         2.0       1.00      0.01      0.03        73

    accuracy                           0.72       775
   macro avg       0.91      0.37      0.35       775
weighted avg       0.80      0.72      0.63       775

239 64.6
89 24.1
42 11.4
1759 64.7
643 23.7
315 11.6
(3087, 57) (3087,) (775, 57) (2717,) (2717,)

2 order Label Accuracy: 0.729
[[1677   41   41]
 [ 501  127   15]
 [ 122   17  176]]
0.728744939271255 [0.9533826  0.19751166 0.55873016]

 rate=12 and ii =4
Accuracy: 0.772
Macro Precision: 0.772
Macro Recall: 0.589
Macro F1-score: 0.608

[[519   3  10]
 [129  24   4]
 [ 26   5  55]]
              precision    recall  f1-score   support

           0       0.77      0.98      0.86       532
           1       0.75      0.15      0.25       157
           2       0.80      0.64      0.71        86

    accuracy                           0.77       775
   macro avg       0.77      0.59      0.61       775
weighted avg       0.77      0.77      0.72       775

239 64.6
89 24.1
42 11.4
1759 64.7
643 23.7
315 11.6
(3087, 57) (3087,) (775, 57) (2717,) (2717,)

3 order Label Accuracy: 0.732
[[1688   44   27]
 [ 507  129    7]
 [ 124   18  173]]
0.7324254692675746 [0.95963616 0.20062208 0.54920635]

 rate=12 and ii =4
Accuracy: 0.782
Macro Precision: 0.818
Macro Recall: 0.596
Macro F1-score: 0.626

[[527   2   6]
 [129  26   2]
 [ 26   4  53]]
              precision    recall  f1-score   support

           0       0.77      0.99      0.87       535
           1       0.81      0.17      0.28       157
           2       0.87      0.64      0.74        83

    accuracy                           0.78       775
   macro avg       0.82      0.60      0.63       775
weighted avg       0.79      0.78      0.73       775

239 64.6
89 24.1
42 11.4
1759 64.7
643 23.7
315 11.6
(3087, 57) (3087,) (775, 57) (2717,) (2717,)

4 order Label Accuracy: 0.732
[[1691   41   27]
 [ 509  126    8]
 [ 126   16  173]]
0.7324254692675746 [0.96134167 0.19595645 0.54920635]

 rate=12 and ii =4
Accuracy: 0.775
Macro Precision: 0.818
Macro Recall: 0.582
Macro F1-score: 0.607

[[527   0   8]
 [132  23   2]
 [ 28   4  51]]
              precision    recall  f1-score   support

           0       0.77      0.99      0.86       535
           1       0.85      0.15      0.25       157
           2       0.84      0.61      0.71        83

    accuracy                           0.78       775
   macro avg       0.82      0.58      0.61       775
weighted avg       0.79      0.78      0.72       775

Time(sec):  8.786533100000002
nodes = range(self.m)
range(0, 8)
Graph with 8 nodes and 0 edges
3 368 8
L
[[1 1 1 ... 1 1 1]
 [1 1 2 ... 1 2 2]
 [3 3 3 ... 1 3 3]
 ...
 [3 3 3 ... 1 3 3]
 [1 1 1 ... 1 1 1]
 [1 1 2 ... 1 2 2]]
L_ind
[[1. 0. 0. ... 1. 0. 0.]
 [1. 0. 0. ... 0. 1. 0.]
 [0. 0. 1. ... 0. 0. 1.]
 ...
 [0. 0. 1. ... 0. 0. 1.]
 [1. 0. 0. ... 1. 0. 0.]
 [1. 0. 0. ... 0. 1. 0.]]
3 2719 8
L
[[1 1 1 ... 1 1 1]
 [1 1 1 ... 1 1 1]
 [1 1 1 ... 1 1 1]
 ...
 [3 1 3 ... 1 1 1]
 [1 1 1 ... 1 3 3]
 [1 1 1 ... 1 3 3]]
L_ind
[[1. 0. 0. ... 1. 0. 0.]
 [1. 0. 0. ... 1. 0. 0.]
 [1. 0. 0. ... 1. 0. 0.]
 ...
 [0. 0. 1. ... 1. 0. 0.]
 [1. 0. 0. ... 0. 0. 1.]
 [1. 0. 0. ... 0. 0. 1.]]
238 64.7
87 23.6
43 11.7
1760 64.7
645 23.7
314 11.5
(3087, 57) (3087,) (775, 57) (775,)

 SNO Accuracy: 0.633
[[1214  370  176]
 [ 317  273   55]
 [  47   32  235]]

 rate=12 and ii =5
Accuracy: 0.779
Macro Precision: 0.727
Macro Recall: 0.706
Macro F1-score: 0.705

[[456  32  19]
 [ 90  69  12]
 [ 12   6  79]]
              precision    recall  f1-score   support

           0       0.82      0.90      0.86       507
           1       0.64      0.40      0.50       171
           2       0.72      0.81      0.76        97

    accuracy                           0.78       775
   macro avg       0.73      0.71      0.71       775
weighted avg       0.77      0.78      0.77       775

238 64.7
87 23.6
43 11.7
1760 64.7
645 23.7
314 11.5
(3087, 57) (3087,) (775, 57) (775,)

semi-SelfTrain Label Accuracy: 0.715
[[1690   41   29]
 [ 560   69   16]
 [ 105   25  184]]
0.7146009562339095 [0.96022727 0.10697674 0.58598726]

 rate=12 and ii =5
Accuracy: 0.774
Macro Precision: 0.775
Macro Recall: 0.601
Macro F1-score: 0.627

[[519   7   7]
 [131  28   2]
 [ 23   5  53]]
              precision    recall  f1-score   support

         0.0       0.77      0.97      0.86       533
         1.0       0.70      0.17      0.28       161
         2.0       0.85      0.65      0.74        81

    accuracy                           0.77       775
   macro avg       0.78      0.60      0.63       775
weighted avg       0.77      0.77      0.73       775

238 64.7
87 23.6
43 11.7
1760 64.7
645 23.7
314 11.5
(3087, 57) (3087,) (775, 57) (775,)

semi-LabelSpread Label Accuracy: 0.670
[[1760    0    0]
 [ 589   56    0]
 [ 307    0    7]]
0.6704670834865759 [1.         0.08682171 0.02229299]

 rate=12 and ii =5
Accuracy: 0.737
Macro Precision: 0.909
Macro Recall: 0.399
Macro F1-score: 0.399

[[546   0   0]
 [137  20   0]
 [ 67   0   5]]
              precision    recall  f1-score   support

         0.0       0.73      1.00      0.84       546
         1.0       1.00      0.13      0.23       157
         2.0       1.00      0.07      0.13        72

    accuracy                           0.74       775
   macro avg       0.91      0.40      0.40       775
weighted avg       0.81      0.74      0.65       775

238 64.7
87 23.6
43 11.7
1760 64.7
645 23.7
314 11.5
(3087, 57) (3087,) (775, 57) (2719,) (2719,)

2 order Label Accuracy: 0.715
[[1602  111   47]
 [ 493  132   20]
 [  84   21  209]]
0.7146009562339095 [0.91022727 0.20465116 0.6656051 ]

 rate=12 and ii =5
Accuracy: 0.778
Macro Precision: 0.776
Macro Recall: 0.621
Macro F1-score: 0.643

[[512   8   9]
 [125  33   4]
 [ 22   4  58]]
              precision    recall  f1-score   support

           0       0.78      0.97      0.86       529
           1       0.73      0.20      0.32       162
           2       0.82      0.69      0.75        84

    accuracy                           0.78       775
   macro avg       0.78      0.62      0.64       775
weighted avg       0.77      0.78      0.74       775

238 64.7
87 23.6
43 11.7
1760 64.7
645 23.7
314 11.5
(3087, 57) (3087,) (775, 57) (2719,) (2719,)

3 order Label Accuracy: 0.698
[[1602  126   32]
 [ 518  119    8]
 [  87   50  177]]
0.6980507539536595 [0.91022727 0.18449612 0.56369427]

 rate=12 and ii =5
Accuracy: 0.777
Macro Precision: 0.766
Macro Recall: 0.620
Macro F1-score: 0.648

[[510  10   9]
 [125  37   2]
 [ 20   7  55]]
              precision    recall  f1-score   support

           0       0.78      0.96      0.86       529
           1       0.69      0.23      0.34       164
           2       0.83      0.67      0.74        82

    accuracy                           0.78       775
   macro avg       0.77      0.62      0.65       775
weighted avg       0.76      0.78      0.74       775

238 64.7
87 23.6
43 11.7
1760 64.7
645 23.7
314 11.5
(3087, 57) (3087,) (775, 57) (2719,) (2719,)

4 order Label Accuracy: 0.703
[[1593   97   70]
 [ 499  126   20]
 [  87   35  192]]
0.7028319235012872 [0.90511364 0.19534884 0.61146497]

 rate=12 and ii =5
Accuracy: 0.774
Macro Precision: 0.757
Macro Recall: 0.610
Macro F1-score: 0.631

[[513   7   9]
 [126  32   5]
 [ 21   7  55]]
              precision    recall  f1-score   support

           0       0.78      0.97      0.86       529
           1       0.70      0.20      0.31       163
           2       0.80      0.66      0.72        83

    accuracy                           0.77       775
   macro avg       0.76      0.61      0.63       775
weighted avg       0.76      0.77      0.73       775

Time(sec):  8.0924137
nodes = range(self.m)
range(0, 8)
Graph with 8 nodes and 0 edges
3 368 8
L
[[1 1 1 ... 1 1 1]
 [3 3 3 ... 3 3 3]
 [1 1 1 ... 1 1 1]
 ...
 [1 1 2 ... 1 2 2]
 [1 1 1 ... 1 1 1]
 [2 2 2 ... 1 2 2]]
L_ind
[[1. 0. 0. ... 1. 0. 0.]
 [0. 0. 1. ... 0. 0. 1.]
 [1. 0. 0. ... 1. 0. 0.]
 ...
 [1. 0. 0. ... 0. 1. 0.]
 [1. 0. 0. ... 1. 0. 0.]
 [0. 1. 0. ... 0. 1. 0.]]
3 2719 8
L
[[2 1 3 ... 1 1 1]
 [1 1 1 ... 1 1 1]
 [1 1 1 ... 1 1 1]
 ...
 [1 1 3 ... 3 1 3]
 [1 1 1 ... 3 3 3]
 [1 1 1 ... 3 3 3]]
L_ind
[[0. 1. 0. ... 1. 0. 0.]
 [1. 0. 0. ... 1. 0. 0.]
 [1. 0. 0. ... 1. 0. 0.]
 ...
 [1. 0. 0. ... 0. 0. 1.]
 [1. 0. 0. ... 0. 0. 1.]
 [1. 0. 0. ... 0. 0. 1.]]
236 64.1
92 25.0
40 10.9
1762 64.8
640 23.5
317 11.7
(3087, 57) (3087,) (775, 57) (775,)

 SNO Accuracy: 0.603
[[1094  471  197]
 [ 277  299   64]
 [  34   37  246]]

 rate=12 and ii =6
Accuracy: 0.717
Macro Precision: 0.658
Macro Recall: 0.713
Macro F1-score: 0.680

[[378  85  30]
 [ 74  97  16]
 [  8   6  81]]
              precision    recall  f1-score   support

           0       0.82      0.77      0.79       493
           1       0.52      0.52      0.52       187
           2       0.64      0.85      0.73        95

    accuracy                           0.72       775
   macro avg       0.66      0.71      0.68       775
weighted avg       0.73      0.72      0.72       775

236 64.1
92 25.0
40 10.9
1762 64.8
640 23.5
317 11.7
(3087, 57) (3087,) (775, 57) (775,)

semi-SelfTrain Label Accuracy: 0.752
[[1739    6   17]
 [ 502  127   11]
 [ 138    0  179]]
0.752114748069143 [0.98694665 0.1984375  0.56466877]

 rate=12 and ii =6
Accuracy: 0.786
Macro Precision: 0.892
Macro Recall: 0.592
Macro F1-score: 0.631

[[532   0   4]
 [129  28   1]
 [ 32   0  49]]
              precision    recall  f1-score   support

         0.0       0.77      0.99      0.87       536
         1.0       1.00      0.18      0.30       158
         2.0       0.91      0.60      0.73        81

    accuracy                           0.79       775
   macro avg       0.89      0.59      0.63       775
weighted avg       0.83      0.79      0.74       775

236 64.1
92 25.0
40 10.9
1762 64.8
640 23.5
317 11.7
(3087, 57) (3087,) (775, 57) (775,)

semi-LabelSpread Label Accuracy: 0.675
[[1762    0    0]
 [ 573   67    0]
 [ 311    0    6]]
0.6748804707613093 [1.         0.1046875  0.01892744]

 rate=12 and ii =6
Accuracy: 0.721
Macro Precision: 0.906
Macro Recall: 0.366
Macro F1-score: 0.340

[[546   0   0]
 [145  11   0]
 [ 71   0   2]]
              precision    recall  f1-score   support

         0.0       0.72      1.00      0.83       546
         1.0       1.00      0.07      0.13       156
         2.0       1.00      0.03      0.05        73

    accuracy                           0.72       775
   macro avg       0.91      0.37      0.34       775
weighted avg       0.80      0.72      0.62       775

236 64.1
92 25.0
40 10.9
1762 64.8
640 23.5
317 11.7
(3087, 57) (3087,) (775, 57) (2719,) (2719,)

2 order Label Accuracy: 0.755
[[1661   60   41]
 [ 438  180   22]
 [  94   10  213]]
0.7554247885251931 [0.94267877 0.28125    0.67192429]

 rate=12 and ii =6
Accuracy: 0.799
Macro Precision: 0.825
Macro Recall: 0.647
Macro F1-score: 0.676

[[520   4   7]
 [119  37   3]
 [ 19   4  62]]
              precision    recall  f1-score   support

           0       0.79      0.98      0.87       531
           1       0.82      0.23      0.36       159
           2       0.86      0.73      0.79        85

    accuracy                           0.80       775
   macro avg       0.82      0.65      0.68       775
weighted avg       0.80      0.80      0.76       775

236 64.1
92 25.0
40 10.9
1762 64.8
640 23.5
317 11.7
(3087, 57) (3087,) (775, 57) (2719,) (2719,)

3 order Label Accuracy: 0.708
[[1602   41  119]
 [ 460  123   57]
 [  97   20  200]]
0.7079808753218095 [0.9091941  0.1921875  0.63091483]

 rate=12 and ii =6
Accuracy: 0.775
Macro Precision: 0.784
Macro Recall: 0.611
Macro F1-score: 0.613

[[518   3  10]
 [128  22   9]
 [ 22   2  61]]
              precision    recall  f1-score   support

           0       0.78      0.98      0.86       531
           1       0.81      0.14      0.24       159
           2       0.76      0.72      0.74        85

    accuracy                           0.78       775
   macro avg       0.78      0.61      0.61       775
weighted avg       0.78      0.78      0.72       775

236 64.1
92 25.0
40 10.9
1762 64.8
640 23.5
317 11.7
(3087, 57) (3087,) (775, 57) (2719,) (2719,)

4 order Label Accuracy: 0.732
[[1684   42   36]
 [ 509  121   10]
 [ 113   18  186]]
0.732254505332843 [0.95573212 0.1890625  0.58675079]

 rate=12 and ii =6
Accuracy: 0.775
Macro Precision: 0.860
Macro Recall: 0.582
Macro F1-score: 0.609

[[530   2   4]
 [137  20   1]
 [ 30   0  51]]
              precision    recall  f1-score   support

           0       0.76      0.99      0.86       536
           1       0.91      0.13      0.22       158
           2       0.91      0.63      0.74        81

    accuracy                           0.78       775
   macro avg       0.86      0.58      0.61       775
weighted avg       0.81      0.78      0.72       775

Time(sec):  7.5188937
nodes = range(self.m)
range(0, 8)
Graph with 8 nodes and 0 edges
3 370 8
L
[[1 1 2 ... 1 2 2]
 [1 1 1 ... 1 1 1]
 [2 1 2 ... 1 2 2]
 ...
 [1 1 2 ... 1 2 2]
 [2 1 1 ... 1 1 1]
 [1 1 3 ... 3 3 3]]
L_ind
[[1. 0. 0. ... 0. 1. 0.]
 [1. 0. 0. ... 1. 0. 0.]
 [0. 1. 0. ... 0. 1. 0.]
 ...
 [1. 0. 0. ... 0. 1. 0.]
 [0. 1. 0. ... 1. 0. 0.]
 [1. 0. 0. ... 0. 0. 1.]]
3 2717 8
L
[[2 1 1 ... 1 1 1]
 [1 1 1 ... 1 1 1]
 [1 1 1 ... 1 1 1]
 ...
 [1 1 3 ... 3 3 1]
 [1 1 1 ... 3 3 3]
 [1 1 1 ... 3 3 3]]
L_ind
[[0. 1. 0. ... 1. 0. 0.]
 [1. 0. 0. ... 1. 0. 0.]
 [1. 0. 0. ... 1. 0. 0.]
 ...
 [1. 0. 0. ... 1. 0. 0.]
 [1. 0. 0. ... 0. 0. 1.]
 [1. 0. 0. ... 0. 0. 1.]]
249 67.3
87 23.5
34 9.2
1749 64.4
645 23.7
323 11.9
(3087, 57) (3087,) (775, 57) (775,)

 SNO Accuracy: 0.641
[[1270  323  156]
 [ 356  234   55]
 [  53   33  237]]

 rate=12 and ii =7
Accuracy: 0.760
Macro Precision: 0.709
Macro Recall: 0.680
Macro F1-score: 0.680

[[453  32  24]
 [102  64   8]
 [ 16   4  72]]
              precision    recall  f1-score   support

           0       0.79      0.89      0.84       509
           1       0.64      0.37      0.47       174
           2       0.69      0.78      0.73        92

    accuracy                           0.76       775
   macro avg       0.71      0.68      0.68       775
weighted avg       0.75      0.76      0.74       775

249 67.3
87 23.5
34 9.2
1749 64.4
645 23.7
323 11.9
(3087, 57) (3087,) (775, 57) (775,)

semi-SelfTrain Label Accuracy: 0.704
[[1655   62   32]
 [ 553   84    8]
 [ 135   13  175]]
0.7044534412955465 [0.946255   0.13023256 0.54179567]

 rate=12 and ii =7
Accuracy: 0.747
Macro Precision: 0.718
Macro Recall: 0.571
Macro F1-score: 0.597

[[502  16   8]
 [136  28   2]
 [ 29   5  49]]
              precision    recall  f1-score   support

         0.0       0.75      0.95      0.84       526
         1.0       0.57      0.17      0.26       166
         2.0       0.83      0.59      0.69        83

    accuracy                           0.75       775
   macro avg       0.72      0.57      0.60       775
weighted avg       0.72      0.75      0.70       775

249 67.3
87 23.5
34 9.2
1749 64.4
645 23.7
323 11.9
(3087, 57) (3087,) (775, 57) (775,)

semi-LabelSpread Label Accuracy: 0.669
[[1749    0    0]
 [ 583   62    0]
 [ 317    0    6]]
0.6687523003312477 [1.         0.09612403 0.01857585]

 rate=12 and ii =7
Accuracy: 0.723
Macro Precision: 0.572
Macro Recall: 0.369
Macro F1-score: 0.342

[[543   0   0]
 [143  17   0]
 [ 72   0   0]]
              precision    recall  f1-score   support

         0.0       0.72      1.00      0.83       543
         1.0       1.00      0.11      0.19       160
         2.0       0.00      0.00      0.00        72

    accuracy                           0.72       775
   macro avg       0.57      0.37      0.34       775
weighted avg       0.71      0.72      0.62       775

249 67.3
87 23.5
34 9.2
1749 64.4
645 23.7
323 11.9
(3087, 57) (3087,) (775, 57) (2717,) (2717,)

2 order Label Accuracy: 0.724
[[1628   85   36]
 [ 486  147   12]
 [ 115   17  191]]
0.7235921972764078 [0.93081761 0.22790698 0.59133127]

 rate=12 and ii =7
Accuracy: 0.774
Macro Precision: 0.791
Macro Recall: 0.598
Macro F1-score: 0.634

[[514   7   9]
 [124  37   2]
 [ 30   3  49]]
              precision    recall  f1-score   support

           0       0.77      0.97      0.86       530
           1       0.79      0.23      0.35       163
           2       0.82      0.60      0.69        82

    accuracy                           0.77       775
   macro avg       0.79      0.60      0.63       775
weighted avg       0.78      0.77      0.73       775

249 67.3
87 23.5
34 9.2
1749 64.4
645 23.7
323 11.9
(3087, 57) (3087,) (775, 57) (2717,) (2717,)

3 order Label Accuracy: 0.715
[[1621   93   35]
 [ 483  147   15]
 [ 127   21  175]]
0.715126978284873 [0.92681532 0.22790698 0.54179567]

 rate=12 and ii =7
Accuracy: 0.773
Macro Precision: 0.790
Macro Recall: 0.592
Macro F1-score: 0.632

[[514   9   7]
 [123  39   2]
 [ 32   3  46]]
              precision    recall  f1-score   support

           0       0.77      0.97      0.86       530
           1       0.76      0.24      0.36       164
           2       0.84      0.57      0.68        81

    accuracy                           0.77       775
   macro avg       0.79      0.59      0.63       775
weighted avg       0.77      0.77      0.73       775

249 67.3
87 23.5
34 9.2
1749 64.4
645 23.7
323 11.9
(3087, 57) (3087,) (775, 57) (2717,) (2717,)

4 order Label Accuracy: 0.732
[[1705   25   19]
 [ 508  127   10]
 [ 157    8  158]]
0.7324254692675746 [0.97484277 0.19689922 0.48916409]

 rate=12 and ii =7
Accuracy: 0.777
Macro Precision: 0.861
Macro Recall: 0.565
Macro F1-score: 0.611

[[529   1   5]
 [125  34   2]
 [ 40   0  39]]
              precision    recall  f1-score   support

           0       0.76      0.99      0.86       535
           1       0.97      0.21      0.35       161
           2       0.85      0.49      0.62        79

    accuracy                           0.78       775
   macro avg       0.86      0.56      0.61       775
weighted avg       0.81      0.78      0.73       775

Time(sec):  8.2325769
nodes = range(self.m)
range(0, 8)
Graph with 8 nodes and 0 edges
3 369 8
L
[[1 1 1 ... 1 1 1]
 [1 1 1 ... 1 1 1]
 [2 1 2 ... 1 2 2]
 ...
 [1 1 2 ... 1 2 2]
 [1 1 3 ... 1 3 3]
 [3 1 3 ... 1 3 3]]
L_ind
[[1. 0. 0. ... 1. 0. 0.]
 [1. 0. 0. ... 1. 0. 0.]
 [0. 1. 0. ... 0. 1. 0.]
 ...
 [1. 0. 0. ... 0. 1. 0.]
 [1. 0. 0. ... 0. 0. 1.]
 [0. 0. 1. ... 0. 0. 1.]]
3 2718 8
L
[[2 1 3 ... 1 1 1]
 [1 1 1 ... 1 1 1]
 [1 1 1 ... 1 1 1]
 ...
 [1 1 3 ... 3 3 3]
 [1 1 1 ... 3 3 3]
 [1 1 1 ... 3 3 3]]
L_ind
[[0. 1. 0. ... 1. 0. 0.]
 [1. 0. 0. ... 1. 0. 0.]
 [1. 0. 0. ... 1. 0. 0.]
 ...
 [1. 0. 0. ... 0. 0. 1.]
 [1. 0. 0. ... 0. 0. 1.]
 [1. 0. 0. ... 0. 0. 1.]]
238 64.5
92 24.9
39 10.6
1760 64.8
640 23.5
318 11.7
(3087, 57) (3087,) (775, 57) (775,)

 SNO Accuracy: 0.596
[[1073  392  295]
 [ 261  280   99]
 [  35   16  267]]

 rate=12 and ii =8
Accuracy: 0.745
Macro Precision: 0.679
Macro Recall: 0.726
Macro F1-score: 0.691

[[400  55  35]
 [ 71  94  24]
 [ 11   2  83]]
              precision    recall  f1-score   support

           0       0.83      0.82      0.82       490
           1       0.62      0.50      0.55       189
           2       0.58      0.86      0.70        96

    accuracy                           0.74       775
   macro avg       0.68      0.73      0.69       775
weighted avg       0.75      0.74      0.74       775

238 64.5
92 24.9
39 10.6
1760 64.8
640 23.5
318 11.7
(3087, 57) (3087,) (775, 57) (775,)

semi-SelfTrain Label Accuracy: 0.756
[[1713    4   43]
 [ 484  137   19]
 [ 112    1  205]]
0.7560706401766004 [0.97329545 0.2140625  0.64465409]

 rate=12 and ii =8
Accuracy: 0.791
Macro Precision: 0.863
Macro Recall: 0.629
Macro F1-score: 0.656

[[522   1   7]
 [125  33   4]
 [ 25   0  58]]
              precision    recall  f1-score   support

         0.0       0.78      0.98      0.87       530
         1.0       0.97      0.20      0.34       162
         2.0       0.84      0.70      0.76        83

    accuracy                           0.79       775
   macro avg       0.86      0.63      0.66       775
weighted avg       0.82      0.79      0.75       775

238 64.5
92 24.9
39 10.6
1760 64.8
640 23.5
318 11.7
(3087, 57) (3087,) (775, 57) (775,)

semi-LabelSpread Label Accuracy: 0.678
[[1760    0    0]
 [ 570   70    0]
 [ 306    0   12]]
0.6777041942604857 [1.         0.109375   0.03773585]

 rate=12 and ii =8
Accuracy: 0.725
Macro Precision: 0.906
Macro Recall: 0.375
Macro F1-score: 0.355

[[543   0   0]
 [142  18   0]
 [ 71   0   1]]
              precision    recall  f1-score   support

         0.0       0.72      1.00      0.84       543
         1.0       1.00      0.11      0.20       160
         2.0       1.00      0.01      0.03        72

    accuracy                           0.73       775
   macro avg       0.91      0.38      0.36       775
weighted avg       0.80      0.73      0.63       775

238 64.5
92 24.9
39 10.6
1760 64.8
640 23.5
318 11.7
(3087, 57) (3087,) (775, 57) (2718,) (2718,)

2 order Label Accuracy: 0.747
[[1627   77   56]
 [ 432  171   37]
 [  78    9  231]]
0.746504782928624 [0.92443182 0.2671875  0.72641509]

 rate=12 and ii =8
Accuracy: 0.790
Macro Precision: 0.821
Macro Recall: 0.662
Macro F1-score: 0.674

[[505   4  14]
 [120  40   6]
 [ 19   0  67]]
              precision    recall  f1-score   support

           0       0.78      0.97      0.87       523
           1       0.91      0.24      0.38       166
           2       0.77      0.78      0.77        86

    accuracy                           0.79       775
   macro avg       0.82      0.66      0.67       775
weighted avg       0.81      0.79      0.75       775

238 64.5
92 24.9
39 10.6
1760 64.8
640 23.5
318 11.7
(3087, 57) (3087,) (775, 57) (2718,) (2718,)

3 order Label Accuracy: 0.705
[[1575  122   63]
 [ 479  135   26]
 [  84   28  206]]
0.7049300956585725 [0.89488636 0.2109375  0.64779874]

 rate=12 and ii =8
Accuracy: 0.772
Macro Precision: 0.814
Macro Recall: 0.619
Macro F1-score: 0.633

[[505   1  14]
 [130  32   5]
 [ 25   2  61]]
              precision    recall  f1-score   support

           0       0.77      0.97      0.86       520
           1       0.91      0.19      0.32       167
           2       0.76      0.69      0.73        88

    accuracy                           0.77       775
   macro avg       0.81      0.62      0.63       775
weighted avg       0.80      0.77      0.73       775

238 64.5
92 24.9
39 10.6
1760 64.8
640 23.5
318 11.7
(3087, 57) (3087,) (775, 57) (2718,) (2718,)

4 order Label Accuracy: 0.711
[[1597  100   63]
 [ 481  129   30]
 [  95   17  206]]
0.7108167770419426 [0.90738636 0.2015625  0.64779874]

 rate=12 and ii =8
Accuracy: 0.765
Macro Precision: 0.816
Macro Recall: 0.607
Macro F1-score: 0.623

[[504   2  13]
 [132  32   6]
 [ 29   0  57]]
              precision    recall  f1-score   support

           0       0.76      0.97      0.85       519
           1       0.94      0.19      0.31       170
           2       0.75      0.66      0.70        86

    accuracy                           0.77       775
   macro avg       0.82      0.61      0.62       775
weighted avg       0.80      0.77      0.72       775

Time(sec):  7.7553608
nodes = range(self.m)
range(0, 8)
Graph with 8 nodes and 0 edges
3 370 8
L
[[1 1 1 ... 1 1 1]
 [1 1 1 ... 1 1 1]
 [1 1 1 ... 1 1 1]
 ...
 [3 3 3 ... 3 3 3]
 [2 3 3 ... 3 3 3]
 [1 3 2 ... 1 2 2]]
L_ind
[[1. 0. 0. ... 1. 0. 0.]
 [1. 0. 0. ... 1. 0. 0.]
 [1. 0. 0. ... 1. 0. 0.]
 ...
 [0. 0. 1. ... 0. 0. 1.]
 [0. 1. 0. ... 0. 0. 1.]
 [1. 0. 0. ... 0. 1. 0.]]
3 2717 8
L
[[2 1 1 ... 1 1 1]
 [1 1 1 ... 1 1 1]
 [1 1 1 ... 1 1 1]
 ...
 [1 1 3 ... 3 3 3]
 [1 1 1 ... 3 3 3]
 [1 1 1 ... 3 3 3]]
L_ind
[[0. 1. 0. ... 1. 0. 0.]
 [1. 0. 0. ... 1. 0. 0.]
 [1. 0. 0. ... 1. 0. 0.]
 ...
 [1. 0. 0. ... 0. 0. 1.]
 [1. 0. 0. ... 0. 0. 1.]
 [1. 0. 0. ... 0. 0. 1.]]
235 63.5
95 25.7
40 10.8
1763 64.9
637 23.4
317 11.7
(3087, 57) (3087,) (775, 57) (775,)

 SNO Accuracy: 0.644
[[1249  240  274]
 [ 330  229   78]
 [  36   10  271]]

 rate=12 and ii =9
Accuracy: 0.761
Macro Precision: 0.714
Macro Recall: 0.709
Macro F1-score: 0.682

[[435  20  47]
 [ 86  67  19]
 [ 11   2  88]]
              precision    recall  f1-score   support

           0       0.82      0.87      0.84       502
           1       0.75      0.39      0.51       172
           2       0.57      0.87      0.69       101

    accuracy                           0.76       775
   macro avg       0.71      0.71      0.68       775
weighted avg       0.77      0.76      0.75       775

235 63.5
95 25.7
40 10.8
1763 64.9
637 23.4
317 11.7
(3087, 57) (3087,) (775, 57) (775,)

semi-SelfTrain Label Accuracy: 0.721
[[1672   48   43]
 [ 542   83   12]
 [ 107    6  204]]
0.7210158262789842 [0.94838344 0.13029827 0.64353312]

 rate=12 and ii =9
Accuracy: 0.759
Macro Precision: 0.739
Macro Recall: 0.591
Macro F1-score: 0.615

[[507  16   8]
 [132  27   2]
 [ 28   1  54]]
              precision    recall  f1-score   support

         0.0       0.76      0.95      0.85       531
         1.0       0.61      0.17      0.26       161
         2.0       0.84      0.65      0.73        83

    accuracy                           0.76       775
   macro avg       0.74      0.59      0.61       775
weighted avg       0.74      0.76      0.71       775

235 63.5
95 25.7
40 10.8
1763 64.9
637 23.4
317 11.7
(3087, 57) (3087,) (775, 57) (775,)

semi-LabelSpread Label Accuracy: 0.675
[[1763    0    0]
 [ 571   66    0]
 [ 312    0    5]]
0.6750092013249908 [1.         0.10361068 0.01577287]

 rate=12 and ii =9
Accuracy: 0.728
Macro Precision: 0.574
Macro Recall: 0.373
Macro F1-score: 0.351

[[545   0   0]
 [139  19   0]
 [ 72   0   0]]
              precision    recall  f1-score   support

         0.0       0.72      1.00      0.84       545
         1.0       1.00      0.12      0.21       158
         2.0       0.00      0.00      0.00        72

    accuracy                           0.73       775
   macro avg       0.57      0.37      0.35       775
weighted avg       0.71      0.73      0.63       775

235 63.5
95 25.7
40 10.8
1763 64.9
637 23.4
317 11.7
(3087, 57) (3087,) (775, 57) (2717,) (2717,)

2 order Label Accuracy: 0.706
[[1558  135   70]
 [ 479  139   19]
 [  89    6  222]]
0.7062937062937062 [0.88372093 0.21821036 0.70031546]

 rate=12 and ii =9
Accuracy: 0.785
Macro Precision: 0.807
Macro Recall: 0.641
Macro F1-score: 0.663

[[507   7  10]
 [122  37   4]
 [ 23   1  64]]
              precision    recall  f1-score   support

           0       0.78      0.97      0.86       524
           1       0.82      0.23      0.36       163
           2       0.82      0.73      0.77        88

    accuracy                           0.78       775
   macro avg       0.81      0.64      0.66       775
weighted avg       0.79      0.78      0.75       775

235 63.5
95 25.7
40 10.8
1763 64.9
637 23.4
317 11.7
(3087, 57) (3087,) (775, 57) (2717,) (2717,)

3 order Label Accuracy: 0.685
[[1570   42  151]
 [ 501   85   51]
 [  90   22  205]]
0.6845785793154214 [0.89052751 0.13343799 0.6466877 ]

 rate=12 and ii =9
Accuracy: 0.764
Macro Precision: 0.754
Macro Recall: 0.592
Macro F1-score: 0.593

[[511   1  16]
 [129  21   8]
 [ 24   5  60]]
              precision    recall  f1-score   support

           0       0.77      0.97      0.86       528
           1       0.78      0.13      0.23       158
           2       0.71      0.67      0.69        89

    accuracy                           0.76       775
   macro avg       0.75      0.59      0.59       775
weighted avg       0.76      0.76      0.71       775

235 63.5
95 25.7
40 10.8
1763 64.9
637 23.4
317 11.7
(3087, 57) (3087,) (775, 57) (2717,) (2717,)

4 order Label Accuracy: 0.724
[[1648   58   57]
 [ 514  107   16]
 [  99    5  213]]
0.7243283032756717 [0.93477028 0.16797488 0.67192429]

 rate=12 and ii =9
Accuracy: 0.778
Macro Precision: 0.828
Macro Recall: 0.610
Macro F1-score: 0.629

[[518   2   9]
 [130  27   4]
 [ 26   1  58]]
              precision    recall  f1-score   support

           0       0.77      0.98      0.86       529
           1       0.90      0.17      0.28       161
           2       0.82      0.68      0.74        85

    accuracy                           0.78       775
   macro avg       0.83      0.61      0.63       775
weighted avg       0.80      0.78      0.73       775

Time(sec):  8.216635499999999
nodes = range(self.m)
range(0, 8)
Graph with 8 nodes and 0 edges
3 371 8
L
[[3 3 3 ... 3 3 3]
 [1 1 2 ... 1 2 2]
 [1 1 1 ... 1 1 1]
 ...
 [2 1 1 ... 1 1 1]
 [1 1 1 ... 1 1 1]
 [1 1 1 ... 1 1 1]]
L_ind
[[0. 0. 1. ... 0. 0. 1.]
 [1. 0. 0. ... 0. 1. 0.]
 [1. 0. 0. ... 1. 0. 0.]
 ...
 [0. 1. 0. ... 1. 0. 0.]
 [1. 0. 0. ... 1. 0. 0.]
 [1. 0. 0. ... 1. 0. 0.]]
3 2716 8
L
[[2 1 3 ... 1 1 1]
 [1 1 1 ... 1 1 1]
 [1 1 1 ... 1 1 1]
 ...
 [3 1 3 ... 3 3 3]
 [1 1 1 ... 3 3 3]
 [1 1 1 ... 3 3 3]]
L_ind
[[0. 1. 0. ... 1. 0. 0.]
 [1. 0. 0. ... 1. 0. 0.]
 [1. 0. 0. ... 1. 0. 0.]
 ...
 [0. 0. 1. ... 0. 0. 1.]
 [1. 0. 0. ... 0. 0. 1.]
 [1. 0. 0. ... 0. 0. 1.]]
235 63.5
95 25.7
40 10.8
1763 64.9
637 23.4
317 11.7
(3087, 57) (3086,) (775, 57) (775,)
nodes = range(self.m)
range(0, 8)
Graph with 8 nodes and 0 edges
3 371 8
L
[[3 3 3 ... 3 3 3]
 [1 1 2 ... 1 2 2]
 [1 1 1 ... 1 1 1]
 ...
 [2 1 1 ... 1 1 1]
 [1 1 1 ... 1 1 1]
 [1 1 1 ... 1 1 1]]
L_ind
[[0. 0. 1. ... 0. 0. 1.]
 [1. 0. 0. ... 0. 1. 0.]
 [1. 0. 0. ... 1. 0. 0.]
 ...
 [0. 1. 0. ... 1. 0. 0.]
 [1. 0. 0. ... 1. 0. 0.]
 [1. 0. 0. ... 1. 0. 0.]]
3 2716 8
L
[[2 1 3 ... 1 1 1]
 [1 1 1 ... 1 1 1]
 [1 1 1 ... 1 1 1]
 ...
 [3 1 3 ... 3 3 3]
 [1 1 1 ... 3 3 3]
 [1 1 1 ... 3 3 3]]
L_ind
[[0. 1. 0. ... 1. 0. 0.]
 [1. 0. 0. ... 1. 0. 0.]
 [1. 0. 0. ... 1. 0. 0.]
 ...
 [0. 0. 1. ... 0. 0. 1.]
 [1. 0. 0. ... 0. 0. 1.]
 [1. 0. 0. ... 0. 0. 1.]]
228 61.5
90 24.3
53 14.3
1770 65.2
642 23.6
304 11.2
(3087, 57) (3087,) (775, 57) (775,)

 SNO Accuracy: 0.668
[[1326  238  206]
 [ 357  245   40]
 [  32   30  242]]

 rate=12 and ii =10
Accuracy: 0.769
Macro Precision: 0.708
Macro Recall: 0.704
Macro F1-score: 0.696

[[445  33  28]
 [ 90  71  10]
 [  9   9  80]]
              precision    recall  f1-score   support

           0       0.82      0.88      0.85       506
           1       0.63      0.42      0.50       171
           2       0.68      0.82      0.74        98

    accuracy                           0.77       775
   macro avg       0.71      0.70      0.70       775
weighted avg       0.76      0.77      0.76       775

228 61.5
90 24.3
53 14.3
1770 65.2
642 23.6
304 11.2
(3087, 57) (3087,) (775, 57) (775,)

semi-SelfTrain Label Accuracy: 0.749
[[1705    1   64]
 [ 498  122   22]
 [  93    5  206]]
0.7485272459499264 [0.96327684 0.19003115 0.67763158]

 rate=12 and ii =10
Accuracy: 0.777
Macro Precision: 0.837
Macro Recall: 0.626
Macro F1-score: 0.625

[[511   0  15]
 [133  22   4]
 [ 20   1  69]]
              precision    recall  f1-score   support

         0.0       0.77      0.97      0.86       526
         1.0       0.96      0.14      0.24       159
         2.0       0.78      0.77      0.78        90

    accuracy                           0.78       775
   macro avg       0.84      0.63      0.63       775
weighted avg       0.81      0.78      0.72       775

228 61.5
90 24.3
53 14.3
1770 65.2
642 23.6
304 11.2
(3087, 57) (3087,) (775, 57) (775,)

semi-LabelSpread Label Accuracy: 0.676
[[1770    0    0]
 [ 588   54    0]
 [ 292    0   12]]
0.6759941089837997 [1.         0.08411215 0.03947368]

 rate=12 and ii =10
Accuracy: 0.721
Macro Precision: 0.572
Macro Recall: 0.361
Macro F1-score: 0.329

[[546   0   0]
 [144  13   0]
 [ 72   0   0]]
              precision    recall  f1-score   support

         0.0       0.72      1.00      0.83       546
         1.0       1.00      0.08      0.15       157
         2.0       0.00      0.00      0.00        72

    accuracy                           0.72       775
   macro avg       0.57      0.36      0.33       775
weighted avg       0.71      0.72      0.62       775

228 61.5
90 24.3
53 14.3
1770 65.2
642 23.6
304 11.2
(3087, 57) (3087,) (775, 57) (2716,) (2716,)

2 order Label Accuracy: 0.728
[[1581  127   62]
 [ 434  191   17]
 [  78   21  205]]
0.7279086892488954 [0.89322034 0.29750779 0.67434211]

 rate=12 and ii =10
Accuracy: 0.783
Macro Precision: 0.763
Macro Recall: 0.660
Macro F1-score: 0.688

[[492  22   7]
 [112  51   3]
 [ 16   8  64]]
              precision    recall  f1-score   support

           0       0.79      0.94      0.86       521
           1       0.63      0.31      0.41       166
           2       0.86      0.73      0.79        88

    accuracy                           0.78       775
   macro avg       0.76      0.66      0.69       775
weighted avg       0.77      0.78      0.76       775

228 61.5
90 24.3
53 14.3
1770 65.2
642 23.6
304 11.2
(3087, 57) (3087,) (775, 57) (2716,) (2716,)

3 order Label Accuracy: 0.685
[[1568  123   79]
 [ 511  118   13]
 [  84   46  174]]
0.6848306332842415 [0.88587571 0.18380062 0.57236842]

 rate=12 and ii =10
Accuracy: 0.750
Macro Precision: 0.692
Macro Recall: 0.592
Macro F1-score: 0.613

[[493  20  10]
 [127  34   5]
 [ 21  11  54]]
              precision    recall  f1-score   support

           0       0.77      0.94      0.85       523
           1       0.52      0.20      0.29       166
           2       0.78      0.63      0.70        86

    accuracy                           0.75       775
   macro avg       0.69      0.59      0.61       775
weighted avg       0.72      0.75      0.71       775

228 61.5
90 24.3
53 14.3
1770 65.2
642 23.6
304 11.2
(3087, 57) (3087,) (775, 57) (2716,) (2716,)

4 order Label Accuracy: 0.688
[[1568  111   91]
 [ 502  109   31]
 [  85   27  192]]
0.6881443298969072 [0.88587571 0.16978193 0.63157895]

 rate=12 and ii =10
Accuracy: 0.743
Macro Precision: 0.683
Macro Recall: 0.592
Macro F1-score: 0.607

[[487  20  15]
 [129  33   4]
 [ 23   8  56]]
              precision    recall  f1-score   support

           0       0.76      0.93      0.84       522
           1       0.54      0.20      0.29       166
           2       0.75      0.64      0.69        87

    accuracy                           0.74       775
   macro avg       0.68      0.59      0.61       775
weighted avg       0.71      0.74      0.70       775

Time(sec):  8.1945118
