nodes = range(self.m)
range(0, 8)
Graph with 8 nodes and 0 edges
3 619 8
L
[[1 1 1 ... 1 1 1]
 [1 1 2 ... 1 2 2]
 [1 1 1 ... 1 1 1]
 ...
 [2 1 2 ... 1 2 2]
 [2 1 2 ... 1 2 1]
 [2 1 2 ... 1 2 1]]
L_ind
[[1. 0. 0. ... 1. 0. 0.]
 [1. 0. 0. ... 0. 1. 0.]
 [1. 0. 0. ... 1. 0. 0.]
 ...
 [0. 1. 0. ... 0. 1. 0.]
 [0. 1. 0. ... 1. 0. 0.]
 [0. 1. 0. ... 1. 0. 0.]]
3 2468 8
L
[[1 1 1 ... 1 1 1]
 [1 1 1 ... 1 1 1]
 [1 1 2 ... 1 1 1]
 ...
 [1 1 3 ... 1 3 3]
 [1 1 1 ... 3 3 3]
 [1 1 1 ... 3 3 3]]
L_ind
[[1. 0. 0. ... 1. 0. 0.]
 [1. 0. 0. ... 1. 0. 0.]
 [1. 0. 0. ... 1. 0. 0.]
 ...
 [1. 0. 0. ... 0. 0. 1.]
 [1. 0. 0. ... 0. 0. 1.]
 [1. 0. 0. ... 0. 0. 1.]]
401 64.8
147 23.7
71 11.5
1597 64.7
585 23.7
286 11.6
(3087, 57) (3087,) (775, 57) (775,)

 SNO Accuracy: 0.679
[[1176  251  170]
 [ 271  263   51]
 [  23   26  237]]

 rate=20 and ii =1
Accuracy: 0.808
Macro Precision: 0.778
Macro Recall: 0.744
Macro F1-score: 0.745

[[468  23  18]
 [ 87  75   9]
 [ 10   2  83]]
              precision    recall  f1-score   support

           0       0.83      0.92      0.87       509
           1       0.75      0.44      0.55       171
           2       0.75      0.87      0.81        95

    accuracy                           0.81       775
   macro avg       0.78      0.74      0.74       775
weighted avg       0.80      0.81      0.79       775

401 64.8
147 23.7
71 11.5
1597 64.7
585 23.7
286 11.6
(3087, 57) (3087,) (775, 57) (775,)

semi-SelfTrain Label Accuracy: 0.775
[[1555    2   40]
 [ 408  162   15]
 [  88    2  196]]
0.7751215559157212 [0.97370069 0.27692308 0.68531469]

 rate=20 and ii =1
Accuracy: 0.808
Macro Precision: 0.872
Macro Recall: 0.670
Macro F1-score: 0.704

[[513   1   9]
 [113  47   3]
 [ 23   0  66]]
              precision    recall  f1-score   support

         0.0       0.79      0.98      0.88       523
         1.0       0.98      0.29      0.45       163
         2.0       0.85      0.74      0.79        89

    accuracy                           0.81       775
   macro avg       0.87      0.67      0.70       775
weighted avg       0.84      0.81      0.78       775

401 64.8
147 23.7
71 11.5
1597 64.7
585 23.7
286 11.6
(3087, 57) (3087,) (775, 57) (775,)

semi-LabelSpread Label Accuracy: 0.691
[[1597    0    0]
 [ 486   99    0]
 [ 276    0   10]]
0.6912479740680713 [1.         0.16923077 0.03496503]

 rate=20 and ii =1
Accuracy: 0.738
Macro Precision: 0.909
Macro Recall: 0.405
Macro F1-score: 0.406

[[541   0   0]
 [133  28   0]
 [ 70   0   3]]
              precision    recall  f1-score   support

         0.0       0.73      1.00      0.84       541
         1.0       1.00      0.17      0.30       161
         2.0       1.00      0.04      0.08        73

    accuracy                           0.74       775
   macro avg       0.91      0.41      0.41       775
weighted avg       0.81      0.74      0.66       775

401 64.8
147 23.7
71 11.5
1597 64.7
585 23.7
286 11.6
(3087, 57) (3087,) (775, 57) (2468,) (2468,)

2 order Label Accuracy: 0.770
[[1506   53   38]
 [ 374  203    8]
 [  85    9  192]]
0.770259319286872 [0.94301816 0.34700855 0.67132867]

 rate=20 and ii =1
Accuracy: 0.804
Macro Precision: 0.850
Macro Recall: 0.656
Macro F1-score: 0.702

[[513   7   7]
 [109  53   1]
 [ 28   0  57]]
              precision    recall  f1-score   support

           0       0.79      0.97      0.87       527
           1       0.88      0.33      0.48       163
           2       0.88      0.67      0.76        85

    accuracy                           0.80       775
   macro avg       0.85      0.66      0.70       775
weighted avg       0.82      0.80      0.78       775

401 64.8
147 23.7
71 11.5
1597 64.7
585 23.7
286 11.6
(3087, 57) (3087,) (775, 57) (2468,) (2468,)

3 order Label Accuracy: 0.774
[[1535   29   33]
 [ 391  184   10]
 [  89    6  191]]
0.7739059967585089 [0.96117721 0.31452991 0.66783217]

 rate=20 and ii =1
Accuracy: 0.809
Macro Precision: 0.875
Macro Recall: 0.658
Macro F1-score: 0.706

[[518   3   6]
 [110  52   1]
 [ 28   0  57]]
              precision    recall  f1-score   support

           0       0.79      0.98      0.88       527
           1       0.95      0.32      0.48       163
           2       0.89      0.67      0.77        85

    accuracy                           0.81       775
   macro avg       0.88      0.66      0.71       775
weighted avg       0.83      0.81      0.78       775

401 64.8
147 23.7
71 11.5
1597 64.7
585 23.7
286 11.6
(3087, 57) (3087,) (775, 57) (2468,) (2468,)

4 order Label Accuracy: 0.775
[[1536   29   32]
 [ 391  186    8]
 [  90    6  190]]
0.7747163695299838 [0.96180338 0.31794872 0.66433566]

 rate=20 and ii =1
Accuracy: 0.809
Macro Precision: 0.881
Macro Recall: 0.657
Macro F1-score: 0.706

[[517   2   6]
 [110  52   1]
 [ 29   0  58]]
              precision    recall  f1-score   support

           0       0.79      0.98      0.88       525
           1       0.96      0.32      0.48       163
           2       0.89      0.67      0.76        87

    accuracy                           0.81       775
   macro avg       0.88      0.66      0.71       775
weighted avg       0.84      0.81      0.78       775

Time(sec):  7.3348007
nodes = range(self.m)
range(0, 8)
Graph with 8 nodes and 0 edges
3 613 8
L
[[1 1 2 ... 1 2 2]
 [1 1 1 ... 1 1 1]
 [1 1 1 ... 1 1 1]
 ...
 [1 1 2 ... 1 2 2]
 [2 1 2 ... 1 2 2]
 [1 3 2 ... 1 2 2]]
L_ind
[[1. 0. 0. ... 0. 1. 0.]
 [1. 0. 0. ... 1. 0. 0.]
 [1. 0. 0. ... 1. 0. 0.]
 ...
 [1. 0. 0. ... 0. 1. 0.]
 [0. 1. 0. ... 0. 1. 0.]
 [1. 0. 0. ... 0. 1. 0.]]
3 2474 8
L
[[1 1 1 ... 1 1 1]
 [1 1 1 ... 1 1 1]
 [1 1 1 ... 1 1 1]
 ...
 [3 1 3 ... 1 1 1]
 [3 1 3 ... 1 1 3]
 [1 1 1 ... 3 3 3]]
L_ind
[[1. 0. 0. ... 1. 0. 0.]
 [1. 0. 0. ... 1. 0. 0.]
 [1. 0. 0. ... 1. 0. 0.]
 ...
 [0. 0. 1. ... 1. 0. 0.]
 [0. 0. 1. ... 0. 0. 1.]
 [1. 0. 0. ... 0. 0. 1.]]
399 65.1
145 23.7
69 11.3
1599 64.6
587 23.7
288 11.6
(3087, 57) (3087,) (775, 57) (775,)

 SNO Accuracy: 0.643
[[1101  265  233]
 [ 265  253   69]
 [  32   19  237]]

 rate=20 and ii =2
Accuracy: 0.803
Macro Precision: 0.755
Macro Recall: 0.739
Macro F1-score: 0.732

[[466  25  20]
 [ 80  77  15]
 [ 10   3  79]]
              precision    recall  f1-score   support

           0       0.84      0.91      0.87       511
           1       0.73      0.45      0.56       172
           2       0.69      0.86      0.77        92

    accuracy                           0.80       775
   macro avg       0.75      0.74      0.73       775
weighted avg       0.80      0.80      0.79       775

399 65.1
145 23.7
69 11.3
1599 64.6
587 23.7
288 11.6
(3087, 57) (3087,) (775, 57) (775,)

semi-SelfTrain Label Accuracy: 0.767
[[1561   10   28]
 [ 432  147    8]
 [  92    7  189]]
0.7667744543249798 [0.97623515 0.25042589 0.65625   ]

 rate=20 and ii =2
Accuracy: 0.815
Macro Precision: 0.882
Macro Recall: 0.678
Macro F1-score: 0.719

[[517   2   6]
 [110  51   2]
 [ 23   0  64]]
              precision    recall  f1-score   support

         0.0       0.80      0.98      0.88       525
         1.0       0.96      0.31      0.47       163
         2.0       0.89      0.74      0.81        87

    accuracy                           0.82       775
   macro avg       0.88      0.68      0.72       775
weighted avg       0.84      0.82      0.79       775

399 65.1
145 23.7
69 11.3
1599 64.6
587 23.7
288 11.6
(3087, 57) (3087,) (775, 57) (775,)

semi-LabelSpread Label Accuracy: 0.685
[[1599    0    0]
 [ 502   85    0]
 [ 277    0   11]]
0.685125303152789 [1.         0.14480409 0.03819444]

 rate=20 and ii =2
Accuracy: 0.742
Macro Precision: 0.910
Macro Recall: 0.409
Macro F1-score: 0.413

[[542   0   0]
 [131  30   0]
 [ 69   0   3]]
              precision    recall  f1-score   support

         0.0       0.73      1.00      0.84       542
         1.0       1.00      0.19      0.31       161
         2.0       1.00      0.04      0.08        72

    accuracy                           0.74       775
   macro avg       0.91      0.41      0.41       775
weighted avg       0.81      0.74      0.66       775

399 65.1
145 23.7
69 11.3
1599 64.6
587 23.7
288 11.6
(3087, 57) (3087,) (775, 57) (2474,) (2474,)

2 order Label Accuracy: 0.747
[[1484   83   32]
 [ 416  161   10]
 [  68   18  202]]
0.7465642683912692 [0.92808005 0.27427598 0.70138889]

 rate=20 and ii =2
Accuracy: 0.806
Macro Precision: 0.820
Macro Recall: 0.675
Macro F1-score: 0.712

[[508   9   7]
 [107  57   3]
 [ 19   5  60]]
              precision    recall  f1-score   support

           0       0.80      0.97      0.88       524
           1       0.80      0.34      0.48       167
           2       0.86      0.71      0.78        84

    accuracy                           0.81       775
   macro avg       0.82      0.68      0.71       775
weighted avg       0.81      0.81      0.78       775

399 65.1
145 23.7
69 11.3
1599 64.6
587 23.7
288 11.6
(3087, 57) (3087,) (775, 57) (2474,) (2474,)

3 order Label Accuracy: 0.697
[[1399  166   34]
 [ 408  175    4]
 [  99   39  150]]
0.6968472109943411 [0.87492183 0.29812606 0.52083333]

 rate=20 and ii =2
Accuracy: 0.786
Macro Precision: 0.817
Macro Recall: 0.600
Macro F1-score: 0.652

[[519   9   5]
 [114  47   1]
 [ 34   3  43]]
              precision    recall  f1-score   support

           0       0.78      0.97      0.86       533
           1       0.80      0.29      0.43       162
           2       0.88      0.54      0.67        80

    accuracy                           0.79       775
   macro avg       0.82      0.60      0.65       775
weighted avg       0.79      0.79      0.75       775

399 65.1
145 23.7
69 11.3
1599 64.6
587 23.7
288 11.6
(3087, 57) (3087,) (775, 57) (2474,) (2474,)

4 order Label Accuracy: 0.681
[[1458   64   77]
 [ 390  150   47]
 [ 197   14   77]]
0.6810832659660468 [0.91181989 0.25553663 0.26736111]

 rate=20 and ii =2
Accuracy: 0.760
Macro Precision: 0.694
Macro Recall: 0.470
Macro F1-score: 0.500

[[529   2   7]
 [105  52   6]
 [ 65   1   8]]
              precision    recall  f1-score   support

           0       0.76      0.98      0.86       538
           1       0.95      0.32      0.48       163
           2       0.38      0.11      0.17        74

    accuracy                           0.76       775
   macro avg       0.69      0.47      0.50       775
weighted avg       0.76      0.76      0.71       775

Time(sec):  7.6905126
nodes = range(self.m)
range(0, 8)
Graph with 8 nodes and 0 edges
3 619 8
L
[[1 1 2 ... 1 2 2]
 [1 1 1 ... 1 1 1]
 [2 1 2 ... 1 2 2]
 ...
 [2 2 2 ... 1 2 2]
 [1 1 2 ... 1 2 2]
 [1 3 2 ... 1 2 2]]
L_ind
[[1. 0. 0. ... 0. 1. 0.]
 [1. 0. 0. ... 1. 0. 0.]
 [0. 1. 0. ... 0. 1. 0.]
 ...
 [0. 1. 0. ... 0. 1. 0.]
 [1. 0. 0. ... 0. 1. 0.]
 [1. 0. 0. ... 0. 1. 0.]]
3 2468 8
L
[[2 1 3 ... 1 1 1]
 [1 1 1 ... 1 1 1]
 [2 1 1 ... 1 2 2]
 ...
 [3 1 2 ... 1 1 2]
 [1 1 3 ... 1 3 3]
 [1 1 1 ... 3 3 3]]
L_ind
[[0. 1. 0. ... 1. 0. 0.]
 [1. 0. 0. ... 1. 0. 0.]
 [0. 1. 0. ... 0. 1. 0.]
 ...
 [0. 0. 1. ... 0. 1. 0.]
 [1. 0. 0. ... 0. 0. 1.]
 [1. 0. 0. ... 0. 0. 1.]]
401 64.8
147 23.7
71 11.5
1597 64.7
585 23.7
286 11.6
(3087, 57) (3087,) (775, 57) (775,)

 SNO Accuracy: 0.640
[[1079  273  245]
 [ 241  283   61]
 [  29   39  218]]

 rate=20 and ii =3
Accuracy: 0.777
Macro Precision: 0.716
Macro Recall: 0.724
Macro F1-score: 0.711

[[434  32  29]
 [ 75  91  18]
 [ 10   9  77]]
              precision    recall  f1-score   support

           0       0.84      0.88      0.86       495
           1       0.69      0.49      0.58       184
           2       0.62      0.80      0.70        96

    accuracy                           0.78       775
   macro avg       0.72      0.72      0.71       775
weighted avg       0.77      0.78      0.77       775

401 64.8
147 23.7
71 11.5
1597 64.7
585 23.7
286 11.6
(3087, 57) (3087,) (775, 57) (775,)

semi-SelfTrain Label Accuracy: 0.756
[[1506   55   36]
 [ 388  191    6]
 [  90   26  170]]
0.756482982171799 [0.94301816 0.32649573 0.59440559]

 rate=20 and ii =3
Accuracy: 0.795
Macro Precision: 0.784
Macro Recall: 0.656
Macro F1-score: 0.694

[[499  15   8]
 [101  62   4]
 [ 23   8  55]]
              precision    recall  f1-score   support

         0.0       0.80      0.96      0.87       522
         1.0       0.73      0.37      0.49       167
         2.0       0.82      0.64      0.72        86

    accuracy                           0.79       775
   macro avg       0.78      0.66      0.69       775
weighted avg       0.79      0.79      0.77       775

401 64.8
147 23.7
71 11.5
1597 64.7
585 23.7
286 11.6
(3087, 57) (3087,) (775, 57) (775,)

semi-LabelSpread Label Accuracy: 0.686
[[1597    0    0]
 [ 500   85    0]
 [ 275    0   11]]
0.6859805510534847 [1.         0.14529915 0.03846154]

 rate=20 and ii =3
Accuracy: 0.745
Macro Precision: 0.911
Macro Recall: 0.419
Macro F1-score: 0.430

[[542   0   0]
 [131  30   0]
 [ 67   0   5]]
              precision    recall  f1-score   support

         0.0       0.73      1.00      0.85       542
         1.0       1.00      0.19      0.31       161
         2.0       1.00      0.07      0.13        72

    accuracy                           0.74       775
   macro avg       0.91      0.42      0.43       775
weighted avg       0.81      0.74      0.67       775

401 64.8
147 23.7
71 11.5
1597 64.7
585 23.7
286 11.6
(3087, 57) (3087,) (775, 57) (2468,) (2468,)

2 order Label Accuracy: 0.743
[[1461  112   24]
 [ 397  185    3]
 [  79   19  188]]
0.7431118314424635 [0.91484033 0.31623932 0.65734266]

 rate=20 and ii =3
Accuracy: 0.806
Macro Precision: 0.814
Macro Recall: 0.670
Macro F1-score: 0.710

[[509   9   7]
 [106  58   2]
 [ 18   8  58]]
              precision    recall  f1-score   support

           0       0.80      0.97      0.88       525
           1       0.77      0.35      0.48       166
           2       0.87      0.69      0.77        84

    accuracy                           0.81       775
   macro avg       0.81      0.67      0.71       775
weighted avg       0.80      0.81      0.78       775

401 64.8
147 23.7
71 11.5
1597 64.7
585 23.7
286 11.6
(3087, 57) (3087,) (775, 57) (2468,) (2468,)

3 order Label Accuracy: 0.698
[[1406  156   35]
 [ 365  150   70]
 [  83   36  167]]
0.6981361426256077 [0.88040075 0.25641026 0.58391608]

 rate=20 and ii =3
Accuracy: 0.801
Macro Precision: 0.796
Macro Recall: 0.659
Macro F1-score: 0.685

[[511   8   7]
 [100  52  13]
 [ 24   2  58]]
              precision    recall  f1-score   support

           0       0.80      0.97      0.88       526
           1       0.84      0.32      0.46       165
           2       0.74      0.69      0.72        84

    accuracy                           0.80       775
   macro avg       0.80      0.66      0.68       775
weighted avg       0.81      0.80      0.77       775

401 64.8
147 23.7
71 11.5
1597 64.7
585 23.7
286 11.6
(3087, 57) (3087,) (775, 57) (2468,) (2468,)

4 order Label Accuracy: 0.761
[[1508   71   18]
 [ 393  190    2]
 [  84   22  180]]
0.7609400324149108 [0.94427051 0.32478632 0.62937063]

 rate=20 and ii =3
Accuracy: 0.803
Macro Precision: 0.800
Macro Recall: 0.669
Macro F1-score: 0.709

[[504  14   6]
 [104  61   2]
 [ 17  10  57]]
              precision    recall  f1-score   support

           0       0.81      0.96      0.88       524
           1       0.72      0.37      0.48       167
           2       0.88      0.68      0.77        84

    accuracy                           0.80       775
   macro avg       0.80      0.67      0.71       775
weighted avg       0.79      0.80      0.78       775

Time(sec):  7.9465376999999995
nodes = range(self.m)
range(0, 8)
Graph with 8 nodes and 0 edges
3 616 8
L
[[1 1 2 ... 1 2 2]
 [1 1 2 ... 1 2 1]
 [1 1 2 ... 1 2 1]
 ...
 [2 1 2 ... 1 2 2]
 [1 1 2 ... 1 2 2]
 [2 3 2 ... 1 2 2]]
L_ind
[[1. 0. 0. ... 0. 1. 0.]
 [1. 0. 0. ... 1. 0. 0.]
 [1. 0. 0. ... 1. 0. 0.]
 ...
 [0. 1. 0. ... 0. 1. 0.]
 [1. 0. 0. ... 0. 1. 0.]
 [0. 1. 0. ... 0. 1. 0.]]
3 2471 8
L
[[2 1 1 ... 1 1 1]
 [1 1 1 ... 1 1 2]
 [1 1 1 ... 1 3 1]
 ...
 [2 3 3 ... 3 3 3]
 [2 3 3 ... 1 1 1]
 [1 1 3 ... 1 3 3]]
L_ind
[[0. 1. 0. ... 1. 0. 0.]
 [1. 0. 0. ... 0. 1. 0.]
 [1. 0. 0. ... 1. 0. 0.]
 ...
 [0. 1. 0. ... 0. 0. 1.]
 [0. 1. 0. ... 1. 0. 0.]
 [1. 0. 0. ... 0. 0. 1.]]
399 64.8
146 23.7
71 11.5
1599 64.7
586 23.7
286 11.6
(3087, 57) (3087,) (775, 57) (775,)

 SNO Accuracy: 0.668
[[1161  273  165]
 [ 280  252   54]
 [  33   15  238]]

 rate=20 and ii =4
Accuracy: 0.783
Macro Precision: 0.731
Macro Recall: 0.724
Macro F1-score: 0.709

[[457  28  22]
 [ 90  71  16]
 [  9   3  79]]
              precision    recall  f1-score   support

           0       0.82      0.90      0.86       507
           1       0.70      0.40      0.51       177
           2       0.68      0.87      0.76        91

    accuracy                           0.78       775
   macro avg       0.73      0.72      0.71       775
weighted avg       0.78      0.78      0.77       775

399 64.8
146 23.7
71 11.5
1599 64.7
586 23.7
286 11.6
(3087, 57) (3087,) (775, 57) (775,)

semi-SelfTrain Label Accuracy: 0.769
[[1533   22   44]
 [ 391  168   27]
 [  75   11  200]]
0.7693241602590044 [0.9587242  0.28668942 0.6993007 ]

 rate=20 and ii =4
Accuracy: 0.794
Macro Precision: 0.816
Macro Recall: 0.657
Macro F1-score: 0.678

[[508   5   9]
 [119  40   5]
 [ 19   3  67]]
              precision    recall  f1-score   support

         0.0       0.79      0.97      0.87       522
         1.0       0.83      0.24      0.38       164
         2.0       0.83      0.75      0.79        89

    accuracy                           0.79       775
   macro avg       0.82      0.66      0.68       775
weighted avg       0.80      0.79      0.76       775

399 64.8
146 23.7
71 11.5
1599 64.7
586 23.7
286 11.6
(3087, 57) (3087,) (775, 57) (775,)

semi-LabelSpread Label Accuracy: 0.690
[[1599    0    0]
 [ 489   97    0]
 [ 278    0    8]]
0.6895993524888709 [1.         0.16552901 0.02797203]

 rate=20 and ii =4
Accuracy: 0.724
Macro Precision: 0.823
Macro Recall: 0.382
Macro F1-score: 0.368

[[541   0   0]
 [143  17   1]
 [ 70   0   3]]
              precision    recall  f1-score   support

         0.0       0.72      1.00      0.84       541
         1.0       1.00      0.11      0.19       161
         2.0       0.75      0.04      0.08        73

    accuracy                           0.72       775
   macro avg       0.82      0.38      0.37       775
weighted avg       0.78      0.72      0.63       775

399 64.8
146 23.7
71 11.5
1599 64.7
586 23.7
286 11.6
(3087, 57) (3087,) (775, 57) (2471,) (2471,)

2 order Label Accuracy: 0.760
[[1468   84   47]
 [ 362  196   28]
 [  61   12  213]]
0.7596114933225415 [0.9180738  0.33447099 0.74475524]

 rate=20 and ii =4
Accuracy: 0.796
Macro Precision: 0.800
Macro Recall: 0.677
Macro F1-score: 0.696

[[499   9  11]
 [112  49   6]
 [ 17   3  69]]
              precision    recall  f1-score   support

           0       0.79      0.96      0.87       519
           1       0.80      0.29      0.43       167
           2       0.80      0.78      0.79        89

    accuracy                           0.80       775
   macro avg       0.80      0.68      0.70       775
weighted avg       0.80      0.80      0.77       775

399 64.8
146 23.7
71 11.5
1599 64.7
586 23.7
286 11.6
(3087, 57) (3087,) (775, 57) (2471,) (2471,)

3 order Label Accuracy: 0.722
[[1432   86   81]
 [ 361  196   29]
 [  68   62  156]]
0.7219749089437475 [0.89555972 0.33447099 0.54545455]

 rate=20 and ii =4
Accuracy: 0.791
Macro Precision: 0.778
Macro Recall: 0.631
Macro F1-score: 0.668

[[511   7   5]
 [111  51   7]
 [ 20  12  51]]
              precision    recall  f1-score   support

           0       0.80      0.98      0.88       523
           1       0.73      0.30      0.43       169
           2       0.81      0.61      0.70        83

    accuracy                           0.79       775
   macro avg       0.78      0.63      0.67       775
weighted avg       0.78      0.79      0.76       775

399 64.8
146 23.7
71 11.5
1599 64.7
586 23.7
286 11.6
(3087, 57) (3087,) (775, 57) (2471,) (2471,)

4 order Label Accuracy: 0.693
[[1361  205   33]
 [ 354  224    8]
 [ 121   37  128]]
0.6932416025900445 [0.85115697 0.38225256 0.44755245]

 rate=20 and ii =4
Accuracy: 0.781
Macro Precision: 0.780
Macro Recall: 0.620
Macro F1-score: 0.666

[[500  16   4]
 [110  59   3]
 [ 26  11  46]]
              precision    recall  f1-score   support

           0       0.79      0.96      0.87       520
           1       0.69      0.34      0.46       172
           2       0.87      0.55      0.68        83

    accuracy                           0.78       775
   macro avg       0.78      0.62      0.67       775
weighted avg       0.77      0.78      0.75       775

Time(sec):  8.1922634
nodes = range(self.m)
range(0, 8)
Graph with 8 nodes and 0 edges
3 615 8
L
[[1 1 1 ... 1 1 1]
 [3 1 2 ... 1 2 2]
 [1 1 2 ... 1 2 2]
 ...
 [2 1 2 ... 1 2 2]
 [1 1 2 ... 1 2 2]
 [1 1 2 ... 1 2 2]]
L_ind
[[1. 0. 0. ... 1. 0. 0.]
 [0. 0. 1. ... 0. 1. 0.]
 [1. 0. 0. ... 0. 1. 0.]
 ...
 [0. 1. 0. ... 0. 1. 0.]
 [1. 0. 0. ... 0. 1. 0.]
 [1. 0. 0. ... 0. 1. 0.]]
3 2472 8
L
[[1 1 2 ... 1 1 1]
 [3 1 1 ... 1 2 3]
 [1 1 1 ... 1 1 1]
 ...
 [1 1 3 ... 1 3 3]
 [1 1 1 ... 3 3 3]
 [1 1 1 ... 3 3 3]]
L_ind
[[1. 0. 0. ... 1. 0. 0.]
 [0. 0. 1. ... 0. 0. 1.]
 [1. 0. 0. ... 1. 0. 0.]
 ...
 [1. 0. 0. ... 0. 0. 1.]
 [1. 0. 0. ... 0. 0. 1.]
 [1. 0. 0. ... 0. 0. 1.]]
397 64.6
147 23.9
71 11.5
1601 64.8
585 23.7
286 11.6
(3087, 57) (3087,) (775, 57) (775,)

 SNO Accuracy: 0.666
[[1146  278  177]
 [ 282  263   40]
 [  28   20  238]]

 rate=20 and ii =5
Accuracy: 0.788
Macro Precision: 0.736
Macro Recall: 0.723
Macro F1-score: 0.717

[[462  32  20]
 [ 88  68  11]
 [ 10   3  81]]
              precision    recall  f1-score   support

           0       0.82      0.90      0.86       514
           1       0.66      0.41      0.50       167
           2       0.72      0.86      0.79        94

    accuracy                           0.79       775
   macro avg       0.74      0.72      0.72       775
weighted avg       0.78      0.79      0.77       775

397 64.6
147 23.9
71 11.5
1601 64.8
585 23.7
286 11.6
(3087, 57) (3087,) (775, 57) (775,)

semi-SelfTrain Label Accuracy: 0.764
[[1547   12   42]
 [ 411  157   17]
 [ 100    1  185]]
0.76415857605178 [0.96627108 0.26837607 0.64685315]

 rate=20 and ii =5
Accuracy: 0.804
Macro Precision: 0.869
Macro Recall: 0.659
Macro F1-score: 0.687

[[519   1   8]
 [117  40   4]
 [ 22   0  64]]
              precision    recall  f1-score   support

         0.0       0.79      0.98      0.88       528
         1.0       0.98      0.25      0.40       161
         2.0       0.84      0.74      0.79        86

    accuracy                           0.80       775
   macro avg       0.87      0.66      0.69       775
weighted avg       0.83      0.80      0.77       775

397 64.6
147 23.9
71 11.5
1601 64.8
585 23.7
286 11.6
(3087, 57) (3087,) (775, 57) (775,)

semi-LabelSpread Label Accuracy: 0.691
[[1601    0    0]
 [ 490   95    0]
 [ 275    0   11]]
0.6905339805825242 [1.         0.16239316 0.03846154]

 rate=20 and ii =5
Accuracy: 0.734
Macro Precision: 0.908
Macro Recall: 0.393
Macro F1-score: 0.388

[[544   0   0]
 [136  22   0]
 [ 70   0   3]]
              precision    recall  f1-score   support

         0.0       0.73      1.00      0.84       544
         1.0       1.00      0.14      0.24       158
         2.0       1.00      0.04      0.08        73

    accuracy                           0.73       775
   macro avg       0.91      0.39      0.39       775
weighted avg       0.81      0.73      0.65       775

397 64.6
147 23.9
71 11.5
1601 64.8
585 23.7
286 11.6
(3087, 57) (3087,) (775, 57) (2472,) (2472,)

2 order Label Accuracy: 0.761
[[1481   76   44]
 [ 369  193   23]
 [  70    8  208]]
0.761326860841424 [0.92504685 0.32991453 0.72727273]

 rate=20 and ii =5
Accuracy: 0.810
Macro Precision: 0.834
Macro Recall: 0.695
Macro F1-score: 0.722

[[505   9   9]
 [110  50   2]
 [ 16   1  73]]
              precision    recall  f1-score   support

           0       0.80      0.97      0.88       523
           1       0.83      0.31      0.45       162
           2       0.87      0.81      0.84        90

    accuracy                           0.81       775
   macro avg       0.83      0.70      0.72       775
weighted avg       0.82      0.81      0.78       775

397 64.6
147 23.9
71 11.5
1601 64.8
585 23.7
286 11.6
(3087, 57) (3087,) (775, 57) (2472,) (2472,)

3 order Label Accuracy: 0.711
[[1474  109   18]
 [ 460  123    2]
 [ 104   22  160]]
0.7107605177993528 [0.92067458 0.21025641 0.55944056]

 rate=20 and ii =5
Accuracy: 0.779
Macro Precision: 0.862
Macro Recall: 0.576
Macro F1-score: 0.623

[[529   3   2]
 [128  31   1]
 [ 36   1  44]]
              precision    recall  f1-score   support

           0       0.76      0.99      0.86       534
           1       0.89      0.19      0.32       160
           2       0.94      0.54      0.69        81

    accuracy                           0.78       775
   macro avg       0.86      0.58      0.62       775
weighted avg       0.81      0.78      0.73       775

397 64.6
147 23.9
71 11.5
1601 64.8
585 23.7
286 11.6
(3087, 57) (3087,) (775, 57) (2472,) (2472,)

4 order Label Accuracy: 0.664
[[1462  124   15]
 [ 453  130    2]
 [ 211   26   49]]
0.6638349514563107 [0.91317926 0.22222222 0.17132867]

 rate=20 and ii =5
Accuracy: 0.726
Macro Precision: 0.786
Macro Recall: 0.424
Macro F1-score: 0.444

[[528  13   0]
 [134  24   0]
 [ 64   1  11]]
              precision    recall  f1-score   support

           0       0.73      0.98      0.83       541
           1       0.63      0.15      0.24       158
           2       1.00      0.14      0.25        76

    accuracy                           0.73       775
   macro avg       0.79      0.42      0.44       775
weighted avg       0.73      0.73      0.66       775

Time(sec):  7.7626242
nodes = range(self.m)
range(0, 8)
Graph with 8 nodes and 0 edges
3 616 8
L
[[1 1 1 ... 1 1 1]
 [1 1 1 ... 1 1 1]
 [1 1 1 ... 1 1 1]
 ...
 [2 1 2 ... 1 2 2]
 [1 1 2 ... 1 2 2]
 [2 1 2 ... 1 2 2]]
L_ind
[[1. 0. 0. ... 1. 0. 0.]
 [1. 0. 0. ... 1. 0. 0.]
 [1. 0. 0. ... 1. 0. 0.]
 ...
 [0. 1. 0. ... 0. 1. 0.]
 [1. 0. 0. ... 0. 1. 0.]
 [0. 1. 0. ... 0. 1. 0.]]
3 2471 8
L
[[1 1 3 ... 1 1 1]
 [1 1 1 ... 1 1 1]
 [1 1 1 ... 1 1 1]
 ...
 [2 1 3 ... 3 3 3]
 [1 1 1 ... 3 3 3]
 [1 1 1 ... 3 3 3]]
L_ind
[[1. 0. 0. ... 1. 0. 0.]
 [1. 0. 0. ... 1. 0. 0.]
 [1. 0. 0. ... 1. 0. 0.]
 ...
 [0. 1. 0. ... 0. 0. 1.]
 [1. 0. 0. ... 0. 0. 1.]
 [1. 0. 0. ... 0. 0. 1.]]
400 64.9
145 23.5
71 11.5
1598 64.7
587 23.8
286 11.6
(3087, 57) (3087,) (775, 57) (775,)

 SNO Accuracy: 0.644
[[1109  267  222]
 [ 291  239   57]
 [  25   18  243]]

 rate=20 and ii =6
Accuracy: 0.791
Macro Precision: 0.747
Macro Recall: 0.729
Macro F1-score: 0.719

[[458  23  26]
 [ 87  72  13]
 [ 10   3  83]]
              precision    recall  f1-score   support

           0       0.83      0.90      0.86       507
           1       0.73      0.42      0.53       172
           2       0.68      0.86      0.76        96

    accuracy                           0.79       775
   macro avg       0.75      0.73      0.72       775
weighted avg       0.79      0.79      0.78       775

400 64.9
145 23.5
71 11.5
1598 64.7
587 23.8
286 11.6
(3087, 57) (3087,) (775, 57) (775,)

semi-SelfTrain Label Accuracy: 0.745
[[1538   20   40]
 [ 463  101   23]
 [  80    4  202]]
0.7450424929178471 [0.96245307 0.17206133 0.70629371]

 rate=20 and ii =6
Accuracy: 0.787
Macro Precision: 0.818
Macro Recall: 0.643
Macro F1-score: 0.663

[[512   7   8]
 [126  32   3]
 [ 21   0  66]]
              precision    recall  f1-score   support

         0.0       0.78      0.97      0.86       527
         1.0       0.82      0.20      0.32       161
         2.0       0.86      0.76      0.80        87

    accuracy                           0.79       775
   macro avg       0.82      0.64      0.66       775
weighted avg       0.79      0.79      0.74       775

400 64.9
145 23.5
71 11.5
1598 64.7
587 23.8
286 11.6
(3087, 57) (3087,) (775, 57) (775,)

semi-LabelSpread Label Accuracy: 0.687
[[1598    0    0]
 [ 499   88    0]
 [ 274    0   12]]
0.6871711857547551 [1.         0.14991482 0.04195804]

 rate=20 and ii =6
Accuracy: 0.745
Macro Precision: 0.911
Macro Recall: 0.419
Macro F1-score: 0.432

[[543   0   0]
 [131  28   0]
 [ 67   0   6]]
              precision    recall  f1-score   support

         0.0       0.73      1.00      0.85       543
         1.0       1.00      0.18      0.30       159
         2.0       1.00      0.08      0.15        73

    accuracy                           0.74       775
   macro avg       0.91      0.42      0.43       775
weighted avg       0.81      0.74      0.67       775

400 64.9
145 23.5
71 11.5
1598 64.7
587 23.8
286 11.6
(3087, 57) (3087,) (775, 57) (2471,) (2471,)

2 order Label Accuracy: 0.751
[[1505   52   41]
 [ 422  147   18]
 [  77    5  204]]
0.7511129097531364 [0.94180225 0.25042589 0.71328671]

 rate=20 and ii =6
Accuracy: 0.805
Macro Precision: 0.856
Macro Recall: 0.665
Macro F1-score: 0.692

[[518   3   9]
 [116  40   3]
 [ 20   0  66]]
              precision    recall  f1-score   support

           0       0.79      0.98      0.87       530
           1       0.93      0.25      0.40       159
           2       0.85      0.77      0.80        86

    accuracy                           0.81       775
   macro avg       0.86      0.67      0.69       775
weighted avg       0.83      0.81      0.77       775

400 64.9
145 23.5
71 11.5
1598 64.7
587 23.8
286 11.6
(3087, 57) (3087,) (775, 57) (2471,) (2471,)

3 order Label Accuracy: 0.762
[[1538   20   40]
 [ 424  145   18]
 [  80    6  200]]
0.7620396600566572 [0.96245307 0.24701874 0.6993007 ]

 rate=20 and ii =6
Accuracy: 0.805
Macro Precision: 0.870
Macro Recall: 0.667
Macro F1-score: 0.688

[[518   0  11]
 [117  39   4]
 [ 19   0  67]]
              precision    recall  f1-score   support

           0       0.79      0.98      0.88       529
           1       1.00      0.24      0.39       160
           2       0.82      0.78      0.80        86

    accuracy                           0.81       775
   macro avg       0.87      0.67      0.69       775
weighted avg       0.84      0.81      0.77       775

400 64.9
145 23.5
71 11.5
1598 64.7
587 23.8
286 11.6
(3087, 57) (3087,) (775, 57) (2471,) (2471,)

4 order Label Accuracy: 0.763
[[1540   18   40]
 [ 423  146   18]
 [  77    9  200]]
0.7632537434237151 [0.96370463 0.24872232 0.6993007 ]

 rate=20 and ii =6
Accuracy: 0.809
Macro Precision: 0.873
Macro Recall: 0.670
Macro F1-score: 0.694

[[521   0  10]
 [115  40   4]
 [ 19   0  66]]
              precision    recall  f1-score   support

           0       0.80      0.98      0.88       531
           1       1.00      0.25      0.40       159
           2       0.82      0.78      0.80        85

    accuracy                           0.81       775
   macro avg       0.87      0.67      0.69       775
weighted avg       0.84      0.81      0.77       775

Time(sec):  7.742037600000001
nodes = range(self.m)
range(0, 8)
Graph with 8 nodes and 0 edges
3 614 8
L
[[1 1 2 ... 1 2 2]
 [1 1 2 ... 1 2 2]
 [1 1 1 ... 1 1 1]
 ...
 [3 3 2 ... 1 2 2]
 [1 1 2 ... 1 2 2]
 [2 3 2 ... 1 2 2]]
L_ind
[[1. 0. 0. ... 0. 1. 0.]
 [1. 0. 0. ... 0. 1. 0.]
 [1. 0. 0. ... 1. 0. 0.]
 ...
 [0. 0. 1. ... 0. 1. 0.]
 [1. 0. 0. ... 0. 1. 0.]
 [0. 1. 0. ... 0. 1. 0.]]
3 2473 8
L
[[2 1 1 ... 1 1 1]
 [1 1 1 ... 1 1 1]
 [1 1 1 ... 1 2 2]
 ...
 [3 1 3 ... 1 1 1]
 [1 1 3 ... 3 3 3]
 [1 1 1 ... 3 3 3]]
L_ind
[[0. 1. 0. ... 1. 0. 0.]
 [1. 0. 0. ... 1. 0. 0.]
 [1. 0. 0. ... 0. 1. 0.]
 ...
 [0. 0. 1. ... 1. 0. 0.]
 [1. 0. 0. ... 0. 0. 1.]
 [1. 0. 0. ... 0. 0. 1.]]
399 65.0
145 23.6
70 11.4
1599 64.7
587 23.7
287 11.6
(3087, 57) (3087,) (775, 57) (775,)

 SNO Accuracy: 0.644
[[1125  300  174]
 [ 293  251   43]
 [  36   35  216]]

 rate=20 and ii =7
Accuracy: 0.785
Macro Precision: 0.734
Macro Recall: 0.723
Macro F1-score: 0.722

[[450  38  17]
 [ 83  81  12]
 [ 11   6  77]]
              precision    recall  f1-score   support

           0       0.83      0.89      0.86       505
           1       0.65      0.46      0.54       176
           2       0.73      0.82      0.77        94

    accuracy                           0.78       775
   macro avg       0.73      0.72      0.72       775
weighted avg       0.77      0.78      0.77       775

399 65.0
145 23.6
70 11.4
1599 64.7
587 23.7
287 11.6
(3087, 57) (3087,) (775, 57) (775,)

semi-SelfTrain Label Accuracy: 0.742
[[1556   12   31]
 [ 481   92   14]
 [  95    4  188]]
0.7424181156490093 [0.97310819 0.15672913 0.65505226]

 rate=20 and ii =7
Accuracy: 0.790
Macro Precision: 0.864
Macro Recall: 0.635
Macro F1-score: 0.654

[[520   1   8]
 [129  29   3]
 [ 22   0  63]]
              precision    recall  f1-score   support

         0.0       0.77      0.98      0.87       529
         1.0       0.97      0.18      0.30       161
         2.0       0.85      0.74      0.79        85

    accuracy                           0.79       775
   macro avg       0.86      0.63      0.65       775
weighted avg       0.82      0.79      0.74       775

399 65.0
145 23.6
70 11.4
1599 64.7
587 23.7
287 11.6
(3087, 57) (3087,) (775, 57) (775,)

semi-LabelSpread Label Accuracy: 0.685
[[1599    0    0]
 [ 500   87    0]
 [ 278    0    9]]
0.6854023453295592 [1.         0.14821124 0.03135889]

 rate=20 and ii =7
Accuracy: 0.746
Macro Precision: 0.911
Macro Recall: 0.428
Macro F1-score: 0.447

[[542   0   0]
 [132  28   0]
 [ 65   0   8]]
              precision    recall  f1-score   support

         0.0       0.73      1.00      0.85       542
         1.0       1.00      0.17      0.30       160
         2.0       1.00      0.11      0.20        73

    accuracy                           0.75       775
   macro avg       0.91      0.43      0.45       775
weighted avg       0.81      0.75      0.67       775

399 65.0
145 23.6
70 11.4
1599 64.7
587 23.7
287 11.6
(3087, 57) (3087,) (775, 57) (2473,) (2473,)

2 order Label Accuracy: 0.754
[[1544   24   31]
 [ 452  121   14]
 [  83    4  200]]
0.7541447634452082 [0.9656035  0.20613288 0.69686411]

 rate=20 and ii =7
Accuracy: 0.791
Macro Precision: 0.877
Macro Recall: 0.625
Macro F1-score: 0.653

[[523   0   7]
 [126  31   3]
 [ 26   0  59]]
              precision    recall  f1-score   support

           0       0.77      0.99      0.87       530
           1       1.00      0.19      0.32       160
           2       0.86      0.69      0.77        85

    accuracy                           0.79       775
   macro avg       0.88      0.62      0.65       775
weighted avg       0.83      0.79      0.74       775

399 65.0
145 23.6
70 11.4
1599 64.7
587 23.7
287 11.6
(3087, 57) (3087,) (775, 57) (2473,) (2473,)

3 order Label Accuracy: 0.754
[[1544   24   31]
 [ 452  121   14]
 [  84    4  199]]
0.753740396279822 [0.9656035  0.20613288 0.69337979]

 rate=20 and ii =7
Accuracy: 0.792
Macro Precision: 0.877
Macro Recall: 0.626
Macro F1-score: 0.654

[[525   0   7]
 [126  31   3]
 [ 25   0  58]]
              precision    recall  f1-score   support

           0       0.78      0.99      0.87       532
           1       1.00      0.19      0.32       160
           2       0.85      0.70      0.77        83

    accuracy                           0.79       775
   macro avg       0.88      0.63      0.65       775
weighted avg       0.83      0.79      0.75       775

399 65.0
145 23.6
70 11.4
1599 64.7
587 23.7
287 11.6
(3087, 57) (3087,) (775, 57) (2473,) (2473,)

4 order Label Accuracy: 0.757
[[1550   28   21]
 [ 438  137   12]
 [  88   15  184]]
0.7565709664375253 [0.96935585 0.23339012 0.64111498]

 rate=20 and ii =7
Accuracy: 0.796
Macro Precision: 0.874
Macro Recall: 0.638
Macro F1-score: 0.666

[[523   0   8]
 [123  35   3]
 [ 24   0  59]]
              precision    recall  f1-score   support

           0       0.78      0.98      0.87       531
           1       1.00      0.22      0.36       161
           2       0.84      0.71      0.77        83

    accuracy                           0.80       775
   macro avg       0.87      0.64      0.67       775
weighted avg       0.83      0.80      0.75       775

Time(sec):  7.9995937
nodes = range(self.m)
range(0, 8)
Graph with 8 nodes and 0 edges
3 617 8
L
[[1 1 2 ... 1 2 2]
 [1 1 1 ... 1 1 1]
 [1 1 2 ... 1 2 2]
 ...
 [2 1 2 ... 1 2 1]
 [2 1 2 ... 1 2 2]
 [1 1 2 ... 1 2 2]]
L_ind
[[1. 0. 0. ... 0. 1. 0.]
 [1. 0. 0. ... 1. 0. 0.]
 [1. 0. 0. ... 0. 1. 0.]
 ...
 [0. 1. 0. ... 1. 0. 0.]
 [0. 1. 0. ... 0. 1. 0.]
 [1. 0. 0. ... 0. 1. 0.]]
3 2470 8
L
[[1 1 1 ... 1 1 1]
 [1 1 1 ... 1 1 1]
 [1 1 1 ... 1 1 1]
 ...
 [3 1 3 ... 1 1 1]
 [1 1 1 ... 3 3 3]
 [1 1 1 ... 3 3 3]]
L_ind
[[1. 0. 0. ... 1. 0. 0.]
 [1. 0. 0. ... 1. 0. 0.]
 [1. 0. 0. ... 1. 0. 0.]
 ...
 [0. 0. 1. ... 1. 0. 0.]
 [1. 0. 0. ... 0. 0. 1.]
 [1. 0. 0. ... 0. 0. 1.]]
400 64.8
146 23.7
71 11.5
1598 64.7
586 23.7
286 11.6
(3087, 57) (3087,) (775, 57) (775,)

 SNO Accuracy: 0.654
[[1143  289  166]
 [ 301  241   44]
 [  28   27  231]]

 rate=20 and ii =8
Accuracy: 0.804
Macro Precision: 0.768
Macro Recall: 0.743
Macro F1-score: 0.745

[[464  31  15]
 [ 83  79  10]
 [ 12   1  80]]
              precision    recall  f1-score   support

           0       0.83      0.91      0.87       510
           1       0.71      0.46      0.56       172
           2       0.76      0.86      0.81        93

    accuracy                           0.80       775
   macro avg       0.77      0.74      0.74       775
weighted avg       0.80      0.80      0.79       775

400 64.8
146 23.7
71 11.5
1598 64.7
586 23.7
286 11.6
(3087, 57) (3087,) (775, 57) (775,)

semi-SelfTrain Label Accuracy: 0.770
[[1549    5   44]
 [ 421  145   20]
 [  76    2  208]]
0.7700404858299595 [0.96933667 0.24744027 0.72727273]

 rate=20 and ii =8
Accuracy: 0.818
Macro Precision: 0.880
Macro Recall: 0.687
Macro F1-score: 0.719

[[517   0   9]
 [108  50   4]
 [ 20   0  67]]
              precision    recall  f1-score   support

         0.0       0.80      0.98      0.88       526
         1.0       1.00      0.31      0.47       162
         2.0       0.84      0.77      0.80        87

    accuracy                           0.82       775
   macro avg       0.88      0.69      0.72       775
weighted avg       0.85      0.82      0.79       775

400 64.8
146 23.7
71 11.5
1598 64.7
586 23.7
286 11.6
(3087, 57) (3087,) (775, 57) (775,)

semi-LabelSpread Label Accuracy: 0.683
[[1598    0    0]
 [ 509   77    0]
 [ 273    0   13]]
0.6834008097165992 [1.         0.13139932 0.04545455]

 rate=20 and ii =8
Accuracy: 0.757
Macro Precision: 0.914
Macro Recall: 0.451
Macro F1-score: 0.481

[[541   0   0]
 [123  37   0]
 [ 65   0   9]]
              precision    recall  f1-score   support

         0.0       0.74      1.00      0.85       541
         1.0       1.00      0.23      0.38       160
         2.0       1.00      0.12      0.22        74

    accuracy                           0.76       775
   macro avg       0.91      0.45      0.48       775
weighted avg       0.82      0.76      0.69       775

400 64.8
146 23.7
71 11.5
1598 64.7
586 23.7
286 11.6
(3087, 57) (3087,) (775, 57) (2470,) (2470,)

2 order Label Accuracy: 0.745
[[1477   88   33]
 [ 414  152   20]
 [  64   10  212]]
0.7453441295546559 [0.92428035 0.25938567 0.74125874]

 rate=20 and ii =8
Accuracy: 0.815
Macro Precision: 0.836
Macro Recall: 0.701
Macro F1-score: 0.730

[[508   9  10]
 [103  57   3]
 [ 18   0  67]]
              precision    recall  f1-score   support

           0       0.81      0.96      0.88       527
           1       0.86      0.35      0.50       163
           2       0.84      0.79      0.81        85

    accuracy                           0.82       775
   macro avg       0.84      0.70      0.73       775
weighted avg       0.82      0.82      0.79       775

400 64.8
146 23.7
71 11.5
1598 64.7
586 23.7
286 11.6
(3087, 57) (3087,) (775, 57) (2470,) (2470,)

3 order Label Accuracy: 0.687
[[1386  117   95]
 [ 395  124   67]
 [  69   30  187]]
0.6870445344129554 [0.86733417 0.2116041  0.65384615]

 rate=20 and ii =8
Accuracy: 0.797
Macro Precision: 0.771
Macro Recall: 0.652
Macro F1-score: 0.669

[[511   5  10]
 [101  46  15]
 [ 19   7  61]]
              precision    recall  f1-score   support

           0       0.81      0.97      0.88       526
           1       0.79      0.28      0.42       162
           2       0.71      0.70      0.71        87

    accuracy                           0.80       775
   macro avg       0.77      0.65      0.67       775
weighted avg       0.80      0.80      0.77       775

400 64.8
146 23.7
71 11.5
1598 64.7
586 23.7
286 11.6
(3087, 57) (3087,) (775, 57) (2470,) (2470,)

4 order Label Accuracy: 0.696
[[1336  230   32]
 [ 375  201   10]
 [  60   44  182]]
0.6959514170040486 [0.83604506 0.34300341 0.63636364]

 rate=20 and ii =8
Accuracy: 0.799
Macro Precision: 0.794
Macro Recall: 0.680
Macro F1-score: 0.719

[[492  23   7]
 [ 99  69   1]
 [ 19   7  58]]
              precision    recall  f1-score   support

           0       0.81      0.94      0.87       522
           1       0.70      0.41      0.51       169
           2       0.88      0.69      0.77        84

    accuracy                           0.80       775
   macro avg       0.79      0.68      0.72       775
weighted avg       0.79      0.80      0.78       775

Time(sec):  7.8326592999999995
nodes = range(self.m)
range(0, 8)
Graph with 8 nodes and 0 edges
3 618 8
L
[[1 1 2 ... 1 2 2]
 [2 1 2 ... 1 2 2]
 [1 1 2 ... 1 2 2]
 ...
 [2 1 2 ... 1 2 2]
 [2 1 2 ... 1 2 1]
 [1 1 2 ... 1 2 2]]
L_ind
[[1. 0. 0. ... 0. 1. 0.]
 [0. 1. 0. ... 0. 1. 0.]
 [1. 0. 0. ... 0. 1. 0.]
 ...
 [0. 1. 0. ... 0. 1. 0.]
 [0. 1. 0. ... 1. 0. 0.]
 [1. 0. 0. ... 0. 1. 0.]]
3 2469 8
L
[[2 1 1 ... 1 1 1]
 [1 1 1 ... 1 1 1]
 [1 1 1 ... 1 1 1]
 ...
 [1 1 3 ... 1 1 1]
 [1 1 1 ... 3 3 3]
 [1 1 1 ... 3 3 3]]
L_ind
[[0. 1. 0. ... 1. 0. 0.]
 [1. 0. 0. ... 1. 0. 0.]
 [1. 0. 0. ... 1. 0. 0.]
 ...
 [1. 0. 0. ... 1. 0. 0.]
 [1. 0. 0. ... 0. 0. 1.]
 [1. 0. 0. ... 0. 0. 1.]]
401 64.9
146 23.6
71 11.5
1597 64.7
586 23.7
286 11.6
(3087, 57) (3087,) (775, 57) (775,)

 SNO Accuracy: 0.664
[[1141  263  193]
 [ 279  250   57]
 [  24   14  248]]

 rate=20 and ii =9
Accuracy: 0.796
Macro Precision: 0.769
Macro Recall: 0.731
Macro F1-score: 0.723

[[461  16  27]
 [ 87  72  15]
 [ 13   0  84]]
              precision    recall  f1-score   support

           0       0.82      0.91      0.87       504
           1       0.82      0.41      0.55       174
           2       0.67      0.87      0.75        97

    accuracy                           0.80       775
   macro avg       0.77      0.73      0.72       775
weighted avg       0.80      0.80      0.78       775

401 64.9
146 23.6
71 11.5
1597 64.7
586 23.7
286 11.6
(3087, 57) (3087,) (775, 57) (775,)

semi-SelfTrain Label Accuracy: 0.757
[[1506   29   62]
 [ 402  159   25]
 [  77    4  205]]
0.7573916565411097 [0.94301816 0.27133106 0.71678322]

 rate=20 and ii =9
Accuracy: 0.800
Macro Precision: 0.820
Macro Recall: 0.675
Macro F1-score: 0.695

[[506   5  14]
 [111  49   5]
 [ 19   1  65]]
              precision    recall  f1-score   support

         0.0       0.80      0.96      0.87       525
         1.0       0.89      0.30      0.45       165
         2.0       0.77      0.76      0.77        85

    accuracy                           0.80       775
   macro avg       0.82      0.68      0.70       775
weighted avg       0.81      0.80      0.77       775

401 64.9
146 23.6
71 11.5
1597 64.7
586 23.7
286 11.6
(3087, 57) (3087,) (775, 57) (775,)

semi-LabelSpread Label Accuracy: 0.690
[[1597    0    0]
 [ 495   91    0]
 [ 271    0   15]]
0.6897529364115026 [1.         0.1552901  0.05244755]

 rate=20 and ii =9
Accuracy: 0.735
Macro Precision: 0.908
Macro Recall: 0.397
Macro F1-score: 0.390

[[540   0   0]
 [134  29   0]
 [ 71   0   1]]
              precision    recall  f1-score   support

         0.0       0.72      1.00      0.84       540
         1.0       1.00      0.18      0.30       163
         2.0       1.00      0.01      0.03        72

    accuracy                           0.74       775
   macro avg       0.91      0.40      0.39       775
weighted avg       0.81      0.74      0.65       775

401 64.9
146 23.6
71 11.5
1597 64.7
586 23.7
286 11.6
(3087, 57) (3087,) (775, 57) (2469,) (2469,)

2 order Label Accuracy: 0.773
[[1507   37   53]
 [ 393  175   18]
 [  51    9  226]]
0.772782503037667 [0.94364433 0.29863481 0.79020979]

 rate=20 and ii =9
Accuracy: 0.810
Macro Precision: 0.840
Macro Recall: 0.701
Macro F1-score: 0.715

[[506   4  14]
 [110  49   5]
 [ 14   0  73]]
              precision    recall  f1-score   support

           0       0.80      0.97      0.88       524
           1       0.92      0.30      0.45       164
           2       0.79      0.84      0.82        87

    accuracy                           0.81       775
   macro avg       0.84      0.70      0.71       775
weighted avg       0.83      0.81      0.78       775

401 64.9
146 23.6
71 11.5
1597 64.7
586 23.7
286 11.6
(3087, 57) (3087,) (775, 57) (2469,) (2469,)

3 order Label Accuracy: 0.770
[[1516   33   48]
 [ 398  174   14]
 [  65    9  212]]
0.7703523693803159 [0.9492799  0.29692833 0.74125874]

 rate=20 and ii =9
Accuracy: 0.812
Macro Precision: 0.848
Macro Recall: 0.689
Macro F1-score: 0.713

[[512   4  10]
 [109  50   5]
 [ 18   0  67]]
              precision    recall  f1-score   support

           0       0.80      0.97      0.88       526
           1       0.93      0.30      0.46       164
           2       0.82      0.79      0.80        85

    accuracy                           0.81       775
   macro avg       0.85      0.69      0.71       775
weighted avg       0.83      0.81      0.78       775

401 64.9
146 23.6
71 11.5
1597 64.7
586 23.7
286 11.6
(3087, 57) (3087,) (775, 57) (2469,) (2469,)

4 order Label Accuracy: 0.769
[[1512   35   50]
 [ 395  175   16]
 [  63   11  212]]
0.7691373025516404 [0.9467752  0.29863481 0.74125874]

 rate=20 and ii =9
Accuracy: 0.812
Macro Precision: 0.845
Macro Recall: 0.687
Macro F1-score: 0.710

[[513   2  11]
 [110  49   5]
 [ 16   2  67]]
              precision    recall  f1-score   support

           0       0.80      0.98      0.88       526
           1       0.92      0.30      0.45       164
           2       0.81      0.79      0.80        85

    accuracy                           0.81       775
   macro avg       0.84      0.69      0.71       775
weighted avg       0.83      0.81      0.78       775

Time(sec):  8.5199062
nodes = range(self.m)
range(0, 8)
Graph with 8 nodes and 0 edges
3 617 8
L
[[2 1 1 ... 1 1 1]
 [1 1 1 ... 1 1 1]
 [1 1 2 ... 1 2 1]
 ...
 [1 1 2 ... 1 2 2]
 [1 1 2 ... 1 2 2]
 [1 3 2 ... 1 2 2]]
L_ind
[[0. 1. 0. ... 1. 0. 0.]
 [1. 0. 0. ... 1. 0. 0.]
 [1. 0. 0. ... 1. 0. 0.]
 ...
 [1. 0. 0. ... 0. 1. 0.]
 [1. 0. 0. ... 0. 1. 0.]
 [1. 0. 0. ... 0. 1. 0.]]
3 2470 8
L
[[1 1 1 ... 1 1 1]
 [1 1 1 ... 1 1 2]
 [1 1 1 ... 1 2 2]
 ...
 [3 1 3 ... 1 1 1]
 [1 1 3 ... 1 3 3]
 [1 1 1 ... 3 3 3]]
L_ind
[[1. 0. 0. ... 1. 0. 0.]
 [1. 0. 0. ... 0. 1. 0.]
 [1. 0. 0. ... 0. 1. 0.]
 ...
 [0. 0. 1. ... 1. 0. 0.]
 [1. 0. 0. ... 0. 0. 1.]
 [1. 0. 0. ... 0. 0. 1.]]
400 64.8
146 23.7
71 11.5
1598 64.7
586 23.7
286 11.6
(3087, 57) (3087,) (775, 57) (775,)

 SNO Accuracy: 0.676
[[1159  284  155]
 [ 269  273   44]
 [  31   18  237]]

 rate=20 and ii =10
Accuracy: 0.803
Macro Precision: 0.771
Macro Recall: 0.741
Macro F1-score: 0.740

[[462  22  21]
 [ 88  78   9]
 [ 10   3  82]]
              precision    recall  f1-score   support

           0       0.82      0.91      0.87       505
           1       0.76      0.45      0.56       175
           2       0.73      0.86      0.79        95

    accuracy                           0.80       775
   macro avg       0.77      0.74      0.74       775
weighted avg       0.80      0.80      0.79       775

400 64.8
146 23.7
71 11.5
1598 64.7
586 23.7
286 11.6
(3087, 57) (3087,) (775, 57) (775,)

semi-SelfTrain Label Accuracy: 0.759
[[1539   13   46]
 [ 434  132   20]
 [  80    2  204]]
0.7591093117408907 [0.96307885 0.22525597 0.71328671]

 rate=20 and ii =10
Accuracy: 0.795
Macro Precision: 0.863
Macro Recall: 0.652
Macro F1-score: 0.670

[[516   1   9]
 [125  33   4]
 [ 20   0  67]]
              precision    recall  f1-score   support

         0.0       0.78      0.98      0.87       526
         1.0       0.97      0.20      0.34       162
         2.0       0.84      0.77      0.80        87

    accuracy                           0.79       775
   macro avg       0.86      0.65      0.67       775
weighted avg       0.83      0.79      0.75       775

400 64.8
146 23.7
71 11.5
1598 64.7
586 23.7
286 11.6
(3087, 57) (3087,) (775, 57) (775,)

semi-LabelSpread Label Accuracy: 0.692
[[1598    0    0]
 [ 485  101    0]
 [ 276    0   10]]
0.6919028340080972 [1.         0.17235495 0.03496503]

 rate=20 and ii =10
Accuracy: 0.738
Macro Precision: 0.909
Macro Recall: 0.398
Macro F1-score: 0.392

[[542   0   0]
 [132  29   0]
 [ 71   0   1]]
              precision    recall  f1-score   support

         0.0       0.73      1.00      0.84       542
         1.0       1.00      0.18      0.31       161
         2.0       1.00      0.01      0.03        72

    accuracy                           0.74       775
   macro avg       0.91      0.40      0.39       775
weighted avg       0.81      0.74      0.66       775

400 64.8
146 23.7
71 11.5
1598 64.7
586 23.7
286 11.6
(3087, 57) (3087,) (775, 57) (2470,) (2470,)

2 order Label Accuracy: 0.766
[[1525   43   30]
 [ 402  169   15]
 [  77   11  198]]
0.7659919028340081 [0.9543179  0.2883959  0.69230769]

 rate=20 and ii =10
Accuracy: 0.813
Macro Precision: 0.874
Macro Recall: 0.681
Macro F1-score: 0.714

[[517   1   8]
 [114  49   2]
 [ 19   1  64]]
              precision    recall  f1-score   support

           0       0.80      0.98      0.88       526
           1       0.96      0.30      0.45       165
           2       0.86      0.76      0.81        84

    accuracy                           0.81       775
   macro avg       0.87      0.68      0.71       775
weighted avg       0.84      0.81      0.78       775

400 64.8
146 23.7
71 11.5
1598 64.7
586 23.7
286 11.6
(3087, 57) (3087,) (775, 57) (2470,) (2470,)

3 order Label Accuracy: 0.760
[[1512   41   45]
 [ 401  167   18]
 [  76   11  199]]
0.7603238866396761 [0.94618273 0.28498294 0.6958042 ]

 rate=20 and ii =10
Accuracy: 0.805
Macro Precision: 0.859
Macro Recall: 0.677
Macro F1-score: 0.701

[[511   1  11]
 [117  45   3]
 [ 18   1  68]]
              precision    recall  f1-score   support

           0       0.79      0.98      0.87       523
           1       0.96      0.27      0.42       165
           2       0.83      0.78      0.80        87

    accuracy                           0.81       775
   macro avg       0.86      0.68      0.70       775
weighted avg       0.83      0.81      0.77       775

400 64.8
146 23.7
71 11.5
1598 64.7
586 23.7
286 11.6
(3087, 57) (3087,) (775, 57) (2470,) (2470,)

4 order Label Accuracy: 0.766
[[1527   42   29]
 [ 404  167   15]
 [  79   10  197]]
0.765587044534413 [0.95556946 0.28498294 0.68881119]

 rate=20 and ii =10
Accuracy: 0.808
Macro Precision: 0.875
Macro Recall: 0.672
Macro F1-score: 0.702

[[517   0   9]
 [118  44   2]
 [ 19   1  65]]
              precision    recall  f1-score   support

           0       0.79      0.98      0.88       526
           1       0.98      0.27      0.42       164
           2       0.86      0.76      0.81        85

    accuracy                           0.81       775
   macro avg       0.87      0.67      0.70       775
weighted avg       0.84      0.81      0.77       775

Time(sec):  7.9242898
